X,frankfurt_urban_n_vehicles.MA[2].udpApp[0]/rcvdPkLifetime:vector
35.169640402976,0.0763847
35.173523075457,0.0702674
35.182270039693,0.0690144
35.19381234489,0.0705567
35.20472427604,0.0714686
35.212285933755,0.0690303
35.238628350291,0.0853727
35.260703881054,0.0974482
35.269076305778,0.0958206
35.272192683742,0.088937
35.274763399812,0.0815077
35.276623112174,0.0733675
35.284527232951,0.0712716
35.302593887878,0.0793382
35.30619962696,0.072944
35.312622485028,0.0693668
35.324246833171,0.0709912
35.357116373393,0.0938607
35.359036568635,0.0857809
35.364421388161,0.0811657
35.365193583403,0.0719379
35.374786833171,0.0715312
35.386988890533,0.0737332
35.395247430757,0.0719918
35.405406055281,0.0721504
35.414210846605,0.0709552
35.428104945441,0.0748493
35.438652608229,0.0753969
35.446887125482,0.0736315
35.455430846605,0.0721752
35.463329637929,0.070074
35.474291846605,0.0710362
35.482698706607,0.069443
35.493174930016,0.0699193
35.514408859823,0.0811532
35.519025081717,0.0757694
35.532064717726,0.0788091
35.533384498056,0.0701288
35.5430822854,0.0698266
35.554318859823,0.0710632
35.565829154099,0.0725735
35.578166535131,0.0749109
35.591327435779,0.0780718
35.599347737682,0.0760921
35.602845960412,0.0695903
35.613821301831,0.0705656
35.624497872835,0.0712422
35.637683440041,0.0744278
35.642584100285,0.0693284
35.654529492136,0.0712738
35.662347728616,0.0690921
35.675703440041,0.0724478
35.695910440041,0.0826548
35.697257242153,0.0740016
35.702620970679,0.0693653
35.715938464698,0.0726828
35.724169073365,0.0709134
35.750662461415,0.0874068
35.752432284901,0.0791766
35.756088885637,0.0728332
35.763229739303,0.0699741
35.775603947759,0.0723483
35.786493636668,0.073238
35.795321555027,0.0720659
35.803043032745,0.0697874
35.812473749789,0.0692181
35.822734749789,0.0694791
35.850517066477,0.0872614
35.854541594248,0.0812859
35.877691066477,0.0944354
35.879945910935,0.0866903
35.883489923573,0.0802343
35.886551768031,0.0732961
35.895559898297,0.0723042
35.907690183485,0.0744345
35.922691959959,0.0794363
35.925179232737,0.0719236
35.934803910707,0.0715483
35.966911404562,0.0936557
35.972336269498,0.0890806
35.974822134434,0.0815665
35.981648272148,0.0783926
36.006256522999,0.0930009
36.012613008131,0.0893573
36.013329637929,0.080074
36.020619378333,0.0773637
36.022389595386,0.0691339
36.03411999257,0.0708643
36.045415920061,0.0721603
36.054996055102,0.0717404
36.067511812319,0.0742562
36.072270156893,0.0690145
36.083719770094,0.0704641
36.096926041962,0.0736704
36.102716779955,0.0694611
36.112645779955,0.0693901
36.128366542719,0.0751109
36.136964337292,0.0737087
36.168628542719,0.0953729
36.169409839745,0.0861542
36.171312136771,0.0780565
36.17996118454,0.0767055
36.186370168909,0.0731145
36.193581494064,0.0703258
36.203672035734,0.0704164
36.212584174836,0.0693285
36.253495789622,0.10024
36.25605202262,0.0927964
36.279357562051,0.106102
36.280615870927,0.0973602
36.283032795049,0.0897771
36.285702412801,0.0824468
36.288243721677,0.0749881
36.306764203327,0.0835085
36.312554391173,0.0792987
36.313092711675,0.0698371
36.326126089188,0.0728704
36.332691651838,0.069436
36.345887594789,0.0726319
36.355738973072,0.0724833
36.368253832483,0.0749982
36.407070058669,0.0938144
36.408579020061,0.0853234
36.412433610969,0.079178
36.428511599321,0.0852559
36.433376190229,0.0801205
36.440150517733,0.0768949
36.444824718989,0.0715691
36.452584198074,0.0693285
36.464942440525,0.0716868
36.473760680231,0.070505
36.482584203761,0.0693285
36.504595453719,0.0813398
36.520779617431,0.087524
36.556363433222,0.103108
36.561373412724,0.0981178
36.565608688159,0.092353
36.571876906147,0.0886212
36.573880885649,0.0806252
36.579509827223,0.0762542
36.582270214979,0.0690146
36.595788617431,0.072533
36.603487220504,0.0702316
36.614713635177,0.071458
36.637324992075,0.0840693
36.640128346221,0.0768727
36.644309992075,0.0710543
36.653844483671,0.0705888
36.679608598175,0.0863529
36.693345398209,0.0900897
36.696555032497,0.0832994
36.735271652533,0.112016
36.750722838816,0.117467
36.762361849264,0.119106
36.767451531888,0.114196
36.770416524564,0.107161
36.778993484483,0.105738
36.792605852596,0.10935
36.795032885608,0.101777
36.799343206744,0.0960875
36.800079571736,0.0868239
36.810368586257,0.0871129
36.812798882766,0.0795432
36.825578275509,0.0823226
36.827833644201,0.074578
36.833865396486,0.0706097
36.844471013631,0.0712154
36.855491998692,0.0722363
36.864922279904,0.0716666
36.877275232741,0.0740196
36.894347647963,0.081092
36.898338672587,0.075083
36.903345011392,0.0700894
36.914103024127,0.0708474
36.930344566447,0.0770889
36.948572364777,0.0853167
36.951635782777,0.0783801
36.953225176699,0.0699695
36.964906031851,0.0716504
36.984994680881,0.081739
36.986260074803,0.0730044
36.995801896699,0.0725462
37.040894370304,0.107639
37.044744702367,0.101489
37.059242370305,0.105987
37.062280874286,0.0990252
37.107908081119,0.134652
37.108527487701,0.125272
37.115623387877,0.122368
37.121094584837,0.117839
37.157741178993,0.144486
37.166898492735,0.143643
37.169864935925,0.136609
37.190454076031,0.147198
37.194103044511,0.140847
37.217043036235,0.153787
37.237376702561,0.164121
37.237978119013,0.154722
37.286238733477,0.192983
37.300299062612,0.197043
37.385130405507,0.261875
37.386244831693,0.252989
37.386909257879,0.243654
37.397783089887,0.244527
37.398555516073,0.2353
37.400649011726,0.227393
37.433940763947,0.250685
37.43774965257,0.244494
37.438952166704,0.235697
37.448076742891,0.234821
37.451493306565,0.228238
37.453488076101,0.220232
37.466371815009,0.223116
37.473270087079,0.220014
37.483120996049,0.219865
37.49211952401,0.218864
37.499875793238,0.21662
37.510042601267,0.216787
37.511274297164,0.208019
37.525593764627,0.212338
37.526805301743,0.20355
37.528916838859,0.195661
37.530029375975,0.186774
37.536260838899,0.183005
37.575836528285,0.202581
37.62402513387,0.240769
37.648627791315,0.255372
37.696273352297,0.293018
37.699842611115,0.286587
37.706703853176,0.283448
37.716861127682,0.283605
37.718342709634,0.275087
37.72048899512,0.267233
37.729310336919,0.266055
37.733356222229,0.260101
37.742198910988,0.258943
37.746310659794,0.253055
37.74836694528,0.245111
37.751375127056,0.238119
37.757555009177,0.234299
37.76235317308,0.229098
37.765334819705,0.222079
37.767293986559,0.214038
37.770610272045,0.207355
37.773755572453,0.2005
37.776036875572,0.192781
37.797419691815,0.204164
37.873477994607,0.270222
37.876516956693,0.263261
37.879133136669,0.255877
37.881164316645,0.247909
37.893530381479,0.250275
37.901152362113,0.247897
37.906718619108,0.243463
37.913004074091,0.239748
37.918160167847,0.234905
37.920055793077,0.2268
37.927158455869,0.223903
37.931226793077,0.217971
37.939799843508,0.216544
37.975652554823,0.242397
37.976254035555,0.232998
37.980537805283,0.227282
37.986102743891,0.222847
37.989248096199,0.215992
37.992107304009,0.208852
38.016560441389,0.223305
38.08264503982,0.279389
38.08525973416,0.272004
38.090721144423,0.267465
38.106629817818,0.273374
38.110127036084,0.266871
38.114447862228,0.261192
38.150249135399,0.286993
38.156935115998,0.283679
38.158380783114,0.275125
38.192204383056,0.298949
38.194670547644,0.291415
38.244781021755,0.331525
38.262860131977,0.339604
38.266290039334,0.333034
38.266981544878,0.323726
38.272248138691,0.318992
38.279268055015,0.316012
38.31991456518,0.346659
38.323231337449,0.339976
38.329643353931,0.336388
38.335829317177,0.332574
38.339102557307,0.325847
38.358778846289,0.335523
38.365110462619,0.331855
38.377050035522,0.333794
38.388760742675,0.335505
38.426321159126,0.363065
38.428505886402,0.35525
38.440588349108,0.357333
38.448324999225,0.355069
38.486099889121,0.382844
38.491411806379,0.378156
38.501848958525,0.378593
38.504222054345,0.370966
38.510929001353,0.367673
38.513329637929,0.360074
38.523972591219,0.360717
38.525868854055,0.352613
38.558010266582,0.374755
38.56403408996,0.370778
38.574044103923,0.370788
38.5900002789,0.376745
38.601556432383,0.378301
38.616054446541,0.382799
38.620183739126,0.376928
38.625674533633,0.372419
38.640863665767,0.377608
38.642122221335,0.368867
38.673279267512,0.390024
38.679299741544,0.386044
38.697538171233,0.394283
38.71185918337,0.398604
38.715130707624,0.391875
38.717712251082,0.384457
38.744801141326,0.401545
38.745942684784,0.392687
38.76986265928,0.406607
38.784970970164,0.411715
38.794498181387,0.411243
38.799534202741,0.406279
38.800252749722,0.396997
38.805334440755,0.392079
38.847244738936,0.423989
38.852486621188,0.419231
38.861022034145,0.417766
38.865190572585,0.411935
38.871262435038,0.408007
38.908224155516,0.434968
38.913057737268,0.429802
38.919287558128,0.426032
38.922487123172,0.419231
38.971871459928,0.448616
39.04342146877,0.510166
39.054841780176,0.511586
39.059879330416,0.506624
39.068858626212,0.505603
39.076213917094,0.502958
39.094274202081,0.511019
39.099484351301,0.506229
39.107410294411,0.504155
39.121689240176,0.508434
39.131793315232,0.498538
39.179909768022,0.536654
39.207315131197,0.554059
39.210031306172,0.536776
39.292529442144,0.609274
39.29325701923,0.600001
39.30773424804,0.604479
39.315251669695,0.601996
39.320347371327,0.587092
39.353487974015,0.610232
39.357117475725,0.603862
39.387852010833,0.604596
39.390873900423,0.597618
39.397665854973,0.59441
39.400814263698,0.587559
39.403329637929,0.580074
39.44152132249,0.598266
39.449311463555,0.596056
39.462998502482,0.599743
39.464758543899,0.591503
39.599025246176,0.62577
39.607839242268,0.624584
39.729018859098,0.715763
39.753203623622,0.719948
39.76671059892,0.723455
39.767465205494,0.71421
39.860129049006,0.756873
39.860739660968,0.747484
39.946653922425,0.743398
39.951097131709,0.737841
39.955289602148,0.732034
40.087348103693,0.814092
40.088570725921,0.805315
40.090136348149,0.796881
40.090899970377,0.787644
40.092954615844,0.779699
40.095759040381,0.772503
40.166644982928,0.793389
40.172266554953,0.789011
40.17656451771,0.783309
40.204064042152,0.750808
40.209112545436,0.745857
40.235411949416,0.642156
40.28982432342,0.626569
40.294103269939,0.620848
40.295379901949,0.612124
40.298700343091,0.605445
40.352195937208,0.55894
40.404130279145,0.600875
40.409883967559,0.596628
40.412973915385,0.559718
40.42860370391,0.555348
40.436351481881,0.553096
40.442243216317,0.548988
40.537714587889,0.634459
40.545289138327,0.632033
40.548595735822,0.62534
40.555072152316,0.611816
40.559250223059,0.555995
40.562554227031,0.549299
40.568432861607,0.545177
40.65318874654,0.559933
40.656661726485,0.553406
40.708611624626,0.595356
40.741772593837,0.608517
40.745637575627,0.602382
40.749835263031,0.59658
40.768842060389,0.605586
40.77975279979,0.606497
40.781756888468,0.588501
40.788100639621,0.584845
40.797271476387,0.584016
40.857408519026,0.624153
40.86004283461,0.596787
40.861436492402,0.588181
40.90496052492,0.621705
40.907810408098,0.614555
40.950404048459,0.617148
40.957258025335,0.614002
40.96342473266,0.610169
40.987694747086,0.624439
40.990995070122,0.617739
40.996465114891,0.583209
40.997669776409,0.544414
41.048359637469,0.575104
41.051738958179,0.568483
41.05760908422,0.564353
41.070069854735,0.536814
41.070671519885,0.527416
41.074277984692,0.521022
41.104693154931,0.501437
41.156451327293,0.543196
41.197175895704,0.57392
41.209473663764,0.576218
41.210930335682,0.567675
41.270465361008,0.60721
41.369574513842,0.616319
41.371682625895,0.608427
41.46877008576,0.635514
41.602729473811,0.759474
41.630038309053,0.776783
41.652653699283,0.789398
41.653793884509,0.780538
41.656975520965,0.77372
41.667190865911,0.773935
41.738160068856,0.824904
41.741908871408,0.818653
41.743212558192,0.809957
41.759709910249,0.816454
41.818079929768,0.864824
41.819275620378,0.85602
41.823918052568,0.850662
41.825680752551,0.832425
41.833224570611,0.759969
41.883329637929,0.770074
41.884525591564,0.76127
41.885956282174,0.752701
41.890582930035,0.747327
41.970520927289,0.707265
41.983051213111,0.709796
44.613801198193,0.110546
44.641444299477,0.128189
44.665974146308,0.132718
44.699135369178,0.14588
44.7011941266,0.137938
44.706265933524,0.13301
44.725280245616,0.132025
44.758051902894,0.134796
44.759398659936,0.126143
44.760198709818,0.116943
44.767507809205,0.114252
44.769363908969,0.106108
44.774636715892,0.101381
44.776694472934,0.0934388
44.783027572698,0.0897719
44.810844945619,0.0975893
44.822459499337,0.0992038
44.839066242525,0.105811
44.846825193349,0.10357
44.894818193349,0.131563
44.938733191093,0.165478
44.966400239624,0.183145
44.970068288156,0.176813
45.03884657997,0.205591
45.101411380215,0.248156
45.121130358252,0.247875
45.15070705567,0.257451
45.161913234281,0.258658
45.167610049301,0.244354
45.177328794135,0.234073
45.178038841547,0.224783
45.194695234282,0.23144
45.195414281694,0.222159
45.202958924614,0.209703
45.204236096166,0.20098
45.2087009254,0.195445
45.258835873392,0.21558
45.26106229727,0.207807
45.261664344188,0.198409
45.26532223183,0.192067
45.281633138777,0.198377
45.338997242332,0.215742
45.343089460557,0.209834
45.357954183046,0.204699
45.35870022952,0.195445
45.361372275994,0.188117
45.402099532264,0.198844
45.451274463274,0.238019
45.468062181276,0.244807
45.509300134798,0.256044
45.519192179568,0.255937
45.547574858573,0.264319
45.568539608631,0.255284
45.574899179568,0.251644
45.575438225272,0.242183
45.579890949982,0.236635
45.580447995686,0.227192
45.614889575589,0.231634
45.628906578801,0.235651
45.678582711704,0.265327
45.710209176439,0.276954
45.712972221501,0.269717
45.770585311621,0.31733
45.806339174981,0.323084
45.807676890517,0.314421
45.836795845733,0.32354
45.838981890517,0.315726
45.853963174981,0.320708
45.91049821812,0.357243
45.95624784183,0.372992
45.983991643642,0.380736
45.994512173594,0.371257
45.99649121812,0.363236
46.000649597804,0.357394
46.006585971266,0.34333
46.01678917228,0.343534
46.03500717228,0.341752
46.04911117228,0.345856
46.053242548246,0.339987
46.087121695194,0.353866
46.092214739496,0.348959
46.10820345043,0.354948
46.148095889881,0.38484
46.167661432991,0.394406
46.195226301646,0.401971
46.237455169859,0.4142
46.312692665431,0.459437
46.3567944522,0.473539
46.358150155246,0.464894
46.366053120099,0.462797
46.371741621606,0.458486
46.445147541664,0.491892
46.447540585248,0.484285
46.453864167686,0.480609
46.45806921127,0.474814
46.50270748234,0.499452
46.508990040483,0.495734
46.518717389108,0.495462
46.521045088056,0.487789
46.535715531576,0.49246
46.552819210131,0.499564
46.585658210131,0.512403
46.608871295725,0.515616
46.616242079466,0.512986
46.620361084116,0.507105
46.666114165762,0.532859
46.694269165762,0.541014
46.695960209084,0.532705
46.697382252406,0.524127
46.701640298667,0.518385
46.705261646119,0.512006
46.734764164879,0.511509
46.754511164879,0.511256
46.768837164879,0.515582
46.78105421928,0.517799
46.794197434911,0.520942
46.852108336395,0.568853
46.856115205372,0.56286
46.881027857463,0.567772
46.891636416895,0.568381
46.892220460003,0.558965
46.898006803895,0.554751
46.909172484088,0.545917
46.946666940916,0.563411
46.948949632698,0.555694
46.95076432448,0.547509
46.99699119543,0.573736
46.999642887212,0.566387
47.001108930187,0.557853
47.007554162287,0.554299
47.020627205221,0.557372
47.021874895369,0.548619
47.031905423887,0.54865
47.052740895367,0.549485
47.094603704777,0.581348
47.11826243914,0.595007
47.119025482073,0.58577
47.163088247261,0.619833
47.164987935925,0.611732
47.169104710309,0.605849
47.185790161545,0.612535
47.224449160839,0.621194
47.275700160839,0.642445
47.326617160195,0.653362
47.332264775849,0.639009
47.375779202928,0.662524
47.405763980227,0.662508
47.409057022907,0.655801
47.422482926531,0.659227
47.444642503897,0.671387
47.450932407522,0.657677
47.459231376448,0.655976
47.461281461808,0.648026
47.468382473414,0.645127
47.471386516094,0.638131
47.475088159594,0.631832
47.477256202274,0.624001
47.568870159026,0.665614
47.569508201654,0.656253
47.592304317331,0.659049
47.598399564959,0.655144
47.625889158491,0.672633
47.627337201075,0.664082
47.673164078406,0.679908
47.678758760962,0.675503
47.707629200537,0.694374
47.742282200537,0.719027
47.775062612497,0.721807
47.776662294057,0.713407
47.778782975617,0.705527
47.796924434492,0.703669
47.83484246161,0.731587
47.843810157536,0.720554
47.856630722006,0.723375
47.861461026082,0.718205
47.889313031512,0.736057
47.891553074018,0.728297
47.935300879376,0.752045
47.987170418696,0.753915
47.98899646117,0.745741
47.990678503644,0.737423
48.050398241604,0.767143
48.064188156719,0.770932
48.065358199163,0.762103
48.083945156719,0.770689
48.086689199163,0.763434
48.124305156375,0.781049
48.125015198793,0.77176
48.125725241211,0.76247
48.158020909011,0.774765
48.160915587335,0.76766
48.16639152841,0.763136
48.171979613246,0.758724
48.176874126025,0.753618
48.186663156375,0.753407
48.218786135811,0.77553
48.260622475126,0.797367
48.289828198442,0.806573
48.302299566852,0.799044
48.330419158176,0.807163
48.346448693549,0.803193
48.378400198123,0.825145
48.398954221605,0.835699
48.399502263975,0.826247
48.407628617033,0.824373
48.458287240171,0.845032
48.458835282521,0.83558
48.460419324871,0.827164
48.464566903917,0.811311
48.569058282221,0.865803
48.571227324553,0.857972
48.609139459037,0.875884
48.629316501354,0.876061
48.633336628302,0.870081
48.635340303872,0.862085
48.638840480964,0.855585
48.640899700372,0.847644
48.64581064245,0.842555
48.651433727082,0.838178
48.703102239614,0.869847
48.707893589918,0.864638
48.70866663222,0.855411
48.710141674522,0.846886
48.711452349674,0.838197
48.715850290526,0.822595
48.728694239392,0.825439
48.736686716602,0.823431
48.738008758904,0.814753
48.741387066906,0.798131
48.755052154789,0.801796
48.804008154603,0.830752
48.811567196891,0.828312
48.81864176592,0.825386
48.863199847031,0.819944
48.872306606386,0.819051
48.875422281166,0.812167
48.878642365742,0.805387
48.89377639996,0.810521
48.920061225592,0.826806
48.96666119671,0.853406
48.972978997984,0.849723
48.989312147385,0.856056
49.061911374368,0.888656
49.080484418006,0.897229
49.082558460272,0.889303
49.12059095475,0.917335
49.12647347973,0.903218
49.129955521986,0.8967
49.150100280902,0.906845
49.204413154006,0.941157
49.226150154006,0.952894
49.232137827592,0.948882
49.246491196254,0.953236
49.340117500189,1.01686
49.345828804653,1.01257
49.35850591172,1.01525
49.378004238366,1.02475
49.390716196128,1.02746
49.391480238368,1.01822
49.428366804115,1.03511
49.429553846347,1.0263
49.441624646177,1.02837
49.53808519591,1.04483
49.545360761,1.03211
49.580248238135,1.04699
49.603801153595,1.06055
49.610463999635,1.04721
49.616105675363,1.04285
49.656231868576,1.06298
49.688408456903,1.08515
49.723864153515,1.10061
49.732323677245,1.09907
49.743810153515,1.09055
49.752705650663,1.06945
49.755353153514,1.0621
49.75682819573,1.05357
49.770335104706,1.04708
49.775378668474,1.02212
49.777436341078,1.01418
49.778227383294,1.00497
49.789687195731,0.996432
49.830220195652,1.02696
49.833953322282,1.0207
49.867306498364,1.04405
49.868752170826,1.0355
49.869543213036,1.02629
49.880903214207,1.02765
49.883972153444,1.02072
49.888957195654,1.0157
49.909223195581,1.02597
49.9567616755,1.04351
49.97239623779,1.04914
49.986726664569,1.03347
50.010865077534,1.04761
50.020136195522,1.04688
50.066965783332,1.05371
50.070177825534,1.04692
50.075947153319,1.04269
50.122106042998,1.05885
50.122699085198,1.04944
50.123891153268,1.04064
50.127364909778,1.03411
50.127948951978,1.02469
50.177514078576,1.05426
50.183127792886,1.04987
50.206513532223,1.06326
50.254618255913,1.09136
50.259028298109,1.08577
50.288917841292,1.10566
50.290833883488,1.09758
50.314557153179,1.1113
50.321168539236,1.10791
50.327117153178,1.10386
50.361570825111,1.11832
50.362872497043,1.10962
50.390059690346,1.1168
50.395625992016,1.11237
50.39636303421,1.10311
50.398828076404,1.09557
50.404725968043,1.09147
50.410762094613,1.08751
50.412863136803,1.07961
50.418303028369,1.07505
50.432575633981,1.07932
50.436730412473,1.07347
50.495862993153,1.07261
50.514689360474,1.08143
50.515489402662,1.07223
50.516863706388,1.06361
50.526303153107,1.06305
50.569375195295,1.08612
50.631528824802,1.11827
50.634279496528,1.11102
50.638683797794,1.10543
50.63946583998,1.09621
50.640076882166,1.08682
50.651768114238,1.07851
50.654962333958,1.07171
50.67578643633,1.08253
50.703106496416,1.08985
50.739509306347,1.11625
50.742055348531,1.1088
50.754755153048,1.1115
50.766026541508,1.11277
50.810534279567,1.13728
50.822133993368,1.13888
50.827784213097,1.13453
50.832063926899,1.12881
50.865095712955,1.15184
50.915407195182,1.18215
50.916681866756,1.17343
50.957746041176,1.19449
50.965756152218,1.1825
50.968535236582,1.17528
50.976347564228,1.16309
50.983229277984,1.15997
50.989100973105,1.14585
51.012874083215,1.14962
51.019432148829,1.13618
51.020241191009,1.12699
51.05072575796,1.13747
51.063031362941,1.12978
51.066201169851,1.12295
51.081150195154,1.12789
51.081950237334,1.11869
51.087912538218,1.11466
51.092447580398,1.10919
51.117963968772,1.11471
51.12866623069,1.11541
51.151328824454,1.10807
51.15726615296,1.10401
51.16203225697,1.09878
51.192742749083,1.09949
51.243440316474,1.14018
51.323397510615,1.21014
51.381465552133,1.25821
51.386312265739,1.25306
51.418440880269,1.27519
51.486650237264,1.33339
51.553453622097,1.3902
51.584187152901,1.41093
51.591960082681,1.4087
51.622932195065,1.40968
51.649362495602,1.41611
51.661941602901,1.41869
51.672137987785,1.41888
51.678370701315,1.41512
51.688049152891,1.41479
51.690466824247,1.40721
51.696989166959,1.40373
51.7184867117,1.40523
51.724278152881,1.40102
51.749567082541,1.41631
51.756595279402,1.41334
51.758016321576,1.40476
51.764626782043,1.39137
51.771580086146,1.38832
51.806433100113,1.40318
51.812376400573,1.39912
51.822324114061,1.39907
51.840119245505,1.37686
51.851497237214,1.37824
51.870851428741,1.3776
51.890636824187,1.37738
51.893846152871,1.37059
51.899926237215,1.36667
51.901263908515,1.35801
52.065174352884,1.49192
52.166479979665,1.57322
52.175639237194,1.57238
52.179002498311,1.56575
52.196607405033,1.57335
52.203170592678,1.55991
52.237173967121,1.57392
52.286618152843,1.58336
52.289767195013,1.57651
52.292194443113,1.56894
52.310215991796,1.57696
52.315173225538,1.57192
52.327720354981,1.56446
52.334114490321,1.56086
52.378875556555,1.58562
52.385966387776,1.58271
52.390552528266,1.5773
52.442165736102,1.60891
52.445492407342,1.60224
52.486541310774,1.62329
52.488745352944,1.61549
52.494814196077,1.61156
52.505993114165,1.61274
52.550677090864,1.64742
52.551432133034,1.63818
52.556104176025,1.63285
52.595027746484,1.66177
54.004705452625,1.92145
54.058085439181,1.94483
54.066877346589,1.94362
54.068100388757,1.90484
54.171446428631,1.98819
54.18538232821,1.98213
54.195701926295,1.98245
54.274425925991,2.04117
54.284423926142,2.04117
54.332969623464,2.07971
54.380142081944,2.05689
54.4219097038,2.07865
54.429601429643,2.06635
54.545738780542,2.13248
54.644074518825,2.19082
54.688539736892,2.17528
54.68986187724,2.14661
54.691121919408,2.13787
54.695759781782,2.1125
54.712870875743,2.11962
54.747981960424,2.14473
55.2688834155,2.63563
55.278533678768,2.63528
55.28420615279,2.63095
55.369549336453,1.36629
55.376026678759,1.36277
55.377175349913,1.35392
55.380160598003,1.3469
55.39398115279,1.34073
55.415396202096,1.35214
55.526218188781,1.44296
55.576854083517,1.4736
55.579681852848,1.46643
55.664148462836,1.52089
55.717256407569,1.554
55.722062393556,1.54881
55.805580136087,1.61232
55.830583292774,1.62733
55.860120897044,1.64687
55.860695939212,1.63744
55.945484274309,1.59223
55.997373510831,1.62412
56.067336371723,1.65408
56.130766389437,1.68751
56.132621158768,1.67937
56.14275460648,1.6795
56.146508425657,1.67325
56.166447103764,1.67319
56.28884088245,1.74559
56.289415924618,1.73616
56.323411772016,1.71016
56.33638554874,1.71313
56.496683242928,1.83343
56.498077285096,1.82482
56.682929507854,1.92967
56.735483772712,1.97223
56.834346023084,2.00109
56.849104835874,2.00585
56.853828152788,1.99057
56.935132213462,2.00188
56.93651825563,1.99326
56.96273241389,1.97948
56.989509686712,1.99625
57.039855521954,2.0366
57.21697085836,2.15372
57.246454074631,2.1732
57.262129478584,2.11887
57.316868452409,2.16361
57.321428825082,2.15817
57.355435999402,2.16218
57.389845116057,2.18659
57.487820241492,2.23456
57.508051453091,2.1748
57.515826666713,2.11257
57.52649635471,2.10324
57.537524293133,2.10427
57.635716278413,2.09246
57.6992854658,2.14603
57.719896611315,2.15664
57.784389853822,2.16113
57.796406685968,2.12315
57.885056291738,2.1618
57.921591602985,2.18834
57.922758274135,2.1795
57.924044451738,2.17079
57.932394765567,2.15914
57.936154168084,2.1529
57.942519719116,2.14926
57.948853472512,2.1056
57.995658194956,2.1124
57.996359237124,2.1031
58.037518152788,2.12426
58.040503823938,2.11725
58.175985619096,2.23273
58.277962194956,2.31471
58.304793418001,2.33154
58.350465504919,2.35721
58.370650193033,2.36739
58.373047277368,2.35979
58.383918152788,2.35066
58.387758237124,2.3245
58.391116006453,2.31786
58.396495637797,2.31324
58.399606308947,2.30635
58.400928351115,2.29767
58.40828908995,2.28503
58.475388502916,2.31213
58.490046395527,2.31679
58.52755488069,2.3343
58.567747987043,2.34449
58.602825097005,2.35957
58.659113551099,2.39586
58.724979194956,2.44172
58.728973456895,2.43572
58.786983702114,2.47373
58.853142804217,2.46989
58.905624073317,2.51237
58.910189199821,2.47693
58.912113419592,2.46886
58.91285046176,2.45959
59.098298297786,2.60504
59.122789250579,2.61953
59.124246292747,2.59099
59.179198765668,2.61594
59.181041884058,2.60779
59.190019726272,2.60676
59.305389354487,2.52213
59.380645937884,2.41739
59.503141788892,2.25989
59.708428453811,2.40517
59.738183154423,2.42493
59.741873196591,2.35862
59.848055069803,2.4148
59.865225396812,2.40197
59.890607507001,2.41735
59.896842340746,2.41359
59.899472463778,2.40622
59.917771486114,2.35452
59.946348399156,2.36309
59.963389109033,2.37013
60.062178408308,2.40892
60.121028733508,2.30777
60.168195037878,2.25494
60.175976236689,2.19272
60.23309913404,2.22984
60.299323875173,2.27607
60.301756040374,2.2685
60.30387012471,2.26061
60.309423879806,2.25617
60.332746777237,2.26949
60.386049395202,2.31279
60.391410603148,2.30815
60.438455314461,2.3252
60.560704562621,2.40745
60.589475903567,2.40622
60.666897156328,2.46364
60.677368582769,2.46411
60.680505296087,2.45725
60.681755338255,2.4485
60.683129009405,2.43987
60.690641943058,2.43739
60.691910076819,2.42865
60.699898957301,2.42664
60.700662999469,2.41741
60.735997303578,2.44274
60.800409351018,2.48715
60.827061331864,2.50381
60.841089334897,2.50783
61.409080986875,3.04583
61.46457214928,3.09132
61.469402896652,3.08615
61.533963152788,3.13071
61.570574340975,3.14732
61.608181249969,3.17493
61.691185338068,3.23793
61.698429174324,3.23517
61.707941612438,3.23469
61.843139339164,3.33988
61.867836040018,3.35458
61.939830493397,3.35657
61.941683535565,3.29843
61.942384577733,3.25913
61.949728262333,3.25647
61.967207311234,3.26395
62.019468410043,3.29621
62.035706014386,2.93245
62.190766422385,2.90751
62.226144284977,2.93289
62.260279479157,2.90702
62.352493091145,2.87924
62.402428788453,2.86917
62.492501273653,2.84925
62.493837152788,2.84058
62.502964121193,2.81971
62.505541868565,2.81229
62.524768277758,2.82151
62.668316048456,2.92506
62.687640122818,2.93438
62.71831081114,2.93506
62.728886413021,2.91563
62.787622916757,2.86437
62.819673286159,2.76642
62.927609326873,2.72435
62.987177194956,2.71392
63.012514006322,2.72926
63.021285451364,2.71803
63.029399028871,2.71614
63.23577341226,2.63252
63.292039419538,2.66878
63.312350578095,2.67909
63.393650679584,2.7304
63.399209668057,2.72595
63.400522710225,2.60727
63.428924396091,2.62567
63.485765293134,2.59251
63.486358335302,2.5831
63.506316276308,2.59306
63.588859784236,2.5956
63.592389025659,2.58913
63.610176475302,2.59692
63.91597684353,2.81272
63.97829805289,2.86504
64.013091177214,2.88984
64.086822534969,2.95357
64.299306515977,3.11605
64.346576784798,3.15332
64.347322826966,3.14407
64.491230699773,3.25798
64.572936907836,3.29968
64.590308083368,3.29705
64.948491733874,3.56524
64.956039770503,3.56278
64.957595812671,3.52434
65.395427812659,3.56217
65.922267864074,3.56901
66.019791968289,3.61654
66.311264270928,3.86801
66.352480428265,3.89922
66.420601642983,3.95735
66.526214731547,3.97296
66.617821034872,3.92457
66.638728430128,3.93547
66.644486300902,3.91123
66.721675674428,3.94842
66.748899466331,3.96564
66.751137633465,3.95788
66.948406859824,3.56515
67.014576152788,3.33132
67.080377008319,3.15712
67.124813033014,3.15156
67.303161951229,2.77991
67.397681040033,2.69443
67.402870386354,2.62961
67.609581003462,2.75633
67.791729448698,2.78847
67.997198858115,2.93394
68.021512859823,2.93826
68.103444782213,2.96019
68.179322110381,2.95607
68.217263251105,2.94401
68.219742964423,2.93649
68.281897260278,2.97864
68.285115963636,2.97186
68.297000078865,2.97374
68.493438774404,3.12018
68.550657797231,3.1274
68.768528739212,3.16527
68.802734546024,3.18948
68.875644208937,3.23239
68.885899686187,3.23264
68.887221728355,3.21397
68.997479451505,3.25422
69.137395667477,3.38414
69.15311332257,3.38986
69.224100478887,3.38084
69.309136070008,3.42588
69.329103438774,3.39585
69.373024155676,3.34977
69.512171389069,3.46892
69.536264658138,3.44301
69.547940693669,3.32469
69.548497735837,3.31524
69.557574342816,3.29432
69.562052126733,3.2788
69.592996651065,3.26974
69.660025544797,3.28677
69.661248600947,3.27799
69.804017152788,3.36076
69.844617266687,3.39136
69.851867774061,3.33861
69.853211914408,3.32996
70.225562742538,3.13231
70.290297483129,3.18704
70.461259733132,3.288
70.466095383927,3.28284
70.558170984218,3.35492
70.98002372446,3.69677
71.073990152788,3.28073
71.102335282132,3.28908
71.243766700324,3.25051
71.244413742492,3.24116
71.264454551923,3.2412
71.27662307335,3.09337
71.430802033492,3.18755
71.517775578295,3.21452
71.53442114527,2.99117
71.585273435161,2.99202
71.589343254425,2.98609
71.699431027809,2.99618
71.863864152788,2.94061
71.959275424785,2.99602
72.056220315254,2.92296
72.106581925804,2.91333
72.173153606117,2.9299
72.175730906249,2.92248
72.190661363626,2.89741
72.219716553182,2.91646
72.221928224332,2.89867
72.336438656201,2.87318
72.343509365627,2.84025
72.376378386415,2.86312
72.384008152788,2.77075
72.451837549646,2.78858
72.454179152788,2.75092
72.464017152788,2.72076
72.504805410211,2.74155
72.582978425631,2.77972
72.650126389945,2.76687
72.690719923141,2.73746
72.698207877337,2.73495
72.70630466349,2.68305
72.707122705658,2.67387
72.711365409016,2.66811
72.767312196738,2.48406
72.796624955134,2.50337
72.815960393841,2.5127
72.819493542593,2.50624
72.831648481046,2.50839
72.836980715654,2.50373
72.839450919918,2.4962
72.855751870254,2.4625
72.859170417061,2.38591
72.94972190955,2.26647
72.994282927861,2.28103
72.995440599011,2.27218
73.221586611769,2.22833
73.348738355742,2.28548
73.372415192787,2.29916
73.387034251106,2.30378
73.433626246861,2.34037
73.435660289029,2.3324
73.494580328696,2.38132
73.558384217204,2.41513
73.611037875738,2.45778
73.616743152788,2.45349
73.62253511411,2.43928
73.723267540332,2.32001
73.727254417404,2.314
73.775269152788,2.34201
73.782015774892,2.32876
73.784590492232,2.32133
73.7863625344,2.27311
73.788486576568,2.26523
73.883778336639,2.34052
74.014130522264,2.39087
74.020801624029,2.31755
74.136656962092,2.4134
74.174175769738,2.41092
74.224386152788,2.40113
74.273498367646,2.44024
74.291883818097,2.40863
74.296265563623,2.39301
74.392473358896,2.45922
74.456640846186,2.42339
74.461234404282,2.35798
74.466502173749,2.35325
74.648640217762,2.46538
74.688006039734,2.43475
74.693452389892,2.4202
74.753104053341,2.40985
74.757355353473,2.3641
74.758747024623,2.35549
74.761563066791,2.34831
74.765969737941,2.33271
74.837110113054,2.22385
74.838243155222,2.21499
74.843810229598,2.21055
74.89067078282,2.10742
74.992581547499,2.15933
74.993828152788,2.10057
75.197144190547,2.25389
75.351107430948,2.35785
75.715779302468,2.66252
75.776278767205,2.70302
75.80296041433,2.7197
75.82997678257,2.71672
75.830623824738,2.70737
75.838316208938,2.70506
75.866874090787,2.71362
75.939180717182,2.72593
75.977416368042,2.65416
75.983495598474,2.61024
75.997442899097,2.60419
76.040556130341,2.5273
76.045679462681,2.50242
76.062876673358,2.47962
76.067120566207,2.47386
76.069863640583,2.43661
76.200373543416,2.50712
76.227136271515,2.39388
76.268560237124,2.3953
76.339309466625,2.24605
76.368828053341,2.21557
76.374845152788,2.16159
76.377748823938,2.15449
76.399256583889,2.156
76.419093804769,2.15584
76.430277302467,2.15702
76.525055184996,2.2318
76.532992479441,2.22974
76.535500150591,2.22224
76.570136031341,2.21688
76.57262180067,2.20937
76.579021777991,2.19577
76.587657453996,2.1944
76.601982276063,2.19873
76.736354214548,2.2931
76.74931766343,2.29606
76.750486705598,2.27723
76.801742051061,2.29849
76.813157241146,2.2799
76.821942545839,2.27869
76.877648601208,2.00439
76.883519336907,2.00026
76.89031710468,1.99706
76.900000549272,1.94674
76.90080959144,1.93755
76.96251169367,1.98926
77.075305871515,2.07205
77.124910503721,2.10165
77.180977039733,2.13772
77.183178710883,2.12992
77.185148888486,2.12189
77.187928930654,2.11467
77.193113859768,2.10986
77.224194266936,2.12094
77.226851449451,2.1036
77.228372491619,2.09512
77.239890694318,2.08664
77.257080728692,2.09383
77.284897590329,2.09164
77.291177180633,2.06792
77.294647152788,2.06139
77.295411194956,2.00216
77.337056683952,2.0238
77.411760698787,2.07851
77.422700087277,2.07944
77.423239129445,2.06998
77.479991823938,2.08674
77.487339814812,2.06408
77.83970923712,2.34645
77.855361767637,2.33211
77.870700351471,2.27744
77.92057953166,2.31732
77.922908615996,2.30965
78.048922171623,2.37567
78.053200275551,2.36994
78.088515302468,2.39526
78.119157172106,2.4059
78.133837152788,2.38058
78.160544619012,2.39729
78.224901601571,2.43165
78.260124180081,2.43687
78.351557208937,2.4083
78.377872208938,2.42462
78.379768880088,2.40651
78.381126922256,2.32787
78.386109593406,2.32285
78.430648196342,2.21739
78.462188317214,2.22893
78.470045010745,2.21679
78.528627184996,2.25537
78.571837555253,2.27858
78.574764152788,2.27151
78.581220710884,2.25797
78.602655403256,2.2694
78.641933453374,2.26868
78.656516664875,2.27326
78.731684890954,2.26843
78.93794214647,2.37469
78.939490188638,2.36623
79.045198347446,2.39194
79.073530880205,2.41028
79.083939444436,2.41068
79.086418622038,2.40316
79.112319323499,2.41906
79.115645994649,2.41239
79.121496923763,2.39824
79.15582375816,2.42257
79.238401119656,2.44515
79.239913161824,2.43666
79.368228369423,2.53497
79.371080535111,2.51782
79.412358071942,2.5091
79.457585414096,2.53433
79.47625247536,2.443
79.483891152788,2.26064
79.520545032931,2.28729
79.524575169173,2.27132
79.667014307256,2.36376
79.67538009642,2.36212
79.703329637929,2.38007
79.723456987659,2.3702
79.732542698223,2.35929
79.742395958533,2.33914
79.750061464587,2.33681
79.753240568515,2.29998
79.756603239665,2.29335
79.764818087933,2.25156
79.835374184995,2.28212
79.90210297909,2.28885
79.926665603084,2.30341
79.934907576527,2.28165
79.939902683109,2.27665
79.941602725277,2.26835
79.944044152788,2.25079
79.972155554234,2.2489
80.001080392453,2.25782
80.003148434621,2.24989
80.011247804071,2.23799
80.258617361211,2.45536
80.366742213811,2.54349
80.39375453958,2.5505
80.43328166717,2.56003
80.452805702905,2.56955
80.606184020398,2.67293
80.643836279357,2.70058
80.657093428535,2.67384
80.685369214547,2.66211
80.687191354894,2.61394
80.690722026044,2.60747
80.69738091129,2.60413
80.839365256924,2.70611
80.842761557056,2.61951
80.908464983064,2.65521
80.94634956213,2.64309
80.949763862262,2.60651
80.95039290443,2.57714
80.952452118505,2.5692
80.995464241195,2.56221
80.996030283363,2.55277
80.998280325531,2.54502
81.05713534502,2.49388
81.06145974279,2.2982
81.093281452587,2.30003
81.221029305753,2.26777
81.224569194956,2.26131
81.33541878177,2.24216
81.444760862732,2.28151
81.464649974597,2.29139
81.547776356903,2.30452
81.921917590363,2.58866
81.926028214548,2.58277
81.973525593784,2.62027
81.999393896084,2.59614
82.000949938252,2.58769
82.006192787005,2.58294
82.064739661717,2.61148
82.135917402719,2.60266
82.15775676444,2.6145
82.247210472512,2.68395
82.252312578912,2.67906
82.312070986453,2.72882
82.32013534105,2.72688
82.560634378069,2.88738
82.562235420237,2.87898
82.582535328678,2.88928
82.585947177431,2.88269
82.625741507575,2.90249
82.730551947189,2.8673
82.731252989357,2.848
82.734656152788,2.8414
82.806121478993,2.83287
82.845826533919,2.80257
82.849246576087,2.79599
82.85981041317,2.79655
82.866111196538,2.78286
83.364596645378,3.15134
83.416702856145,3.17345
83.475668152544,3.19241
83.514585929477,3.09133
83.608955193597,2.9657
84.826670194955,4.16341
84.829252237123,4.126
84.918071924721,2.34482
84.930467540961,2.34721
84.970835318721,2.27758
85.007833823938,2.28458
85.037636594519,2.28438
85.085387194956,2.31213
85.093945152788,2.30069
85.098757251106,2.2955
85.135317152787,2.32206
85.146828194956,2.32357
85.44009653798,2.43684
85.763819152788,2.60056
85.766132823938,2.59288
85.767346866106,2.58409
85.776724372559,2.53347
85.786039110558,2.53278
85.834459253913,2.5412
86.015098004237,2.70184
86.022978405064,2.69972
86.023526447232,2.68027
86.051689410752,2.50843
86.154109050715,2.52085
86.284314632863,2.60106
86.424272055998,2.47102
86.424982098166,2.46173
86.45045551544,2.4272
86.451120557608,2.41786
86.458406319921,2.41515
86.463864152788,2.41061
86.469053823938,2.3958
86.517078781692,2.43382
86.575537118374,2.37228
86.642543308798,2.38929
86.645285194956,2.38203
86.653954152788,2.2907
86.715506152787,2.33225
86.787348422352,2.33409
87.094449152788,2.29119
87.201173602684,2.34792
87.21069416078,2.33744
87.21651134176,2.30326
87.280634707206,2.31738
87.294378358869,2.32112
87.307126236903,2.31387
87.356319286164,2.29306
87.454792704024,2.37154
87.610789426095,2.48753
87.670266675812,2.48701
87.690650531847,2.47739
87.691423574015,2.46817
87.838685812149,2.54543
87.891496703541,2.57824
87.894846522805,2.57159
87.900845721372,2.55759
87.949321996836,2.57607
88.030250394748,2.59699
88.036956300902,2.5937
88.041375793296,2.58812
88.044638152788,2.57138
88.053819152788,2.57056
88.072174720259,2.57892
88.135779270512,2.63252
88.37767708243,2.79442
88.378450124598,2.78519
88.477552973854,2.7843
88.529020081713,2.76576
88.606750619988,2.79349
88.648332881346,2.81508
88.711705918456,2.62845
88.755491184995,2.66224
88.757465485127,2.65421
88.805447714377,2.65219
88.822266761881,2.61901
88.883020790772,2.45977
88.886049769264,2.44279
88.89021256538,2.43696
88.896643621929,2.43339
88.906485628082,2.37323
88.910417997376,2.36716
88.913072039544,2.35982
88.956841832485,2.39359
88.987155957251,2.3039
89.057816887516,2.31456
89.078631349649,2.30538
89.079980391817,2.27672
90.316005065204,3.46275
90.372009503721,3.50875
91.894792504814,4.53154
92.016911313174,4.64366
92.018026355342,4.63477
92.081618720691,4.67836
92.112233939034,4.69898
92.113438981202,4.69018
92.376287627856,4.94303
92.380231860306,4.93698
92.393184678585,4.93993
92.509924386454,5.04667
92.616195057802,5.13294
92.808375083741,5.29512
92.833694083681,5.31044
93.036555448509,5.3533
93.068393678326,5.37514
93.101881902932,5.39863
93.1038029451,5.39055
93.106907987268,5.38365
93.107708029436,5.37445
93.108499071604,5.36524
93.122122331831,5.36887
93.127781498965,5.36453
93.172957713265,5.3897
93.176214797601,5.38296
93.266740227447,5.46348
93.275086606701,5.45183
93.278837796983,5.44558
93.286750006285,5.44349
93.298811173416,5.44556
93.31556855801,5.45231
93.317971600178,4.23472
93.338520453148,3.90526
93.34535887326,3.8621
93.345969915428,3.80271
93.346769957596,3.73351
93.353083474979,3.72983
93.367510055888,3.71425
93.373401307358,3.66015
93.377445664774,3.62419
93.379514706942,3.54626
93.38095374911,3.5377
93.488698814572,3.59544
93.538698170823,3.40544
93.541883212991,3.35863
93.59403533761,3.39078
93.618032770179,3.39478
93.620453959151,3.2972
93.716562317973,1.91331
93.718847360141,1.90559
93.773943903216,1.95069
93.887864295089,1.99461
93.93577653038,2.00252
93.991434368911,2.03818
93.993675411079,2.02042
94.024611481943,1.99136
94.071876140343,1.99862
94.082700325759,1.96944
94.130253148123,1.987
94.132745190291,1.96949
94.136317274627,1.96306
94.160374425445,1.97712
94.411946200462,2.12869
94.41271924263,2.11946
94.413438284798,2.11018
94.764799778001,2.41154
94.777940955308,2.41469
94.809459223119,2.4362
94.874280779509,2.49103
94.911079552603,2.50782
95.010235848295,2.57698
95.038680390589,2.59542
95.206340295014,2.60308
95.206969336768,2.54371
95.2102615955,2.53701
95.216246910693,2.53299
95.303450008432,2.59019
95.307886049782,2.58463
95.456725735555,2.71347
95.583710408046,2.78045
95.584312448206,2.77106
95.743777510868,2.86052
95.747259697436,2.854
95.863111321809,2.72986
95.864614359233,2.72136
95.866980396657,2.71372
96.020735363477,2.77748
96.050979460655,2.71772
96.119982431932,2.65673
96.140628881229,2.63737
96.338224247318,2.79497
96.350461340772,2.74721
96.382525202733,2.76927
96.385323516181,2.75207
96.416961435412,2.76371
96.657671464081,2.71442
96.661129513525,2.70787
96.708814662001,2.62556
96.76047367994,2.59722
96.793983553671,2.61073
96.81532987172,2.62207
96.865766079935,2.64251
96.866305100455,2.60305
96.879438838485,2.59618
96.947004328153,2.61375
96.986011081341,2.57276
97.013606890204,2.58035
97.016251906164,2.553
97.017411922124,2.54416
97.020047938084,2.51679
97.031005328756,2.51775
97.075007260574,2.53175
97.142909248684,2.54965
97.158290803618,2.55504
97.207322563916,2.59407
97.250822422874,2.54757
97.258252696264,2.545
97.260743824584,2.48749
97.281829884312,2.47857
97.28507789539,2.47182
97.29038005154,2.46712
97.29366742245,2.44041
97.462000158482,2.49874
97.516587458686,2.52333
97.660023866177,2.63677
97.743524711095,2.67027
97.805162164714,2.53191
97.809604158742,2.52635
97.812509273422,2.51925
97.81975037663,2.50649
97.822794510736,2.49954
97.827669498792,2.49441
97.858019739948,2.50476
97.909093446924,2.54584
97.952644141092,2.57939
97.956906131868,2.56365
97.958750122644,2.54549
97.96005411342,2.5368
97.964108104196,2.52085
97.967651076524,2.5144
97.975197237396,2.48194
98.13936997293,2.58611
98.642003556935,2.89875
98.681274341031,2.92802
98.683195305323,2.86994
98.736204441664,2.91295
98.932903749293,3.08965
99.116147608977,3.22289
99.139889798976,3.19663
99.153524097912,3.20027
99.26533925736,3.28208
99.333597420934,3.33034
99.336255460315,3.303
99.429390134172,3.36613
99.46635446351,3.3831
99.47216880702,3.37891
99.472932733582,3.36968
99.538535545793,3.40528
99.543582607113,3.35033
99.545012528451,3.32176
99.547175434509,3.31392
99.588793836864,3.34554
99.903929854055,3.61067
100.009001009136,3.61575
100.070023510072,3.60677
100.096034114782,3.57278
100.11360763819,3.38035
100.130179366682,3.33692
100.13094325469,3.25769
100.209467495536,3.22621
100.401622974604,3.39837
100.560353149861,3.4671
100.651904030219,3.37865
100.65571587297,3.33246
100.695434200493,3.25218
100.700860124018,3.1676
100.704036042276,3.16078
100.977184550372,3.23393
101.094864783556,3.13161
101.09692461224,3.12367
101.106353578491,3.0931
101.17074408393,3.12749
101.241557683167,3.1183
101.321068841132,3.05781
101.321760648016,2.9785
101.397601562532,2.88435
101.458633384194,2.77538
101.522680311944,2.80942
101.52443010365,2.71117
101.665404213193,2.82215
101.722275851604,2.81902
101.728593556834,2.75534
101.813755949401,2.8205
101.815266717481,2.81201
101.872990147361,2.84973
101.95598570268,2.83273
101.974544193908,2.76129
102.084202379784,2.78095
102.123697668448,2.67044
102.171040343106,2.70778
102.174783086526,2.70153
102.181640455375,2.69838
102.200828672797,2.52757
102.202330311941,2.51907
102.286108233121,2.55285
102.321288012562,2.42803
102.334360992309,2.43111
102.342721667801,2.42947
102.347639316625,2.30438
102.348439043021,2.29518
102.403219233278,2.17996
102.499457138618,2.2062
102.501616156143,2.19836
102.804732394294,2.37148
102.810138752015,2.36688
102.948583116579,2.22533
102.951065461583,2.21781
102.952433134085,2.20918
102.976862143774,2.21361
102.991813490836,2.18856
103.008619605189,2.19536
103.052629345656,2.22937
103.057522470306,2.22427
103.059397081276,2.21614
103.076784760937,2.22353
103.088459715302,2.1752
103.090870919684,2.16762
103.096147049329,2.16289
103.204975036528,2.20172
103.20552268071,2.19227
103.30133825198,2.18808
103.309205021835,2.18595
103.350183273294,2.16693
103.354265797796,2.16101
103.366344230158,2.16309
103.368176922434,2.14492
103.371477651636,2.13822
103.372070286208,2.12881
103.376574294648,2.10332
103.380789378715,2.09753
103.553770832053,2.21052
103.586528911742,2.14327
103.682688504207,1.96943
103.691675363442,1.96842
103.694588926713,1.85133
103.699623632129,1.84637
103.735778333488,1.87252
103.739845803608,1.86659
103.740420398746,1.85716
103.888357986803,1.9651
103.890118350197,1.95686
103.901131706069,1.95788
104.045312180096,2.03206
104.047533309252,2.01428
104.049377257222,1.98612
104.056167981451,1.89291
104.05922944098,1.88597
104.075789435183,1.81253
104.311783016482,1.85853
104.313684819654,1.85043
104.454684120758,1.91143
104.455402642932,1.90215
104.457465801506,1.89421
104.45804032368,1.88478
104.459433845854,1.87618
104.459999368028,1.86674
104.462966412376,1.85971
104.577608753345,1.94435
104.587960139361,1.9447
104.592492715225,1.93924
104.598943798716,1.84569
104.602036343107,1.83878
104.794324240351,1.89107
104.79980624133,1.88655
104.82179705505,1.82854
104.850180886845,1.84693
104.851947662729,1.83869
104.866864180532,1.83361
104.899622423339,1.83637
104.920443382166,1.82719
104.923536564426,1.81028
104.924111031582,1.80086
104.925450498738,1.79219
104.939013657924,1.79576
104.943090511331,1.78983
105.001987762397,1.83873
105.00690058552,1.83364
105.010120372334,1.75686
105.039644853184,1.76639
105.259484253922,1.96623
105.268261503888,1.95501
105.269051936868,1.9358
105.326642600781,1.98339
105.339602982079,1.88635
105.37467921422,1.91142
105.37658663563,1.88333
105.38140905704,1.85815
105.509472721479,1.96622
105.511578119383,1.95832
105.512854517287,1.9496
105.516742555087,1.94349
105.517379952991,1.93412
105.519664350895,1.92641
105.520229748799,1.91697
105.521020146703,1.81776
105.530917626827,1.81766
105.538520701852,1.61527
105.539221099756,1.60597
105.54047949766,1.58722
105.543049029166,1.39979
105.576717169434,1.38346
105.596653401891,1.3834
105.597992799795,1.37474
105.601694746021,1.24844
105.602858387666,1.1696
105.604555415331,1.1513
105.606972600092,1.07372
105.607708986112,1.06445
105.752520101942,1.09926
105.826116596029,1.08286
105.830232284791,1.07698
105.836333376815,1.03308
105.845616485201,1.02236
105.849682847165,1.01643
105.875523361857,1.03227
105.885393648971,1.03214
105.887419755179,1.02416
105.890004602451,1.01675
105.891263123035,1.00801
105.932986633148,1.03973
105.951206684905,1.01795
105.951898034693,1.00864
105.962660306059,1.0094
105.968036051227,0.99478
105.971173224605,0.987918
105.974011397983,0.900756
106.00921870513,0.815963
106.012617380222,0.809362
106.014113055314,0.800857
106.018536352739,0.705281
106.023331288178,0.670076
106.03275174591,0.669496
106.034678975475,0.631423
106.043207984888,0.629952
106.054071895595,0.620816
106.066185460781,0.62293
106.067388260527,0.614133
106.072965719885,0.60971
106.074183975475,0.600928
106.089230317487,0.575975
106.111925514121,0.58867
106.120664279039,0.587409
106.124901955717,0.581646
106.126187280901,0.572932
106.138337970457,0.575082
106.140231295641,0.566976
106.140958620825,0.507703
106.145934616542,0.462679
106.150644206298,0.457389
106.170300124171,0.467044
106.176820935442,0.413565
106.181233919927,0.407978
106.191714268586,0.408459
106.208067674389,0.414812
106.217182042803,0.413926
106.218331513298,0.405076
106.226184232573,0.402929
106.237793676455,0.404538
106.240423255006,0.397168
106.243459976407,0.390204
106.245357486547,0.382102
