X,frankfurt_urban_multi_radio.MA[0].udp/rcvdPk:vector(packetBytes),frankfurt_urban_multi_radio.MA[0].udpApp[0]/rcvdPk:vector(packetBytes)
30.253671526071,1008,1000
30.254457272539,1008,1000
30.255225019007,1008,1000
30.258843149838,1008,1000
30.268843149838,1008,1000
30.278843149838,1008,1000
30.290836785036,1008,1000
30.298843163512,1008,1000
30.308843177218,1008,1000
30.318843177218,1008,1000
30.329604177218,1008,1000
30.338843177218,1008,1000
30.348843177218,1008,1000
30.358843177218,1008,1000
30.369455177218,1008,1000
30.378843177218,1008,1000
30.389707190924,1008,1000
30.398843190924,1008,1000
30.409165750202,1008,1000
30.418843204662,1008,1000
30.428843204662,1008,1000
30.438843204662,1008,1000
30.448843204662,1008,1000
30.459433204662,1008,1000
30.468843204662,1008,1000
30.478843204662,1008,1000
30.4888432184,1008,1000
30.4988432184,1008,1000
30.51151172796,1008,1000
30.518843232177,1008,1000
30.528843232177,1008,1000
30.539156883939,1008,1000
30.548843232177,1008,1000
30.559658232177,1008,1000
30.569568232177,1008,1000
30.579662232177,1008,1000
30.588843245954,1008,1000
30.599819245954,1008,1000
30.608843259788,1008,1000
30.619442259788,1008,1000
30.628843259788,1008,1000
30.638843259788,1008,1000
30.648843259788,1008,1000
30.658843259788,1008,1000
30.668843259788,1008,1000
30.678843259788,1008,1000
30.689038620526,1008,1000
30.698843273622,1008,1000
30.708843287467,1008,1000
30.719388287467,1008,1000
30.729910287467,1008,1000
30.739437287467,1008,1000
30.748843287467,1008,1000
30.758843287467,1008,1000
30.769626287467,1008,1000
30.779590287467,1008,1000
30.788843301312,1008,1000
30.799509573997,1008,1000
30.80884331518,1008,1000
30.819120703597,1008,1000
30.82884331518,1008,1000
30.841124811054,1008,1000
30.84884331518,1008,1000
30.85884331518,1008,1000
30.86989231518,1008,1000
30.87884331518,1008,1000
30.888843329048,1008,1000
30.898843329048,1008,1000
30.909914059482,1008,1000
30.918843342931,1008,1000
30.929157342931,1008,1000
30.938843342931,1008,1000
30.948843342931,1008,1000
30.959906671065,1008,1000
30.969625046776,1008,1000
30.978843342931,1008,1000
30.988843356814,1008,1000
30.999259517246,1008,1000
31.008843370807,1008,1000
31.019096238297,1008,1000
31.029215074765,1008,1000
31.038843370807,1008,1000
31.049054142822,1008,1000
31.058843370807,1008,1000
31.068843370807,1008,1000
31.080545370807,1008,1000
31.0888433848,1008,1000
31.0988433848,1008,1000
31.10884339908,1008,1000
31.11884339908,1008,1000
31.12884339908,1008,1000
31.13884339908,1008,1000
31.14986039908,1008,1000
31.160882895366,1008,1000
31.172218895366,1008,1000
31.17884339908,1008,1000
31.18884341336,1008,1000
31.19884341336,1008,1000
31.209496427826,1008,1000
31.219811474608,1008,1000
31.229559427826,1008,1000
31.239987642154,1008,1000
31.248843427826,1008,1000
31.259157427826,1008,1000
31.268843427826,1008,1000
31.278843427826,1008,1000
31.288843442292,1008,1000
31.298843442292,1008,1000
31.309067032116,1008,1000
31.318843456558,1008,1000
31.329162199662,1008,1000
31.338843456558,1008,1000
31.348843456558,1008,1000
31.358843456558,1008,1000
31.368843456558,1008,1000
31.379662456558,1008,1000
31.388843470824,1008,1000
31.399730470824,1008,1000
31.408843484802,1008,1000
31.418843484802,1008,1000
31.428843484802,1008,1000
31.438843484802,1008,1000
31.448843484802,1008,1000
31.458843484802,1008,1000
31.468843484802,1008,1000
31.479786257592,1008,1000
31.493774070554,1008,1000
31.49884349878,1008,1000
31.509824512493,1008,1000
31.519622512493,1008,1000
31.529729098245,1008,1000
31.539523512493,1008,1000
31.549514512493,1008,1000
31.558843512493,1008,1000
31.571233008212,1008,1000
31.578843512493,1008,1000
31.588843526206,1008,1000
31.599359353869,1008,1000
31.609617539801,1008,1000
31.620568738996,1008,1000
31.629779539801,1008,1000
31.638843539801,1008,1000
31.649707539801,1008,1000
31.663107035402,1008,1000
31.668843539801,1008,1000
31.678843539801,1008,1000
31.688843553396,1008,1000
31.698843553396,1008,1000
31.710031406817,1008,1000
31.721395062352,1008,1000
31.728843566871,1008,1000
31.740829062352,1008,1000
31.748843566871,1008,1000
31.758843566871,1008,1000
31.769658566871,1008,1000
31.780784062352,1008,1000
31.790922580346,1008,1000
31.799422088113,1008,1000
31.811036757001,1008,1000
31.819784593699,1008,1000
31.828843593699,1008,1000
31.839514593699,1008,1000
31.848843593699,1008,1000
31.859631593699,1008,1000
31.870302593699,1008,1000
31.878843593699,1008,1000
31.888843607052,1008,1000
31.902205478234,1008,1000
31.911462314932,1008,1000
31.919662620283,1008,1000
31.928843620283,1008,1000
31.93931611552,1008,1000
31.948843620283,1008,1000
31.964540314932,1008,1000
31.974881342271,1008,1000
31.979572620283,1008,1000
31.99323211552,1008,1000
32.002733278972,1008,1000
32.011521141732,1008,1000
32.01884364662,1008,1000
32.031036141732,1008,1000
32.03967664662,1008,1000
32.04884364662,1008,1000
32.059686873371,1008,1000
32.070154875061,1008,1000
32.07915764662,1008,1000
32.091466902408,1008,1000
32.099471659726,1008,1000
32.108843672708,1008,1000
32.119935533271,1008,1000
32.129581672708,1008,1000
32.139716672708,1008,1000
32.15019291539,1008,1000
32.162019569141,1008,1000
32.169478672708,1008,1000
32.191995167696,1008,1000
32.193416436342,1008,1000
32.19959068569,1008,1000
32.209413613861,1008,1000
32.221815193406,1008,1000
32.230291472203,1008,1000
32.239358714885,1008,1000
32.24964709999,1008,1000
32.261794967191,1008,1000
32.271887193406,1008,1000
32.278843698545,1008,1000
32.291179193406,1008,1000
32.2988437114,1008,1000
32.308843724127,1008,1000
32.32314721886,1008,1000
32.328843724127,1008,1000
32.338843724127,1008,1000
32.349671724127,1008,1000
32.358843724127,1008,1000
32.369157724127,1008,1000
32.380143724127,1008,1000
32.388843736854,1008,1000
32.402569749454,1008,1000
32.409491749454,1008,1000
32.419833749454,1008,1000
32.429675574531,1008,1000
32.44082024406,1008,1000
32.45140424406,1008,1000
32.458843749454,1008,1000
32.470065574531,1008,1000
32.49775424406,1008,1000
32.501832269,1008,1000
32.50263663895,1008,1000
32.510152624928,1008,1000
32.520982269,1008,1000
32.529253159193,1008,1000
32.542078119534,1008,1000
32.551584269,1008,1000
32.562300269,1008,1000
32.569157774524,1008,1000
32.580188774524,1008,1000
32.592097269,1008,1000
32.599345512872,1008,1000
32.61141429368,1008,1000
32.625324799334,1008,1000
32.628843799334,1008,1000
32.639157799334,1008,1000
32.652626193964,1008,1000
32.658843799334,1008,1000
32.669399674808,1008,1000
32.679157799334,1008,1000
32.688843811674,1008,1000
32.699464811674,1008,1000
32.710919318098,1008,1000
32.722498242931,1008,1000
32.730967823883,1008,1000
32.741018318098,1008,1000
32.752803823883,1008,1000
32.759770823883,1008,1000
32.769568823883,1008,1000
32.779883823883,1008,1000
32.788843836092,1008,1000
32.798843836092,1008,1000
32.810034773002,1008,1000
32.818843848169,1008,1000
32.829469848169,1008,1000
32.839802848169,1008,1000
32.849170773002,1008,1000
32.859887848169,1008,1000
32.869850291371,1008,1000
32.884372064179,1008,1000
32.90864882131,1008,1000
32.909385264512,1008,1000
32.913494631225,1008,1000
32.920802366142,1008,1000
32.92901382131,1008,1000
32.963698731604,1008,1000
32.982994366142,1008,1000
32.983528833234,1008,1000
32.993503884136,1008,1000
32.998843884136,1008,1000
33.013992880478,1008,1000
33.021593386661,1008,1000
33.031586853676,1008,1000
33.046808204791,1008,1000
33.051578261409,1008,1000
33.058843895947,1008,1000
33.069833895947,1008,1000
33.082537389764,1008,1000
33.088843907758,1008,1000
33.100973413166,1008,1000
33.109292916356,1008,1000
33.135037413166,1008,1000
33.140383919459,1008,1000
33.153352927282,1008,1000
33.158972916356,1008,1000
33.174628413166,1008,1000
33.204594436372,1008,1000
33.206245973694,1008,1000
33.209828942763,1008,1000
33.220098942763,1008,1000
33.229630963172,1008,1000
33.239157942763,1008,1000
33.249541434767,1008,1000
33.26002789905,1008,1000
33.273368436372,1008,1000
33.281739480085,1008,1000
33.290065954366,1008,1000
33.300803358052,1008,1000
33.321594459304,1008,1000
33.338042459304,1008,1000
33.339356019558,1008,1000
33.340615579812,1008,1000
33.349149009545,1008,1000
33.359631965832,1008,1000
33.372402459304,1008,1000
33.38297955847,1008,1000
33.395034556808,1008,1000
33.402529659377,1008,1000
33.411879109136,1008,1000
33.424049154456,1008,1000
33.433232229644,1008,1000
33.447638659377,1008,1000
33.451181242291,1008,1000
33.464192548882,1008,1000
33.469469988628,1008,1000
33.484754646386,1008,1000
33.489478999958,1008,1000
33.502166221236,1008,1000
33.512490504348,1008,1000
33.522330504348,1008,1000
33.532222504348,1008,1000
33.543348504348,1008,1000
33.549790539001,1008,1000
33.562044504348,1008,1000
33.587100504348,1008,1000
33.604473526454,1008,1000
33.605116153858,1008,1000
33.613333408666,1008,1000
33.61712303607,1008,1000
33.641324526454,1008,1000
33.644011153858,1008,1000
33.644770781262,1008,1000
33.652787526454,1008,1000
33.658844033395,1008,1000
33.670174033395,1008,1000
33.685767526454,1008,1000
33.689802044448,1008,1000
33.700825937575,1008,1000
33.708844055363,1008,1000
33.727309682767,1008,1000
33.730375055363,1008,1000
33.759625548284,1008,1000
33.765518197518,1008,1000
33.766295846752,1008,1000
33.768844055363,1008,1000
33.781131200761,1008,1000
33.793415197518,1008,1000
33.799951066278,1008,1000
33.812432719222,1008,1000
33.841629569836,1008,1000
33.843856240622,1008,1000
33.858212911408,1008,1000
33.860274582194,1008,1000
33.875875049551,1008,1000
33.898186569836,1008,1000
33.905912656646,1008,1000
33.906690348704,1008,1000
33.910820591108,1008,1000
33.920554098466,1008,1000
33.937041440038,1008,1000
33.94493046131,1008,1000
33.94954878161,1008,1000
33.965109591108,1008,1000
33.973606098466,1008,1000
33.980821098466,1008,1000
33.99691317464,1008,1000
34.003840005848,1008,1000
34.0119236121,1008,1000
34.018844119598,1008,1000
34.0322729898,1008,1000
34.0423726121,1008,1000
34.0527736121,1008,1000
34.0726610382,1008,1000
34.091755813314,1008,1000
34.097568952464,1008,1000
34.098328665514,1008,1000
34.104505366578,1008,1000
34.115891366578,1008,1000
34.123240231201,1008,1000
34.129158140451,1008,1000
34.143296632814,1008,1000
34.170820632814,1008,1000
34.174956992651,1008,1000
34.197641632814,1008,1000
34.220199653244,1008,1000
34.235059407438,1008,1000
34.237692161632,1008,1000
34.238379915826,1008,1000
34.23902267002,1008,1000
34.242943407438,1008,1000
34.259682669411,1008,1000
34.279266407438,1008,1000
34.283364915826,1008,1000
34.286333424214,1008,1000
34.294865653244,1008,1000
34.300111171238,1008,1000
34.317186689701,1008,1000
34.318844181313,1008,1000
34.356500673394,1008,1000
34.372846198089,1008,1000
34.382591673394,1008,1000
34.398678673394,1008,1000
34.399925447738,1008,1000
34.405908995534,1008,1000
34.415060201322,1008,1000
34.419438201322,1008,1000
34.431463201322,1008,1000
34.439158201322,1008,1000
34.454582487474,1008,1000
34.460198281686,1008,1000
34.487564583958,1008,1000
34.504835105274,1008,1000
34.544346712846,1008,1000
34.544980526642,1008,1000
34.548433340438,1008,1000
34.549031154234,1008,1000
34.55621362782,1008,1000
34.57162952332,1008,1000
34.582851778504,1008,1000
34.5842375923,1008,1000
34.59920525086,1008,1000
34.603994992456,1008,1000
34.604745825554,1008,1000
34.631873732148,1008,1000
34.632633565246,1008,1000
34.635257398344,1008,1000
34.643169926146,1008,1000
34.650784732148,1008,1000
34.677177933741,1008,1000
34.681852561333,1008,1000
34.683998227529,1008,1000
34.691746732148,1008,1000
34.717352751166,1008,1000
34.719062603282,1008,1000
34.720802751166,1008,1000
34.752501751166,1008,1000
34.755980455398,1008,1000
34.768388294342,1008,1000
34.77075912744,1008,1000
34.776494755327,1008,1000
34.782190925847,1008,1000
34.78987926916,1008,1000
34.802114149374,1008,1000
34.825362491243,1008,1000
34.825951362091,1008,1000
34.829996278526,1008,1000
34.854138769898,1008,1000
34.855425640746,1008,1000
34.872199248612,1008,1000
34.87299511946,1008,1000
34.879959648636,1008,1000
34.893457769898,1008,1000
34.900805297116,1008,1000
34.911305788346,1008,1000
34.93430134553,1008,1000
34.936548380824,1008,1000
34.942108297116,1008,1000
34.968973677642,1008,1000
34.979570806846,1008,1000
34.981271696142,1008,1000
34.986229167964,1008,1000
34.992073704406,1008,1000
35.019086501162,1008,1000
35.021142316082,1008,1000
35.039653130342,1008,1000
35.041161037802,1008,1000
35.111517953433,1008,1000
35.126440749815,1008,1000
35.175731824388,1008,1000
35.178148749726,1008,1000
35.179606675064,1008,1000
35.182509600402,1008,1000
35.247327841978,1008,1000
35.249888784906,1008,1000
35.252485670762,1008,1000
35.25311961369,1008,1000
35.260955841978,1008,1000
35.263164727834,1008,1000
35.263888670762,1008,1000
35.268347556618,1008,1000
35.276933385402,1008,1000
35.281485841978,1008,1000
35.318872859284,1008,1000
35.343776819518,1008,1000
35.346351779752,1008,1000
35.347629739986,1008,1000
35.361034620688,1008,1000
35.4285308763,1008,1000
35.4576978763,1008,1000
35.46024985355,1008,1000
35.4818008763,1008,1000
35.4951208308,1008,1000
35.503048893032,1008,1000
35.510030887014,1008,1000
35.511335880996,1008,1000
35.517594862942,1008,1000
35.525452850906,1008,1000
35.528229844888,1008,1000
35.566930893032,1008,1000
35.571422893032,1008,1000
35.600208901253,1008,1000
35.610554932525,1008,1000
35.622131963797,1008,1000
35.622855974221,1008,1000
35.645258015917,1008,1000
35.650172036765,1008,1000
35.651747047189,1008,1000
35.655780057613,1008,1000
35.661013099309,1008,1000
35.668771120157,1008,1000
35.670229130581,1008,1000
35.695546172277,1008,1000
35.699224182701,1008,1000
35.71302222778,1008,1000
35.715695254358,1008,1000
35.72254236067,1008,1000
35.726572531564,1008,1000
35.765329720232,1008,1000
35.806400921674,1008,1000
35.807169963648,1008,1000
35.810010005622,1008,1000
35.905584214765,1008,1000
35.924705955622,1008,1000
35.927749012194,1008,1000
35.932894955622,1008,1000
35.936243012194,1008,1000
35.938998068766,1008,1000
35.952512955622,1008,1000
35.953228012194,1008,1000
35.956963125338,1008,1000
35.959780238482,1008,1000
35.997415804202,1008,1000
35.998761860774,1008,1000
36.044118638592,1008,1000
36.047337708688,1008,1000
36.048124778784,1008,1000
36.072423129264,1008,1000
36.076116129264,1008,1000
36.098323969146,1008,1000
36.145680480176,1008,1000
36.147057563194,1008,1000
36.151046646212,1008,1000
36.20440239979,1008,1000
36.20808049564,1008,1000
36.25745226244,1008,1000
36.25965335829,1008,1000
36.28126254999,1008,1000
36.30467094772,1008,1000
36.3067100579,1008,1000
36.30741616808,1008,1000
36.31917038844,1008,1000
36.3238636088,1008,1000
36.32793271898,1008,1000
36.3334621597,1008,1000
36.37779893096,1008,1000
36.37851404114,1008,1000
36.384551965915,1008,1000
36.385248451877,1008,1000
36.392755340872,1008,1000
36.406835791453,1008,1000
36.420152644716,1008,1000
36.421855371736,1008,1000
36.443032844422,1008,1000
36.444283317108,1008,1000
36.451467371736,1008,1000
36.452933844422,1008,1000
36.462774789794,1008,1000
36.467395735166,1008,1000
36.471206371736,1008,1000
36.480388318768,1008,1000
36.489566731847,1008,1000
36.499064891973,1008,1000
36.514822828469,1008,1000
36.520101883097,1008,1000
36.532216828469,1008,1000
36.539157883097,1008,1000
36.55377835847,1008,1000
36.563886815203,1008,1000
36.57141335847,1008,1000
36.578843883097,1008,1000
36.589743876464,1008,1000
36.598843876464,1008,1000
36.610892345188,1008,1000
36.621161345188,1008,1000
36.629532869823,1008,1000
36.651332345188,1008,1000
36.652780791326,1008,1000
36.659157869823,1008,1000
36.668843869823,1008,1000
36.681530345188,1008,1000
36.696157345188,1008,1000
36.698843863182,1008,1000
36.709157856561,1008,1000
36.732947827334,1008,1000
36.737321273472,1008,1000
36.739157856561,1008,1000
36.748843856561,1008,1000
36.76036270468,1008,1000
36.771758302699,1008,1000
36.781846331946,1008,1000
36.79038384994,1008,1000
36.801536483946,1008,1000
36.811346843331,1008,1000
36.835227318728,1008,1000
36.838709158084,1008,1000
36.840679577762,1008,1000
36.853466648961,1008,1000
36.859707843331,1008,1000
36.868843843331,1008,1000
36.880274794221,1008,1000
36.895616421618,1008,1000
36.906479711942,1008,1000
36.909823774387,1008,1000
36.938704928496,1008,1000
36.939428334942,1008,1000
36.941575305496,1008,1000
36.948843830106,1008,1000
36.958843830106,1008,1000
36.973115305496,1008,1000
36.979599830106,1008,1000
36.999045207441,1008,1000
36.999871698827,1008,1000
37.009491816893,1008,1000
37.019397816893,1008,1000
37.030161816893,1008,1000
37.038843816893,1008,1000
37.049793816893,1008,1000
37.061084816893,1008,1000
37.078962078806,1008,1000
37.081536292302,1008,1000
37.089019610073,1008,1000
37.099518810296,1008,1000
37.109019894181,1008,1000
37.123983721543,1008,1000
37.1291578037,1008,1000
37.140084721543,1008,1000
37.1488438037,1008,1000
37.165833590204,1008,1000
37.1688438037,1008,1000
37.1788438037,1008,1000
37.19252527911,1008,1000
37.201468266004,1008,1000
37.228903695201,1008,1000
37.234212346952,1008,1000
37.242736157505,1008,1000
37.248843790551,1008,1000
37.258843790551,1008,1000
37.272583632958,1008,1000
37.279157790551,1008,1000
37.303167252876,1008,1000
37.303962606702,1008,1000
37.308843777434,1008,1000
37.321722858382,1008,1000
37.329931668935,1008,1000
37.341269252876,1008,1000
37.348843777434,1008,1000
37.360856252876,1008,1000
37.370243777434,1008,1000
37.382355252876,1008,1000
37.391743252876,1008,1000
37.39884377087,1008,1000
37.408843764309,1008,1000
37.420354563018,1008,1000
37.429765764309,1008,1000
37.438843764309,1008,1000
37.449505764309,1008,1000
37.460901239754,1008,1000
37.469446764309,1008,1000
37.479883764309,1008,1000
37.491251239754,1008,1000
37.502493078832,1008,1000
37.509718415176,1008,1000
37.519586407882,1008,1000
37.532316078832,1008,1000
37.539052998179,1008,1000
37.548843751208,1008,1000
37.559559751208,1008,1000
37.569801616467,1008,1000
37.579157751208,1008,1000
37.59340892445,1008,1000
37.601633575382,1008,1000
37.611635213638,1008,1000
37.620213590308,1008,1000
37.62884373815,1008,1000
37.63979773815,1008,1000
37.652268052738,1008,1000
37.659174455567,1008,1000
37.66884373815,1008,1000
37.681054435926,1008,1000
37.690148093376,1008,1000
37.699559731632,1008,1000
37.709388416362,1008,1000
37.721242200582,1008,1000
37.728990564204,1008,1000
37.739697564204,1008,1000
37.748843725104,1008,1000
37.768781200582,1008,1000
37.773968803646,1008,1000
37.77945791943,1008,1000
37.790425859218,1008,1000
37.799842718576,1008,1000
37.812002000557,1008,1000
37.818843712059,1008,1000
37.828843712059,1008,1000
37.839392712059,1008,1000
37.849157712059,1008,1000
37.861359187548,1008,1000
37.870982187548,1008,1000
37.881769672227,1008,1000
37.890264525068,1008,1000
37.901395174576,1008,1000
37.908843699056,1008,1000
37.919604699056,1008,1000
37.929671699056,1008,1000
37.939883699056,1008,1000
37.952152174576,1008,1000
37.959460699056,1008,1000
37.968825102346,1008,1000
37.980874174576,1008,1000
37.98915769257,1008,1000
37.99884369257,1008,1000
38.012371686098,1008,1000
38.019631686098,1008,1000
38.029040486104,1008,1000
38.051926161632,1008,1000
38.056480424214,1008,1000
38.058843686098,1008,1000
38.068843686098,1008,1000
38.081680161632,1008,1000
38.088843679626,1008,1000
38.099635679626,1008,1000
38.108843673135,1008,1000
38.118843673135,1008,1000
38.130036888214,1008,1000
38.139157673135,1008,1000
38.150041722765,1008,1000
38.160958673135,1008,1000
38.168843673135,1008,1000
38.182456922735,1008,1000
38.188843666644,1008,1000
38.199667666644,1008,1000
38.208843660181,1008,1000
38.221650649345,1008,1000
38.229856660181,1008,1000
38.239371874509,1008,1000
38.249694660181,1008,1000
38.262815896855,1008,1000
38.269814434266,1008,1000
38.278843660181,1008,1000
38.289707653718,1008,1000
38.298843653718,1008,1000
38.308843647285,1008,1000
38.321043726413,1008,1000
38.329788647285,1008,1000
38.338843647285,1008,1000
38.350874122858,1008,1000
38.361647122858,1008,1000
38.372274122858,1008,1000
38.381143122858,1008,1000
38.390396640852,1008,1000
38.399608640852,1008,1000
38.409985648969,1008,1000
38.419499071717,1008,1000
38.430984634432,1008,1000
38.438843634432,1008,1000
38.449157634432,1008,1000
38.459721634432,1008,1000
38.469157634432,1008,1000
38.480323376234,1008,1000
38.489559628012,1008,1000
38.499250377931,1008,1000
38.512813097138,1008,1000
38.520784097138,1008,1000
38.532128621572,1008,1000
38.538843621572,1008,1000
38.550508356954,1008,1000
38.560904621572,1008,1000
38.569525098756,1008,1000
38.578843621572,1008,1000
38.588843615132,1008,1000
38.600215608726,1008,1000
38.609577608726,1008,1000
38.619820608726,1008,1000
38.628843608726,1008,1000
38.641096729448,1008,1000
38.648843608726,1008,1000
38.662591794002,1008,1000
38.669406608726,1008,1000
38.682463084326,1008,1000
38.689597311996,1008,1000
38.700324595934,1008,1000
38.711998071554,1008,1000
38.718843595934,1008,1000
38.730861426332,1008,1000
38.738843595934,1008,1000
38.751681478114,1008,1000
38.771956244058,1008,1000
38.772688416562,1008,1000
38.781431071554,1008,1000
38.789625286432,1008,1000
38.801665058746,1008,1000
38.808843583144,1008,1000
38.820144110426,1008,1000
38.830883058746,1008,1000
38.843955334712,1008,1000
38.849815583144,1008,1000
38.859157583144,1008,1000
38.869909583144,1008,1000
38.878843583144,1008,1000
38.88915757674,1008,1000
38.89968057674,1008,1000
38.909273781753,1008,1000
38.92198904602,1008,1000
38.929424570377,1008,1000
38.939850254471,1008,1000
38.948843570377,1008,1000
38.959057254471,1008,1000
38.968843570377,1008,1000
38.979910570377,1008,1000
38.988843564014,1008,1000
38.998843564014,1008,1000
39.009157557641,1008,1000
39.019604557641,1008,1000
39.029150913062,1008,1000
39.042106033274,1008,1000
39.048843557641,1008,1000
39.058843557641,1008,1000
39.071713228968,1008,1000
39.082030033274,1008,1000
39.090324551268,1008,1000
39.098843551268,1008,1000
39.109874544941,1008,1000
39.118843544941,1008,1000
39.129157544941,1008,1000
39.138843544941,1008,1000
39.152402666511,1008,1000
39.158843544941,1008,1000
39.169927544941,1008,1000
39.181352318729,1008,1000
39.189905538614,1008,1000
39.201234299757,1008,1000
39.208843532296,1008,1000
39.22313164123,1008,1000
39.228843532296,1008,1000
39.240242178187,1008,1000
39.250874007984,1008,1000
39.260304178187,1008,1000
39.271809007984,1008,1000
39.282148007984,1008,1000
39.288843525978,1008,1000
39.299644525978,1008,1000
39.309350152921,1008,1000
39.319784519675,1008,1000
39.331657798812,1008,1000
39.338843519675,1008,1000
39.350972995378,1008,1000
39.360197519675,1008,1000
39.369946519675,1008,1000
39.378843519675,1008,1000
39.388843513372,1008,1000
39.399811513372,1008,1000
39.41002789905,1008,1000
39.418843507051,1008,1000
39.430931507051,1008,1000
39.439613507051,1008,1000
39.450079127676,1008,1000
39.459130127676,1008,1000
39.468843507051,1008,1000
39.478843507051,1008,1000
39.488977115052,1008,1000
39.500118729356,1008,1000
39.509352269768,1008,1000
39.518843494395,1008,1000
39.528843494395,1008,1000
39.543815806707,1008,1000
39.548843494395,1008,1000
39.559739494395,1008,1000
39.569779494395,1008,1000
39.578843494395,1008,1000
39.589518318366,1008,1000
39.59884348806,1008,1000
39.612083481742,1008,1000
39.618843481742,1008,1000
39.628843481742,1008,1000
39.64157595743,1008,1000
39.648878077087,1008,1000
39.659107077087,1008,1000
39.668843481742,1008,1000
39.679883481742,1008,1000
39.689626475424,1008,1000
39.698843475424,1008,1000
39.709496469138,1008,1000
39.719703469138,1008,1000
39.730162469138,1008,1000
39.739892469138,1008,1000
39.748843469138,1008,1000
39.759915435803,1008,1000
39.76904905183,1008,1000
39.778843469138,1008,1000
39.792880462852,1008,1000
39.798843462852,1008,1000
39.808843456583,1008,1000
39.819427026671,1008,1000
39.829157026671,1008,1000
39.838843456583,1008,1000
39.849809300913,1008,1000
39.858843456583,1008,1000
39.868843456583,1008,1000
39.88371293232,1008,1000
39.888843450314,1008,1000
39.898843450314,1008,1000
39.90884344404,1008,1000
39.91988744404,1008,1000
39.93029744404,1008,1000
39.939217845903,1008,1000
39.950936919772,1008,1000
39.959875106709,1008,1000
39.96998144404,1008,1000
39.97884344404,1008,1000
39.988843437766,1008,1000
39.999559437766,1008,1000
40.009178976524,1008,1000
40.020981907308,1008,1000
40.028843431534,1008,1000
40.038843431534,1008,1000
40.049166639193,1008,1000
40.059227976524,1008,1000
40.069662431534,1008,1000
40.081741431534,1008,1000
40.088843425302,1008,1000
40.09962761349,1008,1000
40.108843419255,1008,1000
40.118843419255,1008,1000
40.13052794591,1008,1000
40.140329419255,1008,1000
40.148843419255,1008,1000
40.158843419255,1008,1000
40.169820891331,1008,1000
40.181732419255,1008,1000
40.189733413208,1008,1000
40.198843413208,1008,1000
40.208843407901,1008,1000
40.219864454761,1008,1000
40.23199892427,1008,1000
40.239698407901,1008,1000
40.249388407901,1008,1000
40.259805400182,1008,1000
40.269644407901,1008,1000
40.2808198846,1008,1000
40.288843402594,1008,1000
40.298843402594,1008,1000
40.309011952486,1008,1000
40.322162563238,1008,1000
40.329505396775,1008,1000
40.338843396775,1008,1000
40.349060897907,1008,1000
40.358843396775,1008,1000
40.368843396775,1008,1000
40.381890396775,1008,1000
40.388843390956,1008,1000
40.398843390956,1008,1000
40.408843384791,1008,1000
40.418843384791,1008,1000
40.428843384791,1008,1000
40.438843384791,1008,1000
40.448843384791,1008,1000
40.458843384791,1008,1000
40.468843384791,1008,1000
40.479514384791,1008,1000
40.489932378626,1008,1000
40.498843378626,1008,1000
40.508843372486,1008,1000
40.519487372486,1008,1000
40.530412667552,1008,1000
40.538843372486,1008,1000
40.551358848352,1008,1000
40.559473372486,1008,1000
40.569950372486,1008,1000
40.579169852062,1008,1000
40.588843366346,1008,1000
40.598843366346,1008,1000
40.608843360215,1008,1000
40.619794128717,1008,1000
40.628843360215,1008,1000
40.639157360215,1008,1000
40.649635360215,1008,1000
40.659245198327,1008,1000
40.668843360215,1008,1000
40.679514360215,1008,1000
40.688843354084,1008,1000
40.698843354084,1008,1000
40.709362507138,1008,1000
40.718843347992,1008,1000
40.729887347992,1008,1000
40.738843347992,1008,1000
40.753199272848,1008,1000
40.758843347992,1008,1000
40.768843347992,1008,1000
40.778843347992,1008,1000
40.7888433419,1008,1000
40.7988433419,1008,1000
40.808843335816,1008,1000
40.819142784758,1008,1000
40.828843335816,1008,1000
40.839516784758,1008,1000
40.851115811738,1008,1000
40.858843335816,1008,1000
40.868843335816,1008,1000
40.878843335816,1008,1000
40.888843329732,1008,1000
40.898843329732,1008,1000
40.908843323665,1008,1000
40.918843323665,1008,1000
40.928843323665,1008,1000
40.939157323665,1008,1000
40.949806323665,1008,1000
40.9593877245,1008,1000
40.968843323665,1008,1000
40.978843323665,1008,1000
40.988843317598,1008,1000
40.998843317598,1008,1000
41.008843311556,1008,1000
41.018843311556,1008,1000
41.028843311556,1008,1000
41.039997736171,1008,1000
41.049761311556,1008,1000
41.058843311556,1008,1000
41.068843311556,1008,1000
41.078843311556,1008,1000
41.089617305514,1008,1000
41.099464091926,1008,1000
41.108843299501,1008,1000
41.118843299501,1008,1000
41.130293136622,1008,1000
41.139305613148,1008,1000
41.148843299501,1008,1000
41.158843299501,1008,1000
41.168843299501,1008,1000
41.180832299501,1008,1000
41.188843293488,1008,1000
41.198843293488,1008,1000
41.208843287471,1008,1000
41.22098176346,1008,1000
41.228843287471,1008,1000
41.238843287471,1008,1000
41.24973512424,1008,1000
41.259725287471,1008,1000
41.268843287471,1008,1000
41.280297287471,1008,1000
41.288843281454,1008,1000
41.299221534285,1008,1000
41.308843275475,1008,1000
41.318843275475,1008,1000
41.328843275475,1008,1000
41.339980500665,1008,1000
41.349088663896,1008,1000
41.358843275475,1008,1000
41.369642663896,1008,1000
41.380058275475,1008,1000
41.389262769141,1008,1000
41.398843269496,1008,1000
41.40884326351,1008,1000
41.41884326351,1008,1000
41.429361865125,1008,1000
41.43980626351,1008,1000
41.44884326351,1008,1000
41.45884326351,1008,1000
41.469948639935,1008,1000
41.47884326351,1008,1000
41.489591696723,1008,1000
41.498843257524,1008,1000
41.508843251581,1008,1000
41.518843251581,1008,1000
41.528998616041,1008,1000
41.538843251581,1008,1000
41.549473251581,1008,1000
41.559734992466,1008,1000
41.569239719439,1008,1000
41.578843251581,1008,1000
41.588843245638,1008,1000
41.598843245638,1008,1000
41.608843239725,1008,1000
41.619653239725,1008,1000
41.629635239725,1008,1000
41.638843239725,1008,1000
41.649760333141,1008,1000
41.658843239725,1008,1000
41.668843239725,1008,1000
41.678843239725,1008,1000
41.688843233812,1008,1000
41.698843233812,1008,1000
41.708843227894,1008,1000
41.719253417888,1008,1000
41.728843227894,1008,1000
41.739141661985,1008,1000
41.749392227894,1008,1000
41.758843227894,1008,1000
41.769491385337,1008,1000
41.785782227894,1008,1000
41.788843221976,1008,1000
41.798843221976,1008,1000
41.808843216093,1008,1000
41.818976823482,1008,1000
41.828843216093,1008,1000
41.839698216093,1008,1000
41.848843216093,1008,1000
41.858843216093,1008,1000
41.868843216093,1008,1000
41.879869216093,1008,1000
41.88884321021,1008,1000
41.89997199165,1008,1000
41.908843204343,1008,1000
41.918843204343,1008,1000
41.928843204343,1008,1000
41.938843204343,1008,1000
41.948843204343,1008,1000
41.958843204343,1008,1000
41.969098505404,1008,1000
41.980891680482,1008,1000
41.989146291076,1008,1000
41.999290826074,1008,1000
42.008843192641,1008,1000
42.018843192641,1008,1000
42.029119244389,1008,1000
42.039829192641,1008,1000
42.048843192641,1008,1000
42.058843192641,1008,1000
42.068843192641,1008,1000
42.079932192641,1008,1000
42.089905186806,1008,1000
42.099491186806,1008,1000
42.108843180977,1008,1000
42.118843180977,1008,1000
42.129084474568,1008,1000
42.138843180977,1008,1000
42.148843180977,1008,1000
42.158843180977,1008,1000
42.169295474568,1008,1000
42.179120651123,1008,1000
42.188843175148,1008,1000
42.198843175148,1008,1000
42.209338209406,1008,1000
42.218889802955,1008,1000
42.229838169375,1008,1000
42.238843169375,1008,1000
42.248843169375,1008,1000
42.258843169375,1008,1000
42.268843169375,1008,1000
42.278843169375,1008,1000
42.288843163602,1008,1000
42.298843163602,1008,1000
42.309770157853,1008,1000
42.319129428178,1008,1000
42.328843157853,1008,1000
42.339388157853,1008,1000
42.348843157853,1008,1000
42.358843157853,1008,1000
42.368843157853,1008,1000
42.379505157853,1008,1000
42.388843152104,1008,1000
42.398935410907,1008,1000
42.41099962267,1008,1000
42.42086462267,1008,1000
42.429035927384,1008,1000
42.438843146384,1008,1000
42.448843146384,1008,1000
42.458843146384,1008,1000
42.468843146384,1008,1000
42.478843146384,1008,1000
42.488843140664,1008,1000
42.499460140664,1008,1000
42.508843134951,1008,1000
42.518843134951,1008,1000
42.528843134951,1008,1000
42.541394611244,1008,1000
42.548843134951,1008,1000
42.558843134951,1008,1000
42.568843134951,1008,1000
42.578843134951,1008,1000
42.588843129238,1008,1000
42.598843129238,1008,1000
42.608843123565,1008,1000
42.619595123565,1008,1000
42.634174300746,1008,1000
42.638843123565,1008,1000
42.649946123565,1008,1000
42.658843123565,1008,1000
42.668843123565,1008,1000
42.679541123565,1008,1000
42.688843117892,1008,1000
42.698843117892,1008,1000
42.708843112236,1008,1000
42.720811813084,1008,1000
42.728843112236,1008,1000
42.741205588586,1008,1000
42.748843112236,1008,1000
42.758843112236,1008,1000
42.769496112236,1008,1000
42.780514286318,1008,1000
42.78884310658,1008,1000
42.79884310658,1008,1000
42.808843100948,1008,1000
42.818843100948,1008,1000
42.829157100948,1008,1000
42.84002789905,1008,1000
42.848843100948,1008,1000
42.858826034926,1008,1000
42.869688488216,1008,1000
42.878843100948,1008,1000
42.888843095316,1008,1000
42.898843095316,1008,1000
42.908843089724,1008,1000
42.918843089724,1008,1000
42.929152544911,1008,1000
42.938843089724,1008,1000
42.948843089724,1008,1000
42.958843089724,1008,1000
42.969874089724,1008,1000
42.978843089724,1008,1000
42.989761084132,1008,1000
42.998843084132,1008,1000
43.008843078562,1008,1000
43.018843078562,1008,1000
43.028843078562,1008,1000
43.038843078562,1008,1000
43.048843078562,1008,1000
43.059012269236,1008,1000
43.068843078562,1008,1000
43.079007263644,1008,1000
43.088843072992,1008,1000
43.099626072992,1008,1000
43.108843067445,1008,1000
43.119577067445,1008,1000
43.128843067445,1008,1000
43.139410067445,1008,1000
43.148843067445,1008,1000
43.161799543904,1008,1000
43.168843067445,1008,1000
43.178843067445,1008,1000
43.190819543904,1008,1000
43.199761061898,1008,1000
43.208843056367,1008,1000
43.218843056367,1008,1000
43.228843056367,1008,1000
43.238843056367,1008,1000
43.252092135495,1008,1000
43.259527056367,1008,1000
43.268843056367,1008,1000
43.278843056367,1008,1000
43.290150213684,1008,1000
43.299424050836,1008,1000
43.309469045337,1008,1000
43.318843045337,1008,1000
43.328843045337,1008,1000
43.338843045337,1008,1000
43.348843045337,1008,1000
43.358843045337,1008,1000
43.368843045337,1008,1000
43.379306359971,1008,1000
43.388843039838,1008,1000
43.398843039838,1008,1000
43.408843034381,1008,1000
43.419802034381,1008,1000
43.428843034381,1008,1000
43.440004591572,1008,1000
43.450153273012,1008,1000
43.458843034381,1008,1000
43.468843034381,1008,1000
43.478843034381,1008,1000
43.489973389673,1008,1000
43.498843028924,1008,1000
43.508967158815,1008,1000
43.518843023484,1008,1000
43.529250716006,1008,1000
43.539480397446,1008,1000
43.548843023484,1008,1000
43.559361454309,1008,1000
43.568843023484,1008,1000
43.579111514107,1008,1000
43.588843018044,1008,1000
43.599572018044,1008,1000
43.608843012658,1008,1000
43.618843012658,1008,1000
43.628843012658,1008,1000
43.639500012658,1008,1000
43.648843012658,1008,1000
43.658843012658,1008,1000
43.668843012658,1008,1000
43.678843012658,1008,1000
43.688843007272,1008,1000
43.698843007272,1008,1000
43.708843001925,1008,1000
43.718843001925,1008,1000
43.728843001925,1008,1000
43.738843001925,1008,1000
43.748843001925,1008,1000
43.758843001925,1008,1000
43.769491001925,1008,1000
43.778843001925,1008,1000
43.788842996578,1008,1000
43.798842996578,1008,1000
43.808842991292,1008,1000
43.818842991292,1008,1000
43.828842991292,1008,1000
43.838842991292,1008,1000
43.848842991292,1008,1000
43.859414991292,1008,1000
43.870134205361,1008,1000
43.879747991292,1008,1000
43.889555234617,1008,1000
43.898842986006,1008,1000
43.908842980857,1008,1000
43.918842980857,1008,1000
43.928842980857,1008,1000
43.938842980857,1008,1000
43.948842980857,1008,1000
43.963993287168,1008,1000
43.968949073099,1008,1000
43.978842980857,1008,1000
43.988842975708,1008,1000
43.998842975708,1008,1000
44.008842970698,1008,1000
44.018842970698,1008,1000
44.028842970698,1008,1000
44.038842970698,1008,1000
44.048842970698,1008,1000
44.059652970698,1008,1000
44.071547447694,1008,1000
44.078842970698,1008,1000
44.088842965688,1008,1000
44.098842965688,1008,1000
44.109954960804,1008,1000
44.118842960804,1008,1000
44.128842960804,1008,1000
44.139927960804,1008,1000
44.148842960804,1008,1000
44.159156960804,1008,1000
44.168842960804,1008,1000
44.178842960804,1008,1000
44.18884295592,1008,1000
44.199084017674,1008,1000
44.208842951172,1008,1000
44.218842951172,1008,1000
44.229165012926,1008,1000
44.238842951172,1008,1000
44.249526397253,1008,1000
44.258842951172,1008,1000
44.269400551802,1008,1000
44.279066008042,1008,1000
44.288842946424,1008,1000
44.298842946424,1008,1000
44.30984694181,1008,1000
44.31884736421,1008,1000
44.32884736421,1008,1000
44.33884736421,1008,1000
44.34884736421,1008,1000
44.35884736421,1008,1000
44.36884736421,1008,1000
44.37884736421,1008,1000
44.388847359596,1008,1000
44.399016402356,1008,1000
44.409697355115,1008,1000
44.418842932716,1008,1000
44.428842932716,1008,1000
44.438842932716,1008,1000
44.448842932716,1008,1000
44.458842932716,1008,1000
44.468842932716,1008,1000
44.478842932716,1008,1000
44.488842928236,1008,1000
44.498842928236,1008,1000
44.508842923888,1008,1000
44.518842923888,1008,1000
44.529567923888,1008,1000
44.538842923888,1008,1000
44.548842923888,1008,1000
44.558842923888,1008,1000
44.568842923888,1008,1000
44.578842923888,1008,1000
44.58884291954,1008,1000
44.59973391954,1008,1000
44.608842915316,1008,1000
44.618842915316,1008,1000
44.628842915316,1008,1000
44.638842915316,1008,1000
44.648842915316,1008,1000
44.658842915316,1008,1000
44.668842915316,1008,1000
44.679819915316,1008,1000
44.688930753428,1008,1000
44.698872560757,1008,1000
44.708842906996,1008,1000
44.718842906996,1008,1000
44.728842906996,1008,1000
44.738842906996,1008,1000
44.751344906996,1008,1000
44.758842906996,1008,1000
44.769119923262,1008,1000
44.778842906996,1008,1000
44.7888429029,1008,1000
44.7988429029,1008,1000
44.808842897765,1008,1000
44.819675897765,1008,1000
44.828842897765,1008,1000
44.838842897765,1008,1000
44.848842897765,1008,1000
44.858842897765,1008,1000
44.868842897765,1008,1000
44.878842897765,1008,1000
44.88884289263,1008,1000
44.89884289263,1008,1000
44.909900887342,1008,1000
44.919328361643,1008,1000
44.928842887342,1008,1000
44.938842887342,1008,1000
44.948842887342,1008,1000
44.958842887342,1008,1000
44.968842887342,1008,1000
44.978842887342,1008,1000
44.989493029825,1008,1000
44.999299870346,1008,1000
45.008842878159,1008,1000
45.018842878159,1008,1000
45.028842878159,1008,1000
45.038842878159,1008,1000
45.048842878159,1008,1000
45.058842878159,1008,1000
45.068842878159,1008,1000
45.078842878159,1008,1000
45.088842874264,1008,1000
45.098842874264,1008,1000
45.108842862477,1008,1000
45.119511811628,1008,1000
45.128842862477,1008,1000
45.138842862477,1008,1000
45.149481862477,1008,1000
45.158842862477,1008,1000
45.168842862477,1008,1000
45.178842862477,1008,1000
45.18884285069,1008,1000
45.19884285069,1008,1000
45.208842847116,1008,1000
45.218842847116,1008,1000
45.228842847116,1008,1000
45.238842847116,1008,1000
45.248842847116,1008,1000
45.260166244189,1008,1000
45.268842847116,1008,1000
45.278842847116,1008,1000
45.288842843542,1008,1000
45.299173236084,1008,1000
45.308842840013,1008,1000
45.318842840013,1008,1000
45.329747840013,1008,1000
45.338842840013,1008,1000
45.349394185152,1008,1000
45.358842840013,1008,1000
45.368842840013,1008,1000
45.378842840013,1008,1000
45.388842836484,1008,1000
45.399711836484,1008,1000
45.408842832955,1008,1000
45.418930671067,1008,1000
45.428842832955,1008,1000
45.438842832955,1008,1000
45.449819832955,1008,1000
45.458842832955,1008,1000
45.468842832955,1008,1000
45.478842832955,1008,1000
45.488842829426,1008,1000
45.498842829426,1008,1000
45.508842825948,1008,1000
45.518842825948,1008,1000
45.528842825948,1008,1000
45.539038759853,1008,1000
45.548842825948,1008,1000
45.558842825948,1008,1000
45.568842825948,1008,1000
45.578842825948,1008,1000
45.58884282247,1008,1000
45.59990017299,1008,1000
45.609904819017,1008,1000
45.618842819017,1008,1000
45.628842819017,1008,1000
45.638842819017,1008,1000
45.648842819017,1008,1000
45.658842819017,1008,1000
45.668842819017,1008,1000
45.678842819017,1008,1000
45.689047089504,1008,1000
45.699177735531,1008,1000
45.70884281212,1008,1000
45.71884281212,1008,1000
45.72884281212,1008,1000
45.73884281212,1008,1000
45.74884281212,1008,1000
45.75884281212,1008,1000
45.76884281212,1008,1000
45.77884281212,1008,1000
45.788842808676,1008,1000
45.798842808676,1008,1000
45.808842805257,1008,1000
45.818842805257,1008,1000
45.829544109959,1008,1000
45.838842805257,1008,1000
45.849298176771,1008,1000
45.858842805257,1008,1000
45.868842805257,1008,1000
45.878842805257,1008,1000
45.889526801838,1008,1000
45.898842801838,1008,1000
45.908842798445,1008,1000
45.918842798445,1008,1000
45.928842798445,1008,1000
45.938842798445,1008,1000
45.948842798445,1008,1000
45.958842798445,1008,1000
45.968842798445,1008,1000
45.978842798445,1008,1000
45.98919169784,1008,1000
45.999499795052,1008,1000
46.008842791701,1008,1000
46.018842791701,1008,1000
46.029468591786,1008,1000
46.038842791701,1008,1000
46.048842791701,1008,1000
46.058842791701,1008,1000
46.068842791701,1008,1000
46.078842791701,1008,1000
46.08884278835,1008,1000
46.09884278835,1008,1000
46.108842785011,1008,1000
46.118842785011,1008,1000
46.128842785011,1008,1000
46.139409048968,1008,1000
46.148842785011,1008,1000
46.159391785011,1008,1000
46.168842785011,1008,1000
46.178842785011,1008,1000
46.189526781672,1008,1000
46.198842781672,1008,1000
46.208842778362,1008,1000
46.218842778362,1008,1000
46.228842778362,1008,1000
46.238842778362,1008,1000
46.248842778362,1008,1000
46.258842778362,1008,1000
46.269760778362,1008,1000
46.279603025612,1008,1000
46.288842775052,1008,1000
46.298842775052,1008,1000
46.308842771787,1008,1000
46.318842771787,1008,1000
46.328842771787,1008,1000
46.338842771787,1008,1000
46.349522771787,1008,1000
46.359105651099,1008,1000
46.369621771787,1008,1000
46.379616005797,1008,1000
46.388842768522,1008,1000
46.398842768522,1008,1000
46.408842765287,1008,1000
46.418842765287,1008,1000
46.428842765287,1008,1000
46.438842765287,1008,1000
46.448842765287,1008,1000
46.459456708853,1008,1000
46.468842765287,1008,1000
46.479391765287,1008,1000
46.488842762052,1008,1000
46.498842762052,1008,1000
46.508842758845,1008,1000
46.518842758845,1008,1000
46.528842758845,1008,1000
46.538842758845,1008,1000
46.548842758845,1008,1000
46.558842758845,1008,1000
46.568842758845,1008,1000
46.578842758845,1008,1000
46.588842755638,1008,1000
46.598842755638,1008,1000
46.608842751809,1008,1000
46.618842751809,1008,1000
46.628842751809,1008,1000
46.638842751809,1008,1000
46.649630751809,1008,1000
46.658842751809,1008,1000
46.668842751809,1008,1000
46.679891751809,1008,1000
46.68884274798,1008,1000
46.69884274798,1008,1000
46.709211345575,1008,1000
46.719540743977,1008,1000
46.728842743977,1008,1000
46.738842743977,1008,1000
46.748842743977,1008,1000
46.758842743977,1008,1000
46.769227596736,1008,1000
46.778842743977,1008,1000
46.788842739974,1008,1000
46.798842739974,1008,1000
46.808842735996,1008,1000
46.818842735996,1008,1000
46.828842735996,1008,1000
46.838842735996,1008,1000
46.849508735996,1008,1000
46.858842735996,1008,1000
46.868842735996,1008,1000
46.878842735996,1008,1000
46.889120824052,1008,1000
46.898842732018,1008,1000
46.908978331435,1008,1000
46.918842728046,1008,1000
46.929778728046,1008,1000
46.938842728046,1008,1000
46.948842728046,1008,1000
46.959922728046,1008,1000
46.968842728046,1008,1000
46.978842728046,1008,1000
46.988842724074,1008,1000
46.998842724074,1008,1000
47.008842720112,1008,1000
47.019033549108,1008,1000
47.028842720112,1008,1000
47.038842720112,1008,1000
47.049186549108,1008,1000
47.058842720112,1008,1000
47.068842720112,1008,1000
47.078842720112,1008,1000
47.08884271615,1008,1000
47.09884271615,1008,1000
47.108842712218,1008,1000
47.118842712218,1008,1000
47.128842712218,1008,1000
47.139424661382,1008,1000
47.148842712218,1008,1000
47.158842712218,1008,1000
47.168842712218,1008,1000
47.178842712218,1008,1000
47.188842708286,1008,1000
47.198842708286,1008,1000
47.208842704395,1008,1000
47.218842704395,1008,1000
47.228842704395,1008,1000
47.238842704395,1008,1000
47.248842704395,1008,1000
47.258842704395,1008,1000
47.268842704395,1008,1000
47.278842704395,1008,1000
47.288842700504,1008,1000
47.301008174784,1008,1000
47.308842696641,1008,1000
47.319126934648,1008,1000
47.328842696641,1008,1000
47.338842696641,1008,1000
47.348842696641,1008,1000
47.358842696641,1008,1000
47.368842696641,1008,1000
47.378842696641,1008,1000
47.388842692778,1008,1000
47.398842692778,1008,1000
47.408842688929,1008,1000
47.418842688929,1008,1000
47.428842688929,1008,1000
47.439282762254,1008,1000
47.448842688929,1008,1000
47.458842688929,1008,1000
47.468842688929,1008,1000
47.478842688929,1008,1000
47.48884268508,1008,1000
47.49884268508,1008,1000
47.508842681253,1008,1000
47.519877681253,1008,1000
47.528842681253,1008,1000
47.538842681253,1008,1000
47.548842681253,1008,1000
47.558842681253,1008,1000
47.568842681253,1008,1000
47.578842681253,1008,1000
47.588842677426,1008,1000
47.598842677426,1008,1000
47.609024455813,1008,1000
47.61884267361,1008,1000
47.62884267361,1008,1000
47.63884267361,1008,1000
47.64884267361,1008,1000
47.65884267361,1008,1000
47.66884267361,1008,1000
47.67884267361,1008,1000
47.688842669794,1008,1000
47.698842669794,1008,1000
47.708842666005,1008,1000
47.718842666005,1008,1000
47.728842666005,1008,1000
47.738842666005,1008,1000
47.749025049583,1008,1000
47.758842666005,1008,1000
47.768842666005,1008,1000
47.778842666005,1008,1000
47.788842662216,1008,1000
47.798842662216,1008,1000
47.808842658212,1008,1000
47.818842658212,1008,1000
47.828842658212,1008,1000
47.838842658212,1008,1000
47.848842658212,1008,1000
47.858842658212,1008,1000
47.868842658212,1008,1000
47.878842658212,1008,1000
47.888842654208,1008,1000
47.898842654208,1008,1000
47.908842650113,1008,1000
47.918842650113,1008,1000
47.928842650113,1008,1000
47.939747650113,1008,1000
47.948842650113,1008,1000
47.958842650113,1008,1000
47.968842650113,1008,1000
47.978842650113,1008,1000
47.988842646018,1008,1000
47.998842646018,1008,1000
48.008842641933,1008,1000
48.018842641933,1008,1000
48.029092702295,1008,1000
48.038842641933,1008,1000
48.048842641933,1008,1000
48.06002789905,1008,1000
48.068842641933,1008,1000
48.078842641933,1008,1000
48.089936637848,1008,1000
48.098842637848,1008,1000
48.108842633798,1008,1000
48.118842633798,1008,1000
48.128842633798,1008,1000
48.138842633798,1008,1000
48.14914901781,1008,1000
48.160074961998,1008,1000
48.168842633798,1008,1000
48.179308372596,1008,1000
48.188842629748,1008,1000
48.198842629748,1008,1000
48.208842625708,1008,1000
48.218842625708,1008,1000
48.228842625708,1008,1000
48.239571625708,1008,1000
48.249329688656,1008,1000
48.258842625708,1008,1000
48.268842625708,1008,1000
48.278842625708,1008,1000
48.288842621668,1008,1000
48.298842621668,1008,1000
48.308842617667,1008,1000
48.318842617667,1008,1000
48.328842617667,1008,1000
48.338842617667,1008,1000
48.348842617667,1008,1000
48.358842617667,1008,1000
48.368842617667,1008,1000
48.378842617667,1008,1000
48.388842613666,1008,1000
48.398842613666,1008,1000
48.409381524918,1008,1000
48.418842609679,1008,1000
48.428842609679,1008,1000
48.438842609679,1008,1000
48.448977559493,1008,1000
48.459675609679,1008,1000
48.468842609679,1008,1000
48.478842609679,1008,1000
48.488842605692,1008,1000
48.498842605692,1008,1000
48.508842601733,1008,1000
48.518842601733,1008,1000
48.528842601733,1008,1000
48.538842601733,1008,1000
48.548842601733,1008,1000
48.558842601733,1008,1000
48.568842601733,1008,1000
48.578842601733,1008,1000
48.588842597774,1008,1000
48.598842597774,1008,1000
48.608839273857,1008,1000
48.618842593837,1008,1000
48.628842593837,1008,1000
48.638842593837,1008,1000
48.648842593837,1008,1000
48.658842593837,1008,1000
48.669400593837,1008,1000
48.678842593837,1008,1000
48.6888425899,1008,1000
48.6988425899,1008,1000
48.708842585994,1008,1000
48.719137280781,1008,1000
48.728842585994,1008,1000
48.738842585994,1008,1000
48.748842585994,1008,1000
48.758842585994,1008,1000
48.768842585994,1008,1000
48.778842585994,1008,1000
48.788842582088,1008,1000
48.798842582088,1008,1000
48.809721124978,1008,1000
48.818842578203,1008,1000
48.829864578203,1008,1000
48.838842578203,1008,1000
48.848842578203,1008,1000
48.858842578203,1008,1000
48.868842578203,1008,1000
48.878842578203,1008,1000
48.888842574318,1008,1000
48.899083800246,1008,1000
48.908842570472,1008,1000
48.919209249625,1008,1000
48.928842570472,1008,1000
48.938842570472,1008,1000
48.948842570472,1008,1000
48.958842570472,1008,1000
48.968842570472,1008,1000
48.978842570472,1008,1000
48.988842566626,1008,1000
48.998842566626,1008,1000
49.009676062505,1008,1000
49.018842562348,1008,1000
49.028842562348,1008,1000
49.038842562348,1008,1000
49.048842562348,1008,1000
49.058842562348,1008,1000
49.068842562348,1008,1000
49.078842562348,1008,1000
49.08884255807,1008,1000
49.09884255807,1008,1000
49.108842553783,1008,1000
49.118842553783,1008,1000
49.128842553783,1008,1000
49.138842553783,1008,1000
49.148842553783,1008,1000
49.158842553783,1008,1000
49.168842553783,1008,1000
49.178842553783,1008,1000
49.188842549496,1008,1000
49.198842549496,1008,1000
49.208842545252,1008,1000
49.219426332437,1008,1000
49.228842545252,1008,1000
49.238842545252,1008,1000
49.248842545252,1008,1000
49.258842545252,1008,1000
49.268842545252,1008,1000
49.279647929326,1008,1000
49.288842541008,1008,1000
49.298842541008,1008,1000
49.308842536781,1008,1000
49.318842536781,1008,1000
49.328842536781,1008,1000
49.338842536781,1008,1000
49.348842536781,1008,1000
49.358842536781,1008,1000
49.37134901456,1008,1000
49.378982943261,1008,1000
49.388842532554,1008,1000
49.398842532554,1008,1000
49.408842528358,1008,1000
49.418842528358,1008,1000
49.428842528358,1008,1000
49.438842528358,1008,1000
49.448842528358,1008,1000
49.459156528358,1008,1000
49.468842528358,1008,1000
49.478842528358,1008,1000
49.488842524162,1008,1000
49.498842524162,1008,1000
49.50884251998,1008,1000
49.51884251998,1008,1000
49.52884251998,1008,1000
49.53884251998,1008,1000
49.54884251998,1008,1000
49.55884251998,1008,1000
49.56884251998,1008,1000
49.57884251998,1008,1000
49.588842515798,1008,1000
49.598842515798,1008,1000
49.608842511642,1008,1000
49.618842511642,1008,1000
49.628842511642,1008,1000
49.638842511642,1008,1000
49.648842511642,1008,1000
49.658842511642,1008,1000
49.668842511642,1008,1000
49.678842511642,1008,1000
49.688842507486,1008,1000
49.698842507486,1008,1000
49.70884250334,1008,1000
49.71884250334,1008,1000
49.72884250334,1008,1000
49.73884250334,1008,1000
49.74884250334,1008,1000
49.75884250334,1008,1000
49.76884250334,1008,1000
49.77884250334,1008,1000
49.789534198072,1008,1000
49.798842499194,1008,1000
49.808842495083,1008,1000
49.818842495083,1008,1000
49.828842495083,1008,1000
49.838842495083,1008,1000
49.848842495083,1008,1000
49.858842495083,1008,1000
49.868842495083,1008,1000
49.878842495083,1008,1000
49.888842490972,1008,1000
49.898842490972,1008,1000
49.90884248689,1008,1000
49.91884248689,1008,1000
49.92884248689,1008,1000
49.93884248689,1008,1000
49.94884248689,1008,1000
49.95884248689,1008,1000
49.96884248689,1008,1000
49.97884248689,1008,1000
49.988842482808,1008,1000
49.998842482808,1008,1000
50.008842478736,1008,1000
50.018842478736,1008,1000
50.028842478736,1008,1000
50.038842478736,1008,1000
50.048842478736,1008,1000
50.058842478736,1008,1000
50.068842478736,1008,1000
50.079463478736,1008,1000
50.088842474664,1008,1000
50.098842474664,1008,1000
50.108842470634,1008,1000
50.119657470634,1008,1000
50.128842470634,1008,1000
50.138842470634,1008,1000
50.148842470634,1008,1000
50.158842470634,1008,1000
50.168842470634,1008,1000
50.178842470634,1008,1000
50.188842466604,1008,1000
50.199729466604,1008,1000
50.20884246259,1008,1000
50.21884246259,1008,1000
50.22884246259,1008,1000
50.23884246259,1008,1000
50.24884246259,1008,1000
50.25884246259,1008,1000
50.26884246259,1008,1000
50.27884246259,1008,1000
50.28905602613,1008,1000
50.298842458576,1008,1000
50.309499752043,1008,1000
50.318842454588,1008,1000
50.328842454588,1008,1000
50.338842454588,1008,1000
50.348842454588,1008,1000
50.358842454588,1008,1000
50.368842454588,1008,1000
50.378842454588,1008,1000
50.3888424506,1008,1000
50.3988424506,1008,1000
50.40884244663,1008,1000
50.41884244663,1008,1000
50.429975035724,1008,1000
50.43884244663,1008,1000
50.44884244663,1008,1000
50.45884244663,1008,1000
50.46884244663,1008,1000
50.47884244663,1008,1000
50.48884244266,1008,1000
50.49884244266,1008,1000
50.508842438725,1008,1000
50.519229575399,1008,1000
50.528842438725,1008,1000
50.538842438725,1008,1000
50.548842438725,1008,1000
50.558842438725,1008,1000
50.568842438725,1008,1000
50.578842438725,1008,1000
50.58884243479,1008,1000
50.59884243479,1008,1000
50.608842430309,1008,1000
50.618842430309,1008,1000
50.628842430309,1008,1000
50.638842430309,1008,1000
50.648842430309,1008,1000
50.658842430309,1008,1000
50.668842430309,1008,1000
50.678842430309,1008,1000
50.688842425828,1008,1000
50.698842425828,1008,1000
50.709531421347,1008,1000
50.719765421347,1008,1000
50.728842421347,1008,1000
50.739388832644,1008,1000
50.748842421347,1008,1000
50.758842421347,1008,1000
50.768842421347,1008,1000
50.778835860834,1008,1000
50.788842416866,1008,1000
50.798842416866,1008,1000
50.809046934713,1008,1000
50.818842412416,1008,1000
50.828842412416,1008,1000
50.838842412416,1008,1000
50.849940412416,1008,1000
50.858842412416,1008,1000
50.868842412416,1008,1000
50.878842412416,1008,1000
50.888842407966,1008,1000
50.898928977857,1008,1000
50.908842403506,1008,1000
50.919460628341,1008,1000
50.928842403506,1008,1000
50.939194916872,1008,1000
50.948842403506,1008,1000
50.958842403506,1008,1000
50.968842403506,1008,1000
50.978842403506,1008,1000
50.988842399046,1008,1000
50.998842399046,1008,1000
51.008842394628,1008,1000
51.018842394628,1008,1000
51.028842394628,1008,1000
51.038842394628,1008,1000
51.048842394628,1008,1000
51.058842394628,1008,1000
51.068842394628,1008,1000
51.078842394628,1008,1000
51.08884239021,1008,1000
51.09884239021,1008,1000
51.108842385808,1008,1000
51.119752694032,1008,1000
51.128842385808,1008,1000
51.138842385808,1008,1000
51.148842385808,1008,1000
51.158842385808,1008,1000
51.169241909512,1008,1000
51.178842385808,1008,1000
51.188842381406,1008,1000
51.198842381406,1008,1000
51.209106171993,1008,1000
51.218842377011,1008,1000
51.228842377011,1008,1000
51.238842377011,1008,1000
51.248842377011,1008,1000
51.258842377011,1008,1000
51.268842377011,1008,1000
51.279868377011,1008,1000
51.288842372616,1008,1000
51.298842372616,1008,1000
51.308842368269,1008,1000
51.318842368269,1008,1000
51.328842368269,1008,1000
51.339656703447,1008,1000
51.349520740995,1008,1000
51.358842368269,1008,1000
51.36911384623,1008,1000
51.378842368269,1008,1000
51.388842363922,1008,1000
51.398842363922,1008,1000
51.408842359597,1008,1000
51.418842359597,1008,1000
51.428842359597,1008,1000
51.438842359597,1008,1000
51.448842359597,1008,1000
51.458842359597,1008,1000
51.468842359597,1008,1000
51.478842359597,1008,1000
51.489479767022,1008,1000
51.498842355272,1008,1000
51.508842350976,1008,1000
51.518842350976,1008,1000
51.528842350976,1008,1000
51.538842350976,1008,1000
51.548842350976,1008,1000
51.558842350976,1008,1000
51.568842350976,1008,1000
51.578842350976,1008,1000
51.58884234668,1008,1000
51.599355978835,1008,1000
51.608842342406,1008,1000
51.618842342406,1008,1000
51.628842342406,1008,1000
51.638842342406,1008,1000
51.648842342406,1008,1000
51.658842342406,1008,1000
51.668842342406,1008,1000
51.678842342406,1008,1000
51.688842338132,1008,1000
51.698842338132,1008,1000
51.708842333693,1008,1000
51.718842333693,1008,1000
51.728842333693,1008,1000
51.738842333693,1008,1000
51.748842333693,1008,1000
51.758842333693,1008,1000
51.768842333693,1008,1000
51.779328853877,1008,1000
51.788842329254,1008,1000
51.798842329254,1008,1000
51.808842324658,1008,1000
51.818842324658,1008,1000
51.828842324658,1008,1000
51.838842324658,1008,1000
51.848842324658,1008,1000
51.858842324658,1008,1000
51.868842324658,1008,1000
51.878842324658,1008,1000
51.888842320062,1008,1000
51.898842320062,1008,1000
51.908842315502,1008,1000
51.918842315502,1008,1000
51.928842315502,1008,1000
51.938842315502,1008,1000
51.948842315502,1008,1000
51.958842315502,1008,1000
51.968842315502,1008,1000
51.978842315502,1008,1000
51.988842310942,1008,1000
51.998842310942,1008,1000
52.008842306407,1008,1000
52.018842306407,1008,1000
52.029038050909,1008,1000
52.038842306407,1008,1000
52.048842306407,1008,1000
52.058842306407,1008,1000
52.068842306407,1008,1000
52.078842306407,1008,1000
52.088842301872,1008,1000
52.098842301872,1008,1000
52.108842297351,1008,1000
52.118842297351,1008,1000
52.128842297351,1008,1000
52.138842297351,1008,1000
52.148842297351,1008,1000
52.158842297351,1008,1000
52.168842297351,1008,1000
52.178842297351,1008,1000
52.18884229283,1008,1000
52.19884229283,1008,1000
52.209217961366,1008,1000
52.218842288315,1008,1000
52.228842288315,1008,1000
52.238842288315,1008,1000
52.248842288315,1008,1000
52.258842288315,1008,1000
52.268842288315,1008,1000
52.278842288315,1008,1000
52.2888422838,1008,1000
52.2988422838,1008,1000
52.308842279316,1008,1000
52.318842279316,1008,1000
52.329308535337,1008,1000
52.338842279316,1008,1000
52.348842279316,1008,1000
52.358842279316,1008,1000
52.368842279316,1008,1000
52.378842279316,1008,1000
52.388842274832,1008,1000
52.398842274832,1008,1000
52.40884227038,1008,1000
52.41884227038,1008,1000
52.42884227038,1008,1000
52.439720138439,1008,1000
52.44884227038,1008,1000
52.458999127043,1008,1000
52.46884227038,1008,1000
52.47884227038,1008,1000
52.488842265928,1008,1000
52.498842265928,1008,1000
52.508842261499,1008,1000
52.518842261499,1008,1000
52.530213349772,1008,1000
52.538842261499,1008,1000
52.548842261499,1008,1000
52.558842261499,1008,1000
52.568842261499,1008,1000
52.578842261499,1008,1000
52.58884225707,1008,1000
52.59884225707,1008,1000
52.608842252657,1008,1000
52.62020189927,1008,1000
52.629254455132,1008,1000
52.639008073804,1008,1000
52.648842252657,1008,1000
52.658842252657,1008,1000
52.668842252657,1008,1000
52.678842252657,1008,1000
52.688842248244,1008,1000
52.698842248244,1008,1000
52.709384244105,1008,1000
52.718842243885,1008,1000
52.728842243885,1008,1000
52.738842243885,1008,1000
52.748842243885,1008,1000
52.758842243885,1008,1000
52.768842243885,1008,1000
52.778842243885,1008,1000
52.788842239526,1008,1000
52.798842239526,1008,1000
52.808842235191,1008,1000
52.818842235191,1008,1000
52.828842235191,1008,1000
52.838842235191,1008,1000
52.848842235191,1008,1000
52.858842235191,1008,1000
52.868842235191,1008,1000
52.878842235191,1008,1000
52.888842230856,1008,1000
52.898842230856,1008,1000
52.908842226547,1008,1000
52.918842226547,1008,1000
52.928842226547,1008,1000
52.938842226547,1008,1000
52.948842226547,1008,1000
52.958842226547,1008,1000
52.968842226547,1008,1000
52.978842226547,1008,1000
52.988842222238,1008,1000
52.998842222238,1008,1000
53.008842217936,1008,1000
53.018842217936,1008,1000
53.028842217936,1008,1000
53.038842217936,1008,1000
53.048842217936,1008,1000
53.058842217936,1008,1000
53.069131186715,1008,1000
53.078842217936,1008,1000
53.088842213634,1008,1000
53.098842213634,1008,1000
53.108842209361,1008,1000
53.118842209361,1008,1000
53.128842209361,1008,1000
53.138842209361,1008,1000
53.148842209361,1008,1000
53.158842209361,1008,1000
53.168842209361,1008,1000
53.178842209361,1008,1000
53.188842205088,1008,1000
53.198842205088,1008,1000
53.208842200857,1008,1000
53.218842200857,1008,1000
53.228842200857,1008,1000
53.238842200857,1008,1000
53.248842200857,1008,1000
53.258842200857,1008,1000
53.268842200857,1008,1000
53.278842200857,1008,1000
53.288842196626,1008,1000
53.299367204283,1008,1000
53.308842192425,1008,1000
53.318842192425,1008,1000
53.328842192425,1008,1000
53.338842192425,1008,1000
53.348842192425,1008,1000
53.358842192425,1008,1000
53.368842192425,1008,1000
53.378842192425,1008,1000
53.388842188224,1008,1000
53.398842188224,1008,1000
53.409039457357,1008,1000
53.418842184061,1008,1000
53.429754495365,1008,1000
53.438842184061,1008,1000
53.448842184061,1008,1000
53.458842184061,1008,1000
53.468842184061,1008,1000
53.478842184061,1008,1000
53.488842179898,1008,1000
53.498876300063,1008,1000
53.508842175761,1008,1000
53.519035772076,1008,1000
53.528842175761,1008,1000
53.538842175761,1008,1000
53.548842175761,1008,1000
53.558842175761,1008,1000
53.568842175761,1008,1000
53.578842175761,1008,1000
53.588842171624,1008,1000
53.598842171624,1008,1000
53.608842167526,1008,1000
53.618842167526,1008,1000
53.628842167526,1008,1000
53.638842167526,1008,1000
53.648842167526,1008,1000
53.658842167526,1008,1000
53.668842167526,1008,1000
53.678842167526,1008,1000
53.688842163428,1008,1000
53.698842163428,1008,1000
53.708842159384,1008,1000
53.719299174244,1008,1000
53.728842159384,1008,1000
53.738842159384,1008,1000
53.748842159384,1008,1000
53.758842159384,1008,1000
53.768842159384,1008,1000
53.778842159384,1008,1000
53.78884215534,1008,1000
53.79884215534,1008,1000
53.808842151317,1008,1000
53.818842151317,1008,1000
53.828842151317,1008,1000
53.838842151317,1008,1000
53.848842151317,1008,1000
53.858842151317,1008,1000
53.868842151317,1008,1000
53.879130035342,1008,1000
53.888842147294,1008,1000
53.898842147294,1008,1000
53.908842143311,1008,1000
53.918842143311,1008,1000
53.928842143311,1008,1000
53.938842143311,1008,1000
53.948842143311,1008,1000
53.958842143311,1008,1000
53.968842143311,1008,1000
53.978842143311,1008,1000
53.988842139328,1008,1000
53.998842139328,1008,1000
54.008842135374,1008,1000
54.018842135374,1008,1000
54.028842135374,1008,1000
54.038842135374,1008,1000
54.048842135374,1008,1000
54.058842135374,1008,1000
54.069473471439,1008,1000
54.078842135374,1008,1000
54.08884213142,1008,1000
54.09884213142,1008,1000
54.108842127536,1008,1000
54.118842127536,1008,1000
54.129881571105,1008,1000
54.138842127536,1008,1000
54.148842127536,1008,1000
54.159904127536,1008,1000
54.168842127536,1008,1000
54.178842127536,1008,1000
54.188842123652,1008,1000
54.198842123652,1008,1000
54.209688119656,1008,1000
54.219162791711,1008,1000
54.228842119656,1008,1000
54.238842119656,1008,1000
54.251503597666,1008,1000
54.258842119656,1008,1000
54.268842119656,1008,1000
54.278842119656,1008,1000
54.28884211566,1008,1000
54.29884211566,1008,1000
54.308842111715,1008,1000
54.318842111715,1008,1000
54.329724402205,1008,1000
54.338842111715,1008,1000
54.348842111715,1008,1000
54.358842111715,1008,1000
54.368842111715,1008,1000
54.379533026941,1008,1000
54.38884210777,1008,1000
54.39884210777,1008,1000
54.408842103873,1008,1000
54.418951607028,1008,1000
54.428842103873,1008,1000
54.438842103873,1008,1000
54.4496963939,1008,1000
54.458842103873,1008,1000
54.468842103873,1008,1000
54.478842103873,1008,1000
54.488842099976,1008,1000
54.498842099976,1008,1000
54.508842096114,1008,1000
54.518842096114,1008,1000
54.528842096114,1008,1000
54.538842096114,1008,1000
54.548842096114,1008,1000
54.558842096114,1008,1000
54.568842096114,1008,1000
54.578842096114,1008,1000
54.588842092252,1008,1000
54.598842092252,1008,1000
54.608842088449,1008,1000
54.618842088449,1008,1000
54.628842088449,1008,1000
54.638842088449,1008,1000
54.648842088449,1008,1000
54.658842088449,1008,1000
54.668842088449,1008,1000
54.679681029845,1008,1000
54.688842084646,1008,1000
54.698842084646,1008,1000
54.708842080864,1008,1000
54.718842080864,1008,1000
54.728842080864,1008,1000
54.738842080864,1008,1000
54.748842080864,1008,1000
54.758842080864,1008,1000
54.768842080864,1008,1000
54.778842080864,1008,1000
54.788842077082,1008,1000
54.798842077082,1008,1000
54.808842073372,1008,1000
54.818842073372,1008,1000
54.828842073372,1008,1000
54.838842073372,1008,1000
54.848842073372,1008,1000
54.858842073372,1008,1000
54.868842073372,1008,1000
54.878842073372,1008,1000
54.888842069662,1008,1000
54.898842069662,1008,1000
54.908842065979,1008,1000
54.918842065979,1008,1000
54.928842065979,1008,1000
54.938842065979,1008,1000
54.948842065979,1008,1000
54.958842065979,1008,1000
54.968842065979,1008,1000
54.978842065979,1008,1000
54.988842062296,1008,1000
54.998842062296,1008,1000
55.008842058692,1008,1000
55.018842058692,1008,1000
55.028842058692,1008,1000
55.038842058692,1008,1000
55.048842058692,1008,1000
55.058842058692,1008,1000
55.068842058692,1008,1000
55.079302598752,1008,1000
55.088842055088,1008,1000
55.098842055088,1008,1000
55.108842051536,1008,1000
55.118842051536,1008,1000
55.129958362156,1008,1000
55.138842051536,1008,1000
55.148842051536,1008,1000
55.158842051536,1008,1000
55.168842051536,1008,1000
55.178842051536,1008,1000
55.188842047984,1008,1000
55.198842047984,1008,1000
55.208842044488,1008,1000
55.219257507594,1008,1000
55.228842044488,1008,1000
55.238842044488,1008,1000
55.248842044488,1008,1000
55.258842044488,1008,1000
55.268842044488,1008,1000
55.278842044488,1008,1000
55.28908025136,1008,1000
55.298842040992,1008,1000
55.308842037546,1008,1000
55.318842037546,1008,1000
55.328842037546,1008,1000
55.338842037546,1008,1000
55.348842037546,1008,1000
55.358842037546,1008,1000
55.368842037546,1008,1000
55.378842037546,1008,1000
55.3888420341,1008,1000
55.3988420341,1008,1000
55.408842030705,1008,1000
55.418842030705,1008,1000
55.428842030705,1008,1000
55.439557569925,1008,1000
55.448842030705,1008,1000
55.458842030705,1008,1000
55.469553403313,1008,1000
55.478842030705,1008,1000
55.48884202731,1008,1000
55.49884202731,1008,1000
55.50884202398,1008,1000
55.51884202398,1008,1000
55.52884202398,1008,1000
55.53884202398,1008,1000
55.54884202398,1008,1000
55.55884202398,1008,1000
55.56884202398,1008,1000
55.57884202398,1008,1000
55.58884202065,1008,1000
55.59884202065,1008,1000
55.608842017389,1008,1000
55.619179755786,1008,1000
55.629443457304,1008,1000
55.638842017389,1008,1000
55.648842017389,1008,1000
55.658842017389,1008,1000
55.668842017389,1008,1000
55.678842017389,1008,1000
55.688842014128,1008,1000
55.698842014128,1008,1000
55.70884201094,1008,1000
55.71884201094,1008,1000
55.72884201094,1008,1000
55.73884201094,1008,1000
55.74884201094,1008,1000
55.75884201094,1008,1000
55.76884201094,1008,1000
55.77884201094,1008,1000
55.788842007752,1008,1000
55.798842007752,1008,1000
55.808842004632,1008,1000
55.818842004632,1008,1000
55.828842004632,1008,1000
55.838842004632,1008,1000
55.848842004632,1008,1000
55.858842004632,1008,1000
55.868842004632,1008,1000
55.878842004632,1008,1000
55.888842001512,1008,1000
55.898842001512,1008,1000
55.908841998452,1008,1000
55.918841998452,1008,1000
55.928841998452,1008,1000
55.938841998452,1008,1000
55.948841998452,1008,1000
55.959288414549,1008,1000
55.968841998452,1008,1000
55.978841998452,1008,1000
55.988841995392,1008,1000
55.998841995392,1008,1000
56.008841992415,1008,1000
56.018841992415,1008,1000
56.028841992415,1008,1000
56.038841992415,1008,1000
56.048841992415,1008,1000
56.059494549917,1008,1000
56.068841992415,1008,1000
56.078841992415,1008,1000
56.090037260795,1008,1000
56.098841989438,1008,1000
56.108841986532,1008,1000
56.118841986532,1008,1000
56.128841986532,1008,1000
56.138841986532,1008,1000
56.148841986532,1008,1000
56.158841986532,1008,1000
56.168841986532,1008,1000
56.179435348277,1008,1000
56.188841983626,1008,1000
56.198841983626,1008,1000
56.208841980801,1008,1000
56.218841980801,1008,1000
56.228841980801,1008,1000
56.239530779229,1008,1000
56.248841980801,1008,1000
56.258841980801,1008,1000
56.268841980801,1008,1000
56.279523631959,1008,1000
56.288841977976,1008,1000
56.298841977976,1008,1000
56.308841975223,1008,1000
56.318841975223,1008,1000
56.328841975223,1008,1000
56.338841975223,1008,1000
56.348841975223,1008,1000
56.358841975223,1008,1000
56.368841975223,1008,1000
56.378841975223,1008,1000
56.38884197247,1008,1000
56.39884197247,1008,1000
56.4088419698,1008,1000
56.4188419698,1008,1000
56.4288419698,1008,1000
56.4388419698,1008,1000
56.4488419698,1008,1000
56.45961028799,1008,1000
56.4688419698,1008,1000
56.4788419698,1008,1000
56.489221643387,1008,1000
56.499352587966,1008,1000
56.508841964544,1008,1000
56.519518976864,1008,1000
56.528841964544,1008,1000
56.538841964544,1008,1000
56.548841964544,1008,1000
56.558841964544,1008,1000
56.568841964544,1008,1000
56.578841964544,1008,1000
56.589315942597,1008,1000
56.598841961958,1008,1000
56.608841959467,1008,1000
56.618841959467,1008,1000
56.628841959467,1008,1000
56.638841959467,1008,1000
56.648841959467,1008,1000
56.658841959467,1008,1000
56.669347898945,1008,1000
56.678841959467,1008,1000
56.688841956976,1008,1000
56.698841956976,1008,1000
56.708841954565,1008,1000
56.718841954565,1008,1000
56.728841954565,1008,1000
56.738841954565,1008,1000
56.748841954565,1008,1000
56.758841954565,1008,1000
56.768841954565,1008,1000
56.778841954565,1008,1000
56.788841952154,1008,1000
56.798841952154,1008,1000
56.808841949844,1008,1000
56.818841949844,1008,1000
56.828841949844,1008,1000
56.838841949844,1008,1000
56.848841949844,1008,1000
56.858841949844,1008,1000
56.868841949844,1008,1000
56.878841949844,1008,1000
56.888841947534,1008,1000
56.898841947534,1008,1000
56.90884194532,1008,1000
56.919128739325,1008,1000
56.92884194532,1008,1000
56.93884194532,1008,1000
56.94884194532,1008,1000
56.95884194532,1008,1000
56.96884194532,1008,1000
56.97884194532,1008,1000
56.988841943106,1008,1000
56.998841943106,1008,1000
57.008841940985,1008,1000
57.018841940985,1008,1000
57.028841940985,1008,1000
57.039620648956,1008,1000
57.048841940985,1008,1000
57.058841940985,1008,1000
57.068841940985,1008,1000
57.078841940985,1008,1000
57.088841938864,1008,1000
57.099399020105,1008,1000
57.10884193684,1008,1000
57.11884193684,1008,1000
57.12884193684,1008,1000
57.13884193684,1008,1000
57.14884193684,1008,1000
57.15884193684,1008,1000
57.16884193684,1008,1000
57.17884193684,1008,1000
57.188841934816,1008,1000
57.198841934816,1008,1000
57.208841932907,1008,1000
57.218841932907,1008,1000
57.228841932907,1008,1000
57.238841932907,1008,1000
57.248841932907,1008,1000
57.258841932907,1008,1000
57.268841932907,1008,1000
57.278841932907,1008,1000
57.288841930998,1008,1000
57.298841930998,1008,1000
57.308841929183,1008,1000
57.318841929183,1008,1000
57.328841929183,1008,1000
57.338841929183,1008,1000
57.349071845136,1008,1000
57.358841929183,1008,1000
57.368841929183,1008,1000
57.378841929183,1008,1000
57.388841927368,1008,1000
57.398841927368,1008,1000
57.408841925662,1008,1000
57.418841925662,1008,1000
57.428841925662,1008,1000
57.438841925662,1008,1000
57.448841925662,1008,1000
57.458841925662,1008,1000
57.468841925662,1008,1000
57.478841925662,1008,1000
57.488841923956,1008,1000
57.498841923956,1008,1000
57.508841922359,1008,1000
57.518841922359,1008,1000
57.52929714127,1008,1000
57.538841922359,1008,1000
57.548841922359,1008,1000
57.558841922359,1008,1000
57.568841922359,1008,1000
57.578841922359,1008,1000
57.589651920762,1008,1000
57.598841920762,1008,1000
57.608841919275,1008,1000
57.618841919275,1008,1000
57.628841919275,1008,1000
57.639348482362,1008,1000
57.648841919275,1008,1000
57.658841919275,1008,1000
57.668841919275,1008,1000
57.678841919275,1008,1000
57.688841917788,1008,1000
57.698841917788,1008,1000
57.708841916413,1008,1000
57.718841916413,1008,1000
57.728841916413,1008,1000
57.738841916413,1008,1000
57.748841916413,1008,1000
57.758841916413,1008,1000
57.768841916413,1008,1000
57.778987955977,1008,1000
57.788841915038,1008,1000
57.798841915038,1008,1000
57.808841913779,1008,1000
57.818841913779,1008,1000
57.828841913779,1008,1000
57.838841913779,1008,1000
57.848841913779,1008,1000
57.858841913779,1008,1000
57.868841913779,1008,1000
57.878841913779,1008,1000
57.88884191252,1008,1000
57.89884191252,1008,1000
57.908841911383,1008,1000
57.918841911383,1008,1000
57.928841911383,1008,1000
57.938841911383,1008,1000
57.948841911383,1008,1000
57.959141266228,1008,1000
57.968841911383,1008,1000
57.978841911383,1008,1000
57.988841910246,1008,1000
57.998841910246,1008,1000
58.008841909225,1008,1000
58.018841909225,1008,1000
58.028841909225,1008,1000
58.038841909225,1008,1000
58.048841909225,1008,1000
58.058841909225,1008,1000
58.068841909225,1008,1000
58.078841909225,1008,1000
58.088841908204,1008,1000
58.098841908204,1008,1000
58.108841907297,1008,1000
58.118841907297,1008,1000
58.128841907297,1008,1000
58.138841907297,1008,1000
58.148841907297,1008,1000
58.159568408632,1008,1000
58.168841907297,1008,1000
58.178841907297,1008,1000
58.18884190639,1008,1000
58.19884190639,1008,1000
58.208841905609,1008,1000
58.218841905609,1008,1000
58.228841905609,1008,1000
58.238841905609,1008,1000
58.248841905609,1008,1000
58.258841905609,1008,1000
58.268841905609,1008,1000
58.278841905609,1008,1000
58.288841904828,1008,1000
58.298841904828,1008,1000
58.308841904167,1008,1000
58.318841904167,1008,1000
58.328841904167,1008,1000
58.338841904167,1008,1000
58.34946039851,1008,1000
58.358841904167,1008,1000
58.368841904167,1008,1000
58.379550584972,1008,1000
58.388904393074,1008,1000
58.398841903506,1008,1000
58.408841902966,1008,1000
58.418841902966,1008,1000
58.428841902966,1008,1000
58.438841902966,1008,1000
58.448841902966,1008,1000
58.458949313025,1008,1000
58.468841902966,1008,1000
58.478841902966,1008,1000
58.488841902426,1008,1000
58.498841902426,1008,1000
58.508841902012,1008,1000
58.518841902012,1008,1000
58.528841902012,1008,1000
58.538841902012,1008,1000
58.548841902012,1008,1000
58.558841902012,1008,1000
58.568841902012,1008,1000
58.578841902012,1008,1000
58.588841901598,1008,1000
58.598841901598,1008,1000
58.608841901308,1008,1000
58.618841901308,1008,1000
58.628841901308,1008,1000
58.638841901308,1008,1000
58.648841901308,1008,1000
58.658841901308,1008,1000
58.668841901308,1008,1000
58.678841901308,1008,1000
58.688841901018,1008,1000
58.698841901018,1008,1000
58.708841900852,1008,1000
58.718841900852,1008,1000
58.728841900852,1008,1000
58.738841900852,1008,1000
58.748841900852,1008,1000
58.758841900852,1008,1000
58.768841900852,1008,1000
58.778841900852,1008,1000
58.788841900686,1008,1000
58.798841900686,1008,1000
58.808841900646,1008,1000
58.81891952184,1008,1000
58.828841900646,1008,1000
58.838841900646,1008,1000
58.848841900646,1008,1000
58.858841900646,1008,1000
58.868841900646,1008,1000
58.878841900646,1008,1000
58.888841900606,1008,1000
58.898841900606,1008,1000
58.90884190069,1008,1000
58.91884190069,1008,1000
58.92884190069,1008,1000
58.93884190069,1008,1000
58.94884190069,1008,1000
58.95884190069,1008,1000
58.96884190069,1008,1000
58.97884190069,1008,1000
58.988841900774,1008,1000
58.998841900774,1008,1000
59.008841900983,1008,1000
59.018841900983,1008,1000
59.028841900983,1008,1000
59.038841900983,1008,1000
59.049060384208,1008,1000
59.058841900983,1008,1000
59.068841900983,1008,1000
59.078841900983,1008,1000
59.088841901192,1008,1000
59.098841901192,1008,1000
59.108841901525,1008,1000
59.118841901525,1008,1000
59.128841901525,1008,1000
59.138841901525,1008,1000
59.148841901525,1008,1000
59.158841901525,1008,1000
59.168841901525,1008,1000
59.178841901525,1008,1000
59.188841901858,1008,1000
59.198841901858,1008,1000
59.208841902317,1008,1000
59.218841902317,1008,1000
59.228841902317,1008,1000
59.238841902317,1008,1000
59.248841902317,1008,1000
59.258841902317,1008,1000
59.268841902317,1008,1000
59.278841902317,1008,1000
59.288841902776,1008,1000
59.298841902776,1008,1000
59.30884190336,1008,1000
59.31884190336,1008,1000
59.32884190336,1008,1000
59.33884190336,1008,1000
59.34884190336,1008,1000
59.35884190336,1008,1000
59.36884190336,1008,1000
59.37884190336,1008,1000
59.388841903944,1008,1000
59.398841903944,1008,1000
59.408841904647,1008,1000
59.418841904647,1008,1000
59.428841904647,1008,1000
59.438841904647,1008,1000
59.448841904647,1008,1000
59.458841904647,1008,1000
59.468841904647,1008,1000
59.478841904647,1008,1000
59.48884190535,1008,1000
59.49884190535,1008,1000
59.508841906174,1008,1000
59.518841906174,1008,1000
59.528841906174,1008,1000
59.538841906174,1008,1000
59.548841906174,1008,1000
59.558841906174,1008,1000
59.568841906174,1008,1000
59.578841906174,1008,1000
59.589598676273,1008,1000
59.598841906998,1008,1000
59.608841907941,1008,1000
59.618841907941,1008,1000
59.628841907941,1008,1000
59.638841907941,1008,1000
59.649301098566,1008,1000
59.658841907941,1008,1000
59.668841907941,1008,1000
59.678841907941,1008,1000
59.688841908884,1008,1000
59.698841908884,1008,1000
59.708841909951,1008,1000
59.718841909951,1008,1000
59.728841909951,1008,1000
59.738841909951,1008,1000
59.748841909951,1008,1000
59.758841909951,1008,1000
59.768841909951,1008,1000
59.778841909951,1008,1000
59.788841911018,1008,1000
59.798841911018,1008,1000
59.808841912199,1008,1000
59.818841912199,1008,1000
59.828841912199,1008,1000
59.838841912199,1008,1000
59.848841912199,1008,1000
59.858841912199,1008,1000
59.868841912199,1008,1000
59.878841912199,1008,1000
59.88884191338,1008,1000
59.89884191338,1008,1000
59.908841914678,1008,1000
59.918841914678,1008,1000
59.928841914678,1008,1000
59.938841914678,1008,1000
59.948841914678,1008,1000
59.958841914678,1008,1000
59.968841914678,1008,1000
59.978841914678,1008,1000
59.988841915976,1008,1000
59.998841915976,1008,1000
60.008841917391,1008,1000
60.018841917391,1008,1000
60.028841917391,1008,1000
60.038841917391,1008,1000
60.048841917391,1008,1000
60.058841917391,1008,1000
60.068841917391,1008,1000
60.078841917391,1008,1000
60.088841918806,1008,1000
60.098841918806,1008,1000
60.108841920323,1008,1000
60.118841920323,1008,1000
60.128841920323,1008,1000
60.138841920323,1008,1000
60.148841920323,1008,1000
60.158841920323,1008,1000
60.168841920323,1008,1000
60.178841920323,1008,1000
60.18884192184,1008,1000
60.19884192184,1008,1000
60.208841923451,1008,1000
60.218841923451,1008,1000
60.228841923451,1008,1000
60.238841923451,1008,1000
60.248841923451,1008,1000
60.259750900213,1008,1000
60.268841923451,1008,1000
60.278841923451,1008,1000
60.288841925062,1008,1000
60.298841925062,1008,1000
60.308841926791,1008,1000
60.318841926791,1008,1000
60.328841926791,1008,1000
60.338841926791,1008,1000
60.348932927954,1008,1000
60.358841926791,1008,1000
60.368841926791,1008,1000
60.378841926791,1008,1000
60.38884192852,1008,1000
60.39884192852,1008,1000
60.408841930353,1008,1000
60.418841930353,1008,1000
60.428841930353,1008,1000
60.438841930353,1008,1000
60.448841930353,1008,1000
60.458841930353,1008,1000
60.468841930353,1008,1000
60.478841930353,1008,1000
60.488841932186,1008,1000
60.498841932186,1008,1000
60.508841934125,1008,1000
60.518841934125,1008,1000
60.528841934125,1008,1000
60.538841934125,1008,1000
60.548841934125,1008,1000
60.558841934125,1008,1000
60.568841934125,1008,1000
60.578841934125,1008,1000
60.588841936064,1008,1000
60.598841936064,1008,1000
60.608841938108,1008,1000
60.618841938108,1008,1000
60.628841938108,1008,1000
60.638841938108,1008,1000
60.648841938108,1008,1000
60.658841938108,1008,1000
60.668841938108,1008,1000
60.678841938108,1008,1000
60.688841940152,1008,1000
60.698841940152,1008,1000
60.708841942289,1008,1000
60.718841942289,1008,1000
60.728841942289,1008,1000
60.738841942289,1008,1000
60.748841942289,1008,1000
60.758841942289,1008,1000
60.768841942289,1008,1000
60.778841942289,1008,1000
60.788841944426,1008,1000
60.798841944426,1008,1000
60.808841946668,1008,1000
60.818841946668,1008,1000
60.828841946668,1008,1000
60.838841946668,1008,1000
60.848841946668,1008,1000
60.858841946668,1008,1000
60.868841946668,1008,1000
60.878841946668,1008,1000
60.88884194891,1008,1000
60.89884194891,1008,1000
60.908841951243,1008,1000
60.918841951243,1008,1000
60.928841951243,1008,1000
60.939186990912,1008,1000
60.949522716711,1008,1000
60.959325530727,1008,1000
60.968841951243,1008,1000
60.978841951243,1008,1000
60.988841953576,1008,1000
60.998841953576,1008,1000
61.008841955993,1008,1000
61.018841955993,1008,1000
61.028841955993,1008,1000
61.038841955993,1008,1000
61.048841955993,1008,1000
61.058841955993,1008,1000
61.068841955993,1008,1000
61.078841955993,1008,1000
61.08884195841,1008,1000
61.09884195841,1008,1000
61.108841960922,1008,1000
61.118841960922,1008,1000
61.128841960922,1008,1000
61.139173953326,1008,1000
61.148841960922,1008,1000
61.158841960922,1008,1000
61.168841960922,1008,1000
61.178841960922,1008,1000
61.188841963434,1008,1000
61.198841963434,1008,1000
61.208841966027,1008,1000
61.218841966027,1008,1000
61.228841966027,1008,1000
61.238841966027,1008,1000
61.248841966027,1008,1000
61.258841966027,1008,1000
61.268841966027,1008,1000
61.278841966027,1008,1000
61.28884196862,1008,1000
61.29884196862,1008,1000
61.308841971305,1008,1000
61.319415589858,1008,1000
61.32931362349,1008,1000
61.338841971305,1008,1000
61.348841971305,1008,1000
61.358841971305,1008,1000
61.368841971305,1008,1000
61.379379690698,1008,1000
61.38884197399,1008,1000
61.39884197399,1008,1000
61.409845674286,1008,1000
61.418841976763,1008,1000
61.428841976763,1008,1000
61.438841976763,1008,1000
61.449334605964,1008,1000
61.458841976763,1008,1000
61.468841976763,1008,1000
61.478841976763,1008,1000
61.488841979536,1008,1000
61.499009754772,1008,1000
61.50884198239,1008,1000
61.51884198239,1008,1000
61.52884198239,1008,1000
61.53884198239,1008,1000
61.54884198239,1008,1000
61.559466144286,1008,1000
61.56884198239,1008,1000
61.57884198239,1008,1000
61.588841985244,1008,1000
61.598841985244,1008,1000
61.608841988175,1008,1000
61.618841988175,1008,1000
61.628841988175,1008,1000
61.638841988175,1008,1000
61.648841988175,1008,1000
61.658841988175,1008,1000
61.668841988175,1008,1000
61.678841988175,1008,1000
61.688841991106,1008,1000
61.698841991106,1008,1000
61.708841994107,1008,1000
61.718841994107,1008,1000
61.728841994107,1008,1000
61.738841994107,1008,1000
61.748841994107,1008,1000
61.758841994107,1008,1000
61.768841994107,1008,1000
61.778841994107,1008,1000
61.789370297525,1008,1000
61.798841997108,1008,1000
61.809283050014,1008,1000
61.818842000015,1008,1000
61.828842000015,1008,1000
61.838842000015,1008,1000
61.848842000015,1008,1000
61.858842000015,1008,1000
61.868842000015,1008,1000
61.878842000015,1008,1000
61.888842002922,1008,1000
61.898842002922,1008,1000
61.908842005737,1008,1000
61.918842005737,1008,1000
61.928842005737,1008,1000
61.938842005737,1008,1000
61.948842005737,1008,1000
61.958842005737,1008,1000
61.968842005737,1008,1000
61.978842005737,1008,1000
61.989400286156,1008,1000
61.998842008552,1008,1000
62.00884201145,1008,1000
62.01884201145,1008,1000
62.02884201145,1008,1000
62.03884201145,1008,1000
62.04884201145,1008,1000
62.05884201145,1008,1000
62.06884201145,1008,1000
62.07884201145,1008,1000
62.088937267904,1008,1000
62.098842014348,1008,1000
62.109271727025,1008,1000
62.119660946072,1008,1000
62.128842017321,1008,1000
62.138842017321,1008,1000
62.148842017321,1008,1000
62.158842017321,1008,1000
62.168842017321,1008,1000
62.178842017321,1008,1000
62.188842020294,1008,1000
62.198842020294,1008,1000
62.20884202332,1008,1000
62.21884202332,1008,1000
62.22884202332,1008,1000
62.239307215128,1008,1000
62.249577744841,1008,1000
62.25884202332,1008,1000
62.26884202332,1008,1000
62.27884202332,1008,1000
62.288842026346,1008,1000
62.298842026346,1008,1000
62.308842029452,1008,1000
62.318842029452,1008,1000
62.328842029452,1008,1000
62.338842029452,1008,1000
62.348842029452,1008,1000
62.358842029452,1008,1000
62.368842029452,1008,1000
62.378842029452,1008,1000
62.388842032558,1008,1000
62.398842032558,1008,1000
62.408842035739,1008,1000
62.419370431556,1008,1000
62.428842035739,1008,1000
62.438842035739,1008,1000
62.448842035739,1008,1000
62.458842035739,1008,1000
62.468842035739,1008,1000
62.478842035739,1008,1000
62.48884203892,1008,1000
62.49884203892,1008,1000
62.508842042088,1008,1000
62.519388800653,1008,1000
62.528842042088,1008,1000
62.538842042088,1008,1000
62.548842042088,1008,1000
62.558842042088,1008,1000
62.568842042088,1008,1000
62.578842042088,1008,1000
62.589940239011,1008,1000
62.598842045256,1008,1000
62.608842047967,1008,1000
62.618842047967,1008,1000
62.628842047967,1008,1000
62.638842047967,1008,1000
62.648842047967,1008,1000
62.658842047967,1008,1000
62.669151382472,1008,1000
62.679266387928,1008,1000
62.688842050678,1008,1000
62.698842050678,1008,1000
62.708842053454,1008,1000
62.718842053454,1008,1000
62.728842053454,1008,1000
62.738842053454,1008,1000
62.748842053454,1008,1000
62.758842053454,1008,1000
62.768842053454,1008,1000
62.778842053454,1008,1000
62.78884205623,1008,1000
62.79884205623,1008,1000
62.808842059091,1008,1000
62.818842059091,1008,1000
62.828842059091,1008,1000
62.838842059091,1008,1000
62.849331573288,1008,1000
62.858842059091,1008,1000
62.868842059091,1008,1000
62.878842059091,1008,1000
62.888842061952,1008,1000
62.898842061952,1008,1000
62.908842064884,1008,1000
62.918842064884,1008,1000
62.928842064884,1008,1000
62.93973438403,1008,1000
62.948842064884,1008,1000
62.958842064884,1008,1000
62.968842064884,1008,1000
62.978842064884,1008,1000
62.988842067816,1008,1000
62.998842067816,1008,1000
63.008842070803,1008,1000
63.018842070803,1008,1000
63.029024555783,1008,1000
63.038839238622,1008,1000
63.048842070803,1008,1000
63.058842070803,1008,1000
63.068842070803,1008,1000
63.078842070803,1008,1000
63.08884207379,1008,1000
63.099130552778,1008,1000
63.108842076849,1008,1000
63.118842076849,1008,1000
63.128842076849,1008,1000
63.138842076849,1008,1000
63.148842076849,1008,1000
63.158842076849,1008,1000
63.168842076849,1008,1000
63.178842076849,1008,1000
63.188842079908,1008,1000
63.198842079908,1008,1000
63.209018064227,1008,1000
63.218842083028,1008,1000
63.228842083028,1008,1000
63.239792273835,1008,1000
63.248842083028,1008,1000
63.258842083028,1008,1000
63.268842083028,1008,1000
63.279112715602,1008,1000
63.288842086148,1008,1000
63.298842086148,1008,1000
63.30884208933,1008,1000
63.31884208933,1008,1000
63.329136464115,1008,1000
63.33884208933,1008,1000
63.34884208933,1008,1000
63.35884208933,1008,1000
63.36884208933,1008,1000
63.37884208933,1008,1000
63.388842092512,1008,1000
63.398842092512,1008,1000
63.40884209499,1008,1000
63.41884209499,1008,1000
63.42884209499,1008,1000
63.43884209499,1008,1000
63.44884209499,1008,1000
63.45884209499,1008,1000
63.46884209499,1008,1000
63.47884209499,1008,1000
63.488842097468,1008,1000
63.498842097468,1008,1000
63.508842100008,1008,1000
63.518842100008,1008,1000
63.528842100008,1008,1000
63.538842100008,1008,1000
63.548842100008,1008,1000
63.558842100008,1008,1000
63.568842100008,1008,1000
63.578842100008,1008,1000
63.588842102548,1008,1000
63.598842102548,1008,1000
63.608842105167,1008,1000
63.618842105167,1008,1000
63.628842105167,1008,1000
63.638842105167,1008,1000
63.648842105167,1008,1000
63.658842105167,1008,1000
63.668842105167,1008,1000
63.678842105167,1008,1000
63.688842107786,1008,1000
63.698842107786,1008,1000
63.708956859315,1008,1000
63.718842110464,1008,1000
63.728842110464,1008,1000
63.738842110464,1008,1000
63.748842110464,1008,1000
63.758842110464,1008,1000
63.768842110464,1008,1000
63.778842110464,1008,1000
63.788842113142,1008,1000
63.798842113142,1008,1000
63.808842115891,1008,1000
63.818842115891,1008,1000
63.828842115891,1008,1000
63.838842115891,1008,1000
63.848842115891,1008,1000
63.859769179875,1008,1000
63.868842115891,1008,1000
63.878842115891,1008,1000
63.88884211864,1008,1000
63.89884211864,1008,1000
63.908842121445,1008,1000
63.918842121445,1008,1000
63.928842121445,1008,1000
63.938842121445,1008,1000
63.94913140227,1008,1000
63.958842121445,1008,1000
63.968842121445,1008,1000
63.978842121445,1008,1000
63.98884212425,1008,1000
63.99884212425,1008,1000
64.008842127123,1008,1000
64.018842127123,1008,1000
64.028842127123,1008,1000
64.038842127123,1008,1000
64.048842127123,1008,1000
64.058842127123,1008,1000
64.068842127123,1008,1000
64.078842127123,1008,1000
64.088842129996,1008,1000
64.098842129996,1008,1000
64.108842132924,1008,1000
64.118842132924,1008,1000
64.128842132924,1008,1000
64.139425073949,1008,1000
64.149725134595,1008,1000
64.158842132924,1008,1000
64.168842132924,1008,1000
64.178842132924,1008,1000
64.188842135852,1008,1000
64.199533088534,1008,1000
64.208842138848,1008,1000
64.218842138848,1008,1000
64.228842138848,1008,1000
64.239123374393,1008,1000
64.248842138848,1008,1000
64.258842138848,1008,1000
64.268842138848,1008,1000
64.278842138848,1008,1000
64.288842141844,1008,1000
64.298842141844,1008,1000
64.308842144907,1008,1000
64.318842144907,1008,1000
64.328842144907,1008,1000
64.338842144907,1008,1000
64.348842144907,1008,1000
64.358842144907,1008,1000
64.368842144907,1008,1000
64.378842144907,1008,1000
64.38884214797,1008,1000
64.39884214797,1008,1000
64.408842151088,1008,1000
64.418842151088,1008,1000
64.428842151088,1008,1000
64.438842151088,1008,1000
64.448842151088,1008,1000
64.458842151088,1008,1000
64.468842151088,1008,1000
64.478842151088,1008,1000
64.488842154206,1008,1000
64.498842154206,1008,1000
64.508842156708,1008,1000
64.518842156708,1008,1000
64.528842156708,1008,1000
64.538842156708,1008,1000
64.548842156708,1008,1000
64.559353145908,1008,1000
64.568942142781,1008,1000
64.578842156708,1008,1000
64.58884215921,1008,1000
64.599657907094,1008,1000
64.608842161501,1008,1000
64.618842161501,1008,1000
64.628842161501,1008,1000
64.638842161501,1008,1000
64.648842161501,1008,1000
64.658842161501,1008,1000
64.668842161501,1008,1000
64.678842161501,1008,1000
64.688842163792,1008,1000
64.698842163792,1008,1000
64.708842166162,1008,1000
64.718842166162,1008,1000
64.728842166162,1008,1000
64.738842166162,1008,1000
64.748842166162,1008,1000
64.758842166162,1008,1000
64.768842166162,1008,1000
64.778842166162,1008,1000
64.789472168532,1008,1000
64.798842168532,1008,1000
64.808842170967,1008,1000
64.818842170967,1008,1000
64.828842170967,1008,1000
64.839425189567,1008,1000
64.848842170967,1008,1000
64.858842170967,1008,1000
64.868842170967,1008,1000
64.87903465775,1008,1000
64.888842173402,1008,1000
64.898842173402,1008,1000
64.908842175889,1008,1000
64.918842175889,1008,1000
64.928842175889,1008,1000
64.938842175889,1008,1000
64.948842175889,1008,1000
64.958842175889,1008,1000
64.968842175889,1008,1000
64.978842175889,1008,1000
64.988842178376,1008,1000
64.99884028258,1008,1000
65.008842180927,1008,1000
65.018842180927,1008,1000
65.028842180927,1008,1000
65.038842180927,1008,1000
65.048842180927,1008,1000
65.058842180927,1008,1000
65.068842180927,1008,1000
65.078842180927,1008,1000
65.088842183478,1008,1000
65.098842183478,1008,1000
65.108842186084,1008,1000
65.118842186084,1008,1000
65.130429012905,1008,1000
65.138842186084,1008,1000
65.148842186084,1008,1000
65.158938734362,1008,1000
65.168842186084,1008,1000
65.179254236946,1008,1000
65.18884218869,1008,1000
65.19884218869,1008,1000
65.208842191359,1008,1000
65.219818305214,1008,1000
65.228842191359,1008,1000
65.238842191359,1008,1000
65.248950798317,1008,1000
65.258842191359,1008,1000
65.268842191359,1008,1000
65.278842191359,1008,1000
65.288842194028,1008,1000
65.298842194028,1008,1000
65.309036602932,1008,1000
65.318842196768,1008,1000
65.328842196768,1008,1000
65.339587637081,1008,1000
65.348842196768,1008,1000
65.358842196768,1008,1000
65.368842196768,1008,1000
65.378842196768,1008,1000
65.388842199508,1008,1000
65.398842199508,1008,1000
65.408842202306,1008,1000
65.418842202306,1008,1000
65.428842202306,1008,1000
65.438842202306,1008,1000
65.449902668705,1008,1000
65.458842202306,1008,1000
65.468842202306,1008,1000
65.478842202306,1008,1000
65.489660272942,1008,1000
65.498842205104,1008,1000
65.508842207954,1008,1000
65.518842207954,1008,1000
65.528842207954,1008,1000
65.539165977609,1008,1000
65.548842207954,1008,1000
65.558842207954,1008,1000
65.568842207954,1008,1000
65.578842207954,1008,1000
65.588842210804,1008,1000
65.598842210804,1008,1000
65.608842213705,1008,1000
65.618842213705,1008,1000
65.628842213705,1008,1000
65.638842213705,1008,1000
65.648842213705,1008,1000
65.658842213705,1008,1000
65.668842213705,1008,1000
65.679779243463,1008,1000
65.688842216606,1008,1000
65.698842216606,1008,1000
65.708846641973,1008,1000
65.718846641973,1008,1000
65.728846641973,1008,1000
65.738846641973,1008,1000
65.748846641973,1008,1000
65.758846641973,1008,1000
65.769534320243,1008,1000
65.778846641973,1008,1000
65.78884664494,1008,1000
65.79884664494,1008,1000
65.809114928907,1008,1000
65.818842225543,1008,1000
65.828842225543,1008,1000
65.838842225543,1008,1000
65.848842225543,1008,1000
65.858842225543,1008,1000
65.868842225543,1008,1000
65.878842225543,1008,1000
65.888842228546,1008,1000
65.898842228546,1008,1000
65.908842231071,1008,1000
65.918842231071,1008,1000
65.928842231071,1008,1000
65.938842231071,1008,1000
65.948842231071,1008,1000
65.958842231071,1008,1000
65.968842231071,1008,1000
65.978842231071,1008,1000
65.988842233596,1008,1000
65.998842233596,1008,1000
66.00940523579,1008,1000
66.01884223579,1008,1000
66.029456320558,1008,1000
66.03884223579,1008,1000
66.049521106852,1008,1000
66.05884223579,1008,1000
66.06884223579,1008,1000
66.07884223579,1008,1000
66.088842237984,1008,1000
66.098842237984,1008,1000
66.108842240234,1008,1000
66.118842240234,1008,1000
66.128842240234,1008,1000
66.138842240234,1008,1000
66.148842240234,1008,1000
66.158842240234,1008,1000
66.168842240234,1008,1000
66.178842240234,1008,1000
66.188842242484,1008,1000
66.199281409108,1008,1000
66.208842244802,1008,1000
66.218842244802,1008,1000
66.228842244802,1008,1000
66.238842244802,1008,1000
66.248842244802,1008,1000
66.258842244802,1008,1000
66.26967451848,1008,1000
66.278842244802,1008,1000
66.28956724712,1008,1000
66.29884224712,1008,1000
66.308842249492,1008,1000
66.318842249492,1008,1000
66.328842249492,1008,1000
66.338842249492,1008,1000
66.348842249492,1008,1000
66.358842249492,1008,1000
66.368842249492,1008,1000
66.378842249492,1008,1000
66.388842251864,1008,1000
66.398842251864,1008,1000
66.409866376859,1008,1000
66.418842254295,1008,1000
66.428842254295,1008,1000
66.438842254295,1008,1000
66.44990991282,1008,1000
66.458842254295,1008,1000
66.468842254295,1008,1000
66.478842254295,1008,1000
66.488842256726,1008,1000
66.499201734535,1008,1000
66.508842259213,1008,1000
66.518842259213,1008,1000
66.528842259213,1008,1000
66.539110272983,1008,1000
66.548842259213,1008,1000
66.558842259213,1008,1000
66.568842259213,1008,1000
66.578842259213,1008,1000
66.5888422617,1008,1000
66.5988422617,1008,1000
66.608842264246,1008,1000
66.618842264246,1008,1000
66.628842264246,1008,1000
66.638842264246,1008,1000
66.648842264246,1008,1000
66.658842264246,1008,1000
66.668842264246,1008,1000
66.678842264246,1008,1000
66.688842266792,1008,1000
66.69932068284,1008,1000
66.708842269391,1008,1000
66.718842269391,1008,1000
66.728842269391,1008,1000
66.739774166503,1008,1000
66.748842269391,1008,1000
66.758842269391,1008,1000
66.768842269391,1008,1000
66.778842269391,1008,1000
66.78884227199,1008,1000
66.79884227199,1008,1000
66.809299730807,1008,1000
66.818842274651,1008,1000
66.828956542104,1008,1000
66.838842274651,1008,1000
66.848842274651,1008,1000
66.858842274651,1008,1000
66.868842274651,1008,1000
66.879536651743,1008,1000
66.888842277312,1008,1000
66.898842277312,1008,1000
66.908842280026,1008,1000
66.918842280026,1008,1000
66.928842280026,1008,1000
66.938842280026,1008,1000
66.948842280026,1008,1000
66.959654681468,1008,1000
66.968842280026,1008,1000
66.978842280026,1008,1000
66.98884228274,1008,1000
66.99884228274,1008,1000
67.008842285498,1008,1000
67.018842285498,1008,1000
67.028842285498,1008,1000
67.038842285498,1008,1000
67.048842285498,1008,1000
67.058842285498,1008,1000
67.068842285498,1008,1000
67.078842285498,1008,1000
67.088842288256,1008,1000
67.098842288256,1008,1000
67.108842291067,1008,1000
67.118842291067,1008,1000
67.129416848063,1008,1000
67.138842291067,1008,1000
67.148842291067,1008,1000
67.158842291067,1008,1000
67.168842291067,1008,1000
67.178842291067,1008,1000
67.188842293878,1008,1000
67.198842293878,1008,1000
67.208842296752,1008,1000
67.218842296752,1008,1000
67.228842296752,1008,1000
67.238842296752,1008,1000
67.248842296752,1008,1000
67.258842296752,1008,1000
67.268842296752,1008,1000
67.278842296752,1008,1000
67.288842299626,1008,1000
67.298842299626,1008,1000
67.309281796035,1008,1000
67.318842302545,1008,1000
67.328842302545,1008,1000
67.338842302545,1008,1000
67.348842302545,1008,1000
67.358842302545,1008,1000
67.368842302545,1008,1000
67.378842302545,1008,1000
67.388842305464,1008,1000
67.398842305464,1008,1000
67.408842308431,1008,1000
67.418842308431,1008,1000
67.428842308431,1008,1000
67.438842308431,1008,1000
67.448842308431,1008,1000
67.458842308431,1008,1000
67.468842308431,1008,1000
67.478842308431,1008,1000
67.489514888146,1008,1000
67.498842311398,1008,1000
67.508842314418,1008,1000
67.518842314418,1008,1000
67.528842314418,1008,1000
67.538842314418,1008,1000
67.548842314418,1008,1000
67.559351013201,1008,1000
67.568842314418,1008,1000
67.578842314418,1008,1000
67.588842317438,1008,1000
67.598842317438,1008,1000
67.608842320503,1008,1000
67.618842320503,1008,1000
67.628842320503,1008,1000
67.638842320503,1008,1000
67.648842320503,1008,1000
67.658842320503,1008,1000
67.668842320503,1008,1000
67.679317639285,1008,1000
67.688819814246,1008,1000
67.698842323568,1008,1000
67.708842326669,1008,1000
67.721327540036,1008,1000
67.728842326669,1008,1000
67.739359938404,1008,1000
67.748842326669,1008,1000
67.758842326669,1008,1000
67.768842326669,1008,1000
67.778842326669,1008,1000
67.78884232977,1008,1000
67.799351281417,1008,1000
67.808842332917,1008,1000
67.818842332917,1008,1000
67.828842332917,1008,1000
67.838842332917,1008,1000
67.848842332917,1008,1000
67.859278590553,1008,1000
67.868842332917,1008,1000
67.878842332917,1008,1000
67.888842336064,1008,1000
67.898842336064,1008,1000
67.908842339251,1008,1000
67.918842339251,1008,1000
67.928842339251,1008,1000
67.938842339251,1008,1000
67.948842339251,1008,1000
67.958842339251,1008,1000
67.96983818153,1008,1000
67.978842339251,1008,1000
67.98915018377,1008,1000
67.998842342438,1008,1000
68.008842345681,1008,1000
68.018842345681,1008,1000
68.028842345681,1008,1000
68.038842345681,1008,1000
68.048842345681,1008,1000
68.059119628161,1008,1000
68.068842345681,1008,1000
68.078842345681,1008,1000
68.088842348924,1008,1000
68.098842348924,1008,1000
68.108842352189,1008,1000
68.118842352189,1008,1000
68.128842352189,1008,1000
68.138842352189,1008,1000
68.148842352189,1008,1000
68.158842352189,1008,1000
68.169249081462,1008,1000
68.178842352189,1008,1000
68.188842355454,1008,1000
68.198842355454,1008,1000
68.208842358769,1008,1000
68.218842358769,1008,1000
68.228842358769,1008,1000
68.238842358769,1008,1000
68.248842358769,1008,1000
68.259922479591,1008,1000
68.268842358769,1008,1000
68.278842358769,1008,1000
68.288842362084,1008,1000
68.298842362084,1008,1000
68.308842365447,1008,1000
68.318842365447,1008,1000
68.328842365447,1008,1000
68.338842365447,1008,1000
68.349122945988,1008,1000
68.358842365447,1008,1000
68.368842365447,1008,1000
68.378842365447,1008,1000
68.38884236881,1008,1000
68.39884236881,1008,1000
68.408842372215,1008,1000
68.419129360136,1008,1000
68.428842372215,1008,1000
68.438842372215,1008,1000
68.448842372215,1008,1000
68.458842372215,1008,1000
68.468842372215,1008,1000
68.478842372215,1008,1000
68.48884237562,1008,1000
68.49884237562,1008,1000
68.510228394865,1008,1000
68.518842379216,1008,1000
68.528842379216,1008,1000
68.538842379216,1008,1000
68.548842379216,1008,1000
68.558842379216,1008,1000
68.568842379216,1008,1000
68.578842379216,1008,1000
68.588842382812,1008,1000
68.599392878627,1008,1000
68.608842386495,1008,1000
68.618842386495,1008,1000
68.628842386495,1008,1000
68.638842386495,1008,1000
68.648842386495,1008,1000
68.659272832429,1008,1000
68.668842386495,1008,1000
68.678842386495,1008,1000
68.688842390178,1008,1000
68.698842390178,1008,1000
68.708842393941,1008,1000
68.718842393941,1008,1000
68.728842393941,1008,1000
68.738842393941,1008,1000
68.748842393941,1008,1000
68.758842393941,1008,1000
68.768842393941,1008,1000
68.778842393941,1008,1000
68.788842397704,1008,1000
68.798842397704,1008,1000
68.808842401753,1008,1000
68.818842401753,1008,1000
68.828842401753,1008,1000
68.838842401753,1008,1000
68.848842401753,1008,1000
68.858842401753,1008,1000
68.868842401753,1008,1000
68.880011762344,1008,1000
68.888842405802,1008,1000
68.898842405802,1008,1000
68.908842409924,1008,1000
68.918842409924,1008,1000
68.928842409924,1008,1000
68.938842409924,1008,1000
68.948842409924,1008,1000
68.958842409924,1008,1000
68.969221273218,1008,1000
68.979868052426,1008,1000
68.988842414046,1008,1000
68.998842414046,1008,1000
69.008842418103,1008,1000
69.019156418103,1008,1000
69.029353925979,1008,1000
69.038842418103,1008,1000
69.048842418103,1008,1000
69.058842418103,1008,1000
69.069176571479,1008,1000
69.078842418103,1008,1000
69.08884242216,1008,1000
69.09884242216,1008,1000
69.108842426257,1008,1000
69.118842426257,1008,1000
69.128842426257,1008,1000
69.138842426257,1008,1000
69.148842426257,1008,1000
69.158842426257,1008,1000
69.168842426257,1008,1000
69.178842426257,1008,1000
69.188842430354,1008,1000
69.198842430354,1008,1000
69.208842434169,1008,1000
69.218842434169,1008,1000
69.228842434169,1008,1000
69.238842434169,1008,1000
69.248842434169,1008,1000
69.258842434169,1008,1000
69.268842434169,1008,1000
69.278842434169,1008,1000
69.288842437984,1008,1000
69.298842437984,1008,1000
69.308842441886,1008,1000
69.318842441886,1008,1000
69.328842441886,1008,1000
69.339742441886,1008,1000
69.348842441886,1008,1000
69.358842441886,1008,1000
69.368842441886,1008,1000
69.378842441886,1008,1000
69.388842445788,1008,1000
69.398842445788,1008,1000
69.408842458101,1008,1000
69.419327029681,1008,1000
69.429042000937,1008,1000
69.438842458101,1008,1000
69.448842458101,1008,1000
69.45882652959,1008,1000
69.469495458101,1008,1000
69.478842458101,1008,1000
69.488842470414,1008,1000
69.498842470414,1008,1000
69.509432474296,1008,1000
69.518842474296,1008,1000
69.528842474296,1008,1000
69.538842474296,1008,1000
69.549095081477,1008,1000
69.558842474296,1008,1000
69.568842474296,1008,1000
69.578842474296,1008,1000
69.588842478178,1008,1000
69.598842478178,1008,1000
69.608842482144,1008,1000
69.618842482144,1008,1000
69.628842482144,1008,1000
69.638842482144,1008,1000
69.648842482144,1008,1000
69.658842482144,1008,1000
69.668842482144,1008,1000
69.678842482144,1008,1000
69.68884248611,1008,1000
69.69884248611,1008,1000
69.708842490175,1008,1000
69.718842490175,1008,1000
69.728842490175,1008,1000
69.738842490175,1008,1000
69.748842490175,1008,1000
69.758842490175,1008,1000
69.768959309681,1008,1000
69.778842490175,1008,1000
69.789399150366,1008,1000
69.79884249424,1008,1000
69.808842498402,1008,1000
69.818842498402,1008,1000
69.828842498402,1008,1000
69.838842498402,1008,1000
69.848842498402,1008,1000
69.858842498402,1008,1000
69.868842498402,1008,1000
69.878842498402,1008,1000
69.889787502564,1008,1000
69.898842502564,1008,1000
69.908842506814,1008,1000
69.918842506814,1008,1000
69.928842506814,1008,1000
69.938842506814,1008,1000
69.948842506814,1008,1000
69.958842506814,1008,1000
69.968842506814,1008,1000
69.979051110328,1008,1000
69.988842511064,1008,1000
69.998842511064,1008,1000
70.008842515404,1008,1000
70.018842515404,1008,1000
70.028842515404,1008,1000
70.038842515404,1008,1000
70.048842515404,1008,1000
70.058842515404,1008,1000
70.068842515404,1008,1000
70.078842515404,1008,1000
70.088842519744,1008,1000
70.098842519744,1008,1000
70.109595304294,1008,1000
70.118842524166,1008,1000
70.128842524166,1008,1000
70.138842524166,1008,1000
70.148842524166,1008,1000
70.159313206102,1008,1000
70.168842524166,1008,1000
70.178842524166,1008,1000
70.188842528588,1008,1000
70.198842528588,1008,1000
70.2088425331,1008,1000
70.2188425331,1008,1000
70.2288425331,1008,1000
70.2388425331,1008,1000
70.2488425331,1008,1000
70.2588425331,1008,1000
70.2688425331,1008,1000
70.2797565331,1008,1000
70.288842537612,1008,1000
70.298842537612,1008,1000
70.308842542202,1008,1000
70.320503760153,1008,1000
70.328842542202,1008,1000
70.338842542202,1008,1000
70.348842542202,1008,1000
70.359549542202,1008,1000
70.369083176252,1008,1000
70.378842542202,1008,1000
70.388842546792,1008,1000
70.398842546792,1008,1000
70.40980341257,1008,1000
70.418842551467,1008,1000
70.428842551467,1008,1000
70.439433889921,1008,1000
70.448842551467,1008,1000
70.458842551467,1008,1000
70.468842551467,1008,1000
70.478842551467,1008,1000
70.48983380928,1008,1000
70.500945047674,1008,1000
70.508842560905,1008,1000
70.518842560905,1008,1000
70.528842560905,1008,1000
70.538842560905,1008,1000
70.548842560905,1008,1000
70.558842560905,1008,1000
70.568842560905,1008,1000
70.579871471135,1008,1000
70.588842565668,1008,1000
70.598842565668,1008,1000
70.609819570533,1008,1000
70.618842570533,1008,1000
70.628842570533,1008,1000
70.638842570533,1008,1000
70.648842570533,1008,1000
70.658842570533,1008,1000
70.669009142618,1008,1000
70.678842570533,1008,1000
70.688842575398,1008,1000
70.699191246881,1008,1000
70.708842580347,1008,1000
70.718842580347,1008,1000
70.728842580347,1008,1000
70.738842580347,1008,1000
70.748842580347,1008,1000
70.758842580347,1008,1000
70.768842580347,1008,1000
70.779579508767,1008,1000
70.788842585296,1008,1000
70.798842585296,1008,1000
70.808842590325,1008,1000
70.818842590325,1008,1000
70.828842590325,1008,1000
70.838842590325,1008,1000
70.848842590325,1008,1000
70.858842590325,1008,1000
70.868842590325,1008,1000
70.878842590325,1008,1000
70.888842595354,1008,1000
70.898842595354,1008,1000
70.908842600487,1008,1000
70.919579289342,1008,1000
70.928842600487,1008,1000
70.938842600487,1008,1000
70.948842600487,1008,1000
70.958842600487,1008,1000
70.968842600487,1008,1000
70.978842600487,1008,1000
70.98884260562,1008,1000
70.99884260562,1008,1000
71.008842610831,1008,1000
71.018842610831,1008,1000
71.028842610831,1008,1000
71.038842610831,1008,1000
71.048842610831,1008,1000
71.058842610831,1008,1000
71.068842610831,1008,1000
71.078842610831,1008,1000
71.088842616042,1008,1000
71.099824383809,1008,1000
71.108842621337,1008,1000
71.118842621337,1008,1000
71.128842621337,1008,1000
71.138842621337,1008,1000
71.148842621337,1008,1000
71.158842621337,1008,1000
71.168842621337,1008,1000
71.178842621337,1008,1000
71.189115111391,1008,1000
71.198842626632,1008,1000
71.208842632005,1008,1000
71.218842632005,1008,1000
71.228842632005,1008,1000
71.238842632005,1008,1000
71.248842632005,1008,1000
71.258842632005,1008,1000
71.268842632005,1008,1000
71.278842632005,1008,1000
71.289438238693,1008,1000
71.298842637378,1008,1000
71.308842642804,1008,1000
71.318842642804,1008,1000
71.328842642804,1008,1000
71.338842642804,1008,1000
71.348842642804,1008,1000
71.358842642804,1008,1000
71.368842642804,1008,1000
71.378842642804,1008,1000
71.38884264823,1008,1000
71.39884264823,1008,1000
71.408842653715,1008,1000
71.418842653715,1008,1000
71.429275101232,1008,1000
71.438842653715,1008,1000
71.448842653715,1008,1000
71.458842653715,1008,1000
71.468842653715,1008,1000
71.479253634081,1008,1000
71.4888426592,1008,1000
71.4988426592,1008,1000
71.508842664727,1008,1000
71.518842664727,1008,1000
71.528842664727,1008,1000
71.538842664727,1008,1000
71.549693664727,1008,1000
71.558842664727,1008,1000
71.568842664727,1008,1000
71.578842664727,1008,1000
71.589583513713,1008,1000
71.598842670254,1008,1000
71.608842675825,1008,1000
71.618842675825,1008,1000
71.628842675825,1008,1000
71.638842675825,1008,1000
71.648842675825,1008,1000
71.659408879872,1008,1000
71.668842675825,1008,1000
71.678842675825,1008,1000
71.688842681396,1008,1000
71.698842681396,1008,1000
71.708842687001,1008,1000
71.718842687001,1008,1000
71.728842687001,1008,1000
71.738842687001,1008,1000
71.748842687001,1008,1000
71.759931687001,1008,1000
71.771663450174,1008,1000
71.778842687001,1008,1000
71.789399739304,1008,1000
71.798842692606,1008,1000
71.808842698243,1008,1000
71.818842698243,1008,1000
71.830001232521,1008,1000
71.838842698243,1008,1000
71.849294486194,1008,1000
71.858842698243,1008,1000
71.868842698243,1008,1000
71.878842698243,1008,1000
71.88884270388,1008,1000
71.89884270388,1008,1000
71.909868709588,1008,1000
71.919265043059,1008,1000
71.928842709588,1008,1000
71.938842709588,1008,1000
71.948842709588,1008,1000
71.959345795617,1008,1000
71.968842709588,1008,1000
71.978842709588,1008,1000
71.988842715296,1008,1000
71.999141525834,1008,1000
72.00884272126,1008,1000
72.019445722983,1008,1000
72.02884272126,1008,1000
72.03884272126,1008,1000
72.04884272126,1008,1000
72.05949883005,1008,1000
72.06884272126,1008,1000
72.07884272126,1008,1000
72.088842727224,1008,1000
72.098842727224,1008,1000
72.108842733203,1008,1000
72.119783733203,1008,1000
72.128842733203,1008,1000
72.138842733203,1008,1000
72.149634733203,1008,1000
72.159864733203,1008,1000
72.168842733203,1008,1000
72.178842733203,1008,1000
72.188842739182,1008,1000
72.199589244101,1008,1000
72.20908357937,1008,1000
72.218842745217,1008,1000
72.228842745217,1008,1000
72.238842745217,1008,1000
72.24922757937,1008,1000
72.258842745217,1008,1000
72.268842745217,1008,1000
72.278842745217,1008,1000
72.288842751252,1008,1000
72.298842751252,1008,1000
72.308842757336,1008,1000
72.318842757336,1008,1000
72.329227603503,1008,1000
72.338842757336,1008,1000
72.348842757336,1008,1000
72.358842757336,1008,1000
72.368842757336,1008,1000
72.379310244681,1008,1000
72.38884276342,1008,1000
72.39884276342,1008,1000
72.408842769624,1008,1000
72.418842769624,1008,1000
72.428842769624,1008,1000
72.438842769624,1008,1000
72.449235925625,1008,1000
72.459684769624,1008,1000
72.468842769624,1008,1000
72.478842769624,1008,1000
72.488842775828,1008,1000
72.499454005186,1008,1000
72.509532429684,1008,1000
72.518842782096,1008,1000
72.528842782096,1008,1000
72.538842782096,1008,1000
72.548842782096,1008,1000
72.558842782096,1008,1000
72.568842782096,1008,1000
72.578842782096,1008,1000
72.588842788364,1008,1000
72.598842788364,1008,1000
72.608842794702,1008,1000
72.618842794702,1008,1000
72.629316405246,1008,1000
72.639909794702,1008,1000
72.648842794702,1008,1000
72.658842794702,1008,1000
72.668842794702,1008,1000
72.678842794702,1008,1000
72.68884280104,1008,1000
72.69884280104,1008,1000
72.708842807479,1008,1000
72.718842807479,1008,1000
72.729173703131,1008,1000
72.738842807479,1008,1000
72.748842807479,1008,1000
72.759868807479,1008,1000
72.768842807479,1008,1000
72.778842807479,1008,1000
72.788842813918,1008,1000
72.798964345929,1008,1000
72.80884282051,1008,1000
72.81884282051,1008,1000
72.829292125813,1008,1000
72.83884282051,1008,1000
72.849078728939,1008,1000
72.85884282051,1008,1000
72.86884282051,1008,1000
72.879170131976,1008,1000
72.888842827102,1008,1000
72.898842827102,1008,1000
72.909868833763,1008,1000
72.918842833763,1008,1000
72.928842833763,1008,1000
72.938842833763,1008,1000
72.948842833763,1008,1000
72.958842833763,1008,1000
72.968842833763,1008,1000
72.978842833763,1008,1000
72.988842840424,1008,1000
72.999204775137,1008,1000
73.008842847157,1008,1000
73.018842847157,1008,1000
73.028842847157,1008,1000
73.038842847157,1008,1000
73.048842847157,1008,1000
73.059430561887,1008,1000
73.068842847157,1008,1000
73.078842847157,1008,1000
73.08884285389,1008,1000
73.09884285389,1008,1000
73.108842860658,1008,1000
73.118842860658,1008,1000
73.128842860658,1008,1000
73.140171630308,1008,1000
73.148842860658,1008,1000
73.158842860658,1008,1000
73.168842860658,1008,1000
73.179972664841,1008,1000
73.188842867426,1008,1000
73.198842867426,1008,1000
73.209511861806,1008,1000
73.218842874143,1008,1000
73.230133605401,1008,1000
73.238842874143,1008,1000
73.248842874143,1008,1000
73.258842874143,1008,1000
73.269371639934,1008,1000
73.278842874143,1008,1000
73.28884288086,1008,1000
73.29884288086,1008,1000
73.309122362805,1008,1000
73.319442594003,1008,1000
73.329549931646,1008,1000
73.338842887652,1008,1000
73.348842887652,1008,1000
73.358842887652,1008,1000
73.368842887652,1008,1000
73.378842887652,1008,1000
73.388842894444,1008,1000
73.398842894444,1008,1000
73.408842901334,1008,1000
73.419589901334,1008,1000
73.428842901334,1008,1000
73.438842901334,1008,1000
73.448842901334,1008,1000
73.458948889936,1008,1000
73.47089139023,1008,1000
73.478842901334,1008,1000
73.48919371927,1008,1000
73.498842908224,1008,1000
73.508842915171,1008,1000
73.518842915171,1008,1000
73.529571915171,1008,1000
73.538842915171,1008,1000
73.548842915171,1008,1000
73.558842915171,1008,1000
73.568842915171,1008,1000
73.578842915171,1008,1000
73.588842922118,1008,1000
73.598842922118,1008,1000
73.60884292891,1008,1000
73.61884292891,1008,1000
73.62884292891,1008,1000
73.63884292891,1008,1000
73.64884292891,1008,1000
73.65884292891,1008,1000
73.66884292891,1008,1000
73.67884292891,1008,1000
73.688842935702,1008,1000
73.698842935702,1008,1000
73.708842942572,1008,1000
73.718842942572,1008,1000
73.729580942572,1008,1000
73.738957575362,1008,1000
73.748842942572,1008,1000
73.758842942572,1008,1000
73.768842942572,1008,1000
73.778842942572,1008,1000
73.788842949442,1008,1000
73.799517949442,1008,1000
73.808842956376,1008,1000
73.818842956376,1008,1000
73.828842956376,1008,1000
73.838842956376,1008,1000
73.848842956376,1008,1000
73.858842956376,1008,1000
73.868842956376,1008,1000
73.878842956376,1008,1000
73.88884296331,1008,1000
73.89884296331,1008,1000
73.908849243925,1008,1000
73.919100883995,1008,1000
73.928842970276,1008,1000
73.938842970276,1008,1000
73.948842970276,1008,1000
73.958842970276,1008,1000
73.969463970276,1008,1000
73.978842970276,1008,1000
73.988842977242,1008,1000
73.998842977242,1008,1000
74.008842984246,1008,1000
74.018842984246,1008,1000
74.028842984246,1008,1000
74.038842984246,1008,1000
74.048842984246,1008,1000
74.058842984246,1008,1000
74.068842984246,1008,1000
74.078842984246,1008,1000
74.08884299125,1008,1000
74.09884299125,1008,1000
74.109770004154,1008,1000
74.118843004154,1008,1000
74.128843004154,1008,1000
74.138843004154,1008,1000
74.148843004154,1008,1000
74.159415004154,1008,1000
74.168843004154,1008,1000
74.178843004154,1008,1000
74.188843017058,1008,1000
74.200042122162,1008,1000
74.208843023979,1008,1000
74.218843023979,1008,1000
74.228843023979,1008,1000
74.238843023979,1008,1000
74.248843023979,1008,1000
74.258843023979,1008,1000
74.268843023979,1008,1000
74.278843023979,1008,1000
74.289333254012,1008,1000
74.2995500309,1008,1000
74.308843037913,1008,1000
74.318843037913,1008,1000
74.328843037913,1008,1000
74.338843037913,1008,1000
74.349107048053,1008,1000
74.359729194413,1008,1000
74.368843037913,1008,1000
74.379464037913,1008,1000
74.388843044926,1008,1000
74.398843044926,1008,1000
74.408843052027,1008,1000
74.418843052027,1008,1000
74.428843052027,1008,1000
74.438843052027,1008,1000
74.44913734739,1008,1000
74.458843052027,1008,1000
74.468843052027,1008,1000
74.479802778912,1008,1000
74.488843059128,1008,1000
74.499388059128,1008,1000
74.509811066322,1008,1000
74.518843066322,1008,1000
74.528843066322,1008,1000
74.538843066322,1008,1000
74.549445861383,1008,1000
74.558843066322,1008,1000
74.568994946184,1008,1000
74.581066066322,1008,1000
74.588843073516,1008,1000
74.600972570078,1008,1000
74.609946080794,1008,1000
74.618843080794,1008,1000
74.628843080794,1008,1000
74.638843080794,1008,1000
74.648843080794,1008,1000
74.658843080794,1008,1000
74.66915183882,1008,1000
74.678843080794,1008,1000
74.688843088072,1008,1000
74.699273269816,1008,1000
74.708843095425,1008,1000
74.718843095425,1008,1000
74.728843095425,1008,1000
74.739496095425,1008,1000
74.748843095425,1008,1000
74.758843095425,1008,1000
74.768843095425,1008,1000
74.778924207195,1008,1000
74.788843102778,1008,1000
74.798843102778,1008,1000
74.808843110199,1008,1000
74.818843110199,1008,1000
74.828843110199,1008,1000
74.838843110199,1008,1000
74.850789795933,1008,1000
74.858843110199,1008,1000
74.868843110199,1008,1000
74.879676110199,1008,1000
74.88941511762,1008,1000
74.899403070278,1008,1000
74.908843125137,1008,1000
74.918843125137,1008,1000
74.928843125137,1008,1000
74.938843125137,1008,1000
74.948843125137,1008,1000
74.958843125137,1008,1000
74.968843125137,1008,1000
74.978843125137,1008,1000
74.988843132654,1008,1000
74.998843132654,1008,1000
75.008843140264,1008,1000
75.018843140264,1008,1000
75.028843140264,1008,1000
75.038843140264,1008,1000
75.049410140264,1008,1000
75.058843140264,1008,1000
75.068843140264,1008,1000
75.079694140264,1008,1000
75.088843147874,1008,1000
75.098843147874,1008,1000
75.108843155561,1008,1000
75.118843155561,1008,1000
75.128843155561,1008,1000
75.138843155561,1008,1000
75.148843155561,1008,1000
75.159712440286,1008,1000
75.168843155561,1008,1000
75.178843155561,1008,1000
75.188843163248,1008,1000
75.198843163248,1008,1000
75.208843171008,1008,1000
75.218843171008,1008,1000
75.228843171008,1008,1000
75.238843171008,1008,1000
75.248843171008,1008,1000
75.258843171008,1008,1000
75.271250660774,1008,1000
75.279928171008,1008,1000
75.292572940492,1008,1000
75.298843178768,1008,1000
75.308843186617,1008,1000
75.318843186617,1008,1000
75.328843186617,1008,1000
75.341957186617,1008,1000
75.349689186617,1008,1000
75.359157186617,1008,1000
75.369120458575,1008,1000
75.380894466335,1008,1000
75.388843194466,1008,1000
75.398843194466,1008,1000
75.408843202413,1008,1000
75.418843202413,1008,1000
75.428843202413,1008,1000
75.442185692366,1008,1000
75.448843202413,1008,1000
75.45993153936,1008,1000
75.470185769698,1008,1000
75.478843202413,1008,1000
75.48884321036,1008,1000
75.49971621036,1008,1000
75.511026708416,1008,1000
75.519919218385,1008,1000
75.532197011701,1008,1000
75.539507347036,1008,1000
75.549303858695,1008,1000
75.559351089033,1008,1000
75.568843218385,1008,1000
75.578843218385,1008,1000
75.59000253772,1008,1000
75.59884322641,1008,1000
75.609075553767,1008,1000
75.618843234432,1008,1000
75.629518234432,1008,1000
75.639616537465,1008,1000
75.648843234432,1008,1000
75.659923234432,1008,1000
75.668843234432,1008,1000
75.679401873102,1008,1000
75.69133172446,1008,1000
75.698843242454,1008,1000
75.708843250526,1008,1000
75.718843250526,1008,1000
75.728843250526,1008,1000
75.738843250526,1008,1000
75.749088585908,1008,1000
75.758843250526,1008,1000
75.768843250526,1008,1000
75.779157250526,1008,1000
75.789802258598,1008,1000
75.798843258598,1008,1000
75.80884326668,1008,1000
75.81963126668,1008,1000
75.831223756768,1008,1000
75.838844244568,1008,1000
75.84884326668,1008,1000
75.86094926668,1008,1000
75.86884326668,1008,1000
75.879021626228,1008,1000
75.888843274762,1008,1000
75.898843274762,1008,1000
75.908843282874,1008,1000
75.920814282874,1008,1000
75.930422725503,1008,1000
75.938843282874,1008,1000
75.948843282874,1008,1000
75.958843282874,1008,1000
75.968843282874,1008,1000
75.978843282874,1008,1000
75.988843290986,1008,1000
75.998843290986,1008,1000
76.010141682918,1008,1000
76.019741125547,1008,1000
76.028843299094,1008,1000
76.039887299094,1008,1000
76.048843299094,1008,1000
76.058843299094,1008,1000
76.069455299094,1008,1000
76.078843299094,1008,1000
76.088843307202,1008,1000
76.09930709107,1008,1000
76.109131541849,1008,1000
76.119856315352,1008,1000
76.129043715396,1008,1000
76.138843315352,1008,1000
76.148843315352,1008,1000
76.158843315352,1008,1000
76.168843315352,1008,1000
76.178843315352,1008,1000
76.190185509292,1008,1000
76.198843323502,1008,1000
76.209012747967,1008,1000
76.218843331665,1008,1000
76.229959331665,1008,1000
76.238843331665,1008,1000
76.248843331665,1008,1000
76.258843331665,1008,1000
76.268843331665,1008,1000
76.279314941907,1008,1000
76.288843339828,1008,1000
76.298843339828,1008,1000
76.308843347998,1008,1000
76.320299780613,1008,1000
76.329075780613,1008,1000
76.339743347998,1008,1000
76.348843347998,1008,1000
76.358843347998,1008,1000
76.368843347998,1008,1000
76.378843347998,1008,1000
76.388843356168,1008,1000
76.398843356168,1008,1000
76.409537245919,1008,1000
76.418843364356,1008,1000
76.428980813304,1008,1000
76.438843364356,1008,1000
76.449784364356,1008,1000
76.459608752428,1008,1000
76.468843364356,1008,1000
76.478843364356,1008,1000
76.49105385455,1008,1000
76.498843372544,1008,1000
76.508843380745,1008,1000
76.518843380745,1008,1000
76.528843380745,1008,1000
76.541062870952,1008,1000
76.548843380745,1008,1000
76.558843380745,1008,1000
76.568843380745,1008,1000
76.578843380745,1008,1000
76.588843388946,1008,1000
76.600009388946,1008,1000
76.608843397178,1008,1000
76.618843397178,1008,1000
76.628843397178,1008,1000
76.638843397178,1008,1000
76.651980887416,1008,1000
76.658843397178,1008,1000
76.668843397178,1008,1000
76.678843397178,1008,1000
76.689156895306,1008,1000
76.703460413663,1008,1000
76.708843413663,1008,1000
76.718843413663,1008,1000
76.729545413663,1008,1000
76.741115903922,1008,1000
76.748843413663,1008,1000
76.758843413663,1008,1000
76.768843413663,1008,1000
76.778843413663,1008,1000
76.789820421916,1008,1000
76.800491430176,1008,1000
76.808843430176,1008,1000
76.818843430176,1008,1000
76.829157430176,1008,1000
76.842881920442,1008,1000
76.849905430176,1008,1000
76.861059949661,1008,1000
76.868843430176,1008,1000
76.880462953042,1008,1000
76.892128920442,1008,1000
76.898843438436,1008,1000
76.909385041225,1008,1000
76.918843446725,1008,1000
76.928843446725,1008,1000
76.939313977851,1008,1000
76.948843446725,1008,1000
76.959730446725,1008,1000
76.97078393702,1008,1000
76.979157446725,1008,1000
76.989451455014,1008,1000
76.998843455014,1008,1000
77.008843463335,1008,1000
77.018843463335,1008,1000
77.03348868933,1008,1000
77.038843463335,1008,1000
77.04901301101,1008,1000
77.058843463335,1008,1000
77.068843463335,1008,1000
77.079797463335,1008,1000
77.088843471656,1008,1000
77.098843471656,1008,1000
77.109923479959,1008,1000
77.120927970268,1008,1000
77.128843479959,1008,1000
77.140855970268,1008,1000
77.149631479959,1008,1000
77.159932479959,1008,1000
77.169206044244,1008,1000
77.178843479959,1008,1000
77.189775488262,1008,1000
77.199071069171,1008,1000
77.208843496613,1008,1000
77.218843496613,1008,1000
77.228843496613,1008,1000
77.238843496613,1008,1000
77.249742077522,1008,1000
77.258843496613,1008,1000
77.27157498697,1008,1000
77.279130085825,1008,1000
77.289590504964,1008,1000
77.299582190447,1008,1000
77.311548003672,1008,1000
77.318843513315,1008,1000
77.328843513315,1008,1000
77.340427779707,1008,1000
77.348843513315,1008,1000
77.362072601235,1008,1000
77.368843513315,1008,1000
77.383843513315,1008,1000
77.389775521666,1008,1000
77.399157521666,1008,1000
77.408843530017,1008,1000
77.418843530017,1008,1000
77.429692410674,1008,1000
77.439820076164,1008,1000
77.448843530017,1008,1000
77.463371530017,1008,1000
77.470964020374,1008,1000
77.481287020374,1008,1000
77.491188020374,1008,1000
77.499451538368,1008,1000
77.50884354674,1008,1000
77.519507013489,1008,1000
77.529066723854,1008,1000
77.53884354674,1008,1000
77.554226037118,1008,1000
77.55884354674,1008,1000
77.56973854674,1008,1000
77.584595037118,1008,1000
77.59307369318,1008,1000
77.598843555112,1008,1000
77.613911053816,1008,1000
77.618843563461,1008,1000
77.629258349219,1008,1000
77.645333872993,1008,1000
77.648843563461,1008,1000
77.659908211151,1008,1000
77.669157563461,1008,1000
77.679792219523,1008,1000
77.68884357181,1008,1000
77.69995457181,1008,1000
77.711971070466,1008,1000
77.718843580135,1008,1000
77.733009555573,1008,1000
77.739600399312,1008,1000
77.749082892236,1008,1000
77.758843580135,1008,1000
77.769780055374,1008,1000
77.785140070466,1008,1000
77.78975926122,1008,1000
77.79915758846,1008,1000
77.809680596797,1008,1000
77.818843596797,1008,1000
77.830234596797,1008,1000
77.838843596797,1008,1000
77.848843596797,1008,1000
77.859827753121,1008,1000
77.869157596797,1008,1000
77.879050958967,1008,1000
77.889604605134,1008,1000
77.898843605134,1008,1000
77.908843613472,1008,1000
77.919463311219,1008,1000
77.932402801562,1008,1000
77.939725613472,1008,1000
77.949288177054,1008,1000
77.958843613472,1008,1000
77.969599613472,1008,1000
77.978843613472,1008,1000
77.98884362181,1008,1000
77.99992862181,1008,1000
78.01359834207,1008,1000
78.019611687258,1008,1000
78.029476344604,1008,1000
78.042803630182,1008,1000
78.048843630182,1008,1000
78.06131512056,1008,1000
78.068843630182,1008,1000
78.078843630182,1008,1000
78.089157361314,1008,1000
78.104258089965,1008,1000
78.113173646945,1008,1000
78.118843646945,1008,1000
78.130216646945,1008,1000
78.138843646945,1008,1000
78.149847646945,1008,1000
78.158843646945,1008,1000
78.170883137342,1008,1000
78.180160215697,1008,1000
78.188843655336,1008,1000
78.199097748934,1008,1000
78.211868154104,1008,1000
78.219589411612,1008,1000
78.229415663717,1008,1000
78.239067411612,1008,1000
78.253671023592,1008,1000
78.258843663717,1008,1000
78.269325980364,1008,1000
78.279793663717,1008,1000
78.289622672098,1008,1000
78.299157672098,1008,1000
78.308843680501,1008,1000
78.320910680501,1008,1000
78.33223717091,1008,1000
78.339887680501,1008,1000
78.349896680501,1008,1000
78.358843680501,1008,1000
78.369004445168,1008,1000
78.379384340817,1008,1000
78.389878688904,1008,1000
78.402920697301,1008,1000
78.410220478752,1008,1000
78.419792697301,1008,1000
78.429071478752,1008,1000
78.439026478752,1008,1000
78.448843697301,1008,1000
78.460203697301,1008,1000
78.469487697301,1008,1000
78.479269487155,1008,1000
78.488843705698,1008,1000
78.505366582465,1008,1000
78.50902151236,1008,1000
78.518843434389,1008,1000
78.528843434389,1008,1000
78.538843171791,1008,1000
78.548843171791,1008,1000
78.559474789119,1008,1000
78.568843171791,1008,1000
78.579653171791,1008,1000
78.58884316308,1008,1000
78.59993216308,1008,1000
78.608843154369,1008,1000
78.618843154369,1008,1000
78.628843154369,1008,1000
78.642437627664,1008,1000
78.648843154369,1008,1000
78.658843154369,1008,1000
78.668843154369,1008,1000
78.678843154369,1008,1000
78.689178409688,1008,1000
78.700504136941,1008,1000
78.709860136941,1008,1000
78.718843136941,1008,1000
78.730101136941,1008,1000
78.738843136941,1008,1000
78.749428136941,1008,1000
78.758843136941,1008,1000
78.768843136941,1008,1000
78.778843136941,1008,1000
78.79257961023,1008,1000
78.799034366115,1008,1000
78.808843119523,1008,1000
78.819464357414,1008,1000
78.829878119523,1008,1000
78.838843119523,1008,1000
78.848843119523,1008,1000
78.859640119523,1008,1000
78.868843119523,1008,1000
78.879905119523,1008,1000
78.888843110822,1008,1000
78.898843110822,1008,1000
78.908843102149,1008,1000
78.919052322622,1008,1000
78.928843102149,1008,1000
78.938843102149,1008,1000
78.948843102149,1008,1000
78.958843102149,1008,1000
78.969241322622,1008,1000
78.980190923727,1008,1000
78.988843093476,1008,1000
78.998843093476,1008,1000
79.011187558122,1008,1000
79.018843084796,1008,1000
79.029538171952,1008,1000
79.040796084796,1008,1000
79.050792558122,1008,1000
79.058843084796,1008,1000
79.069563109473,1008,1000
79.078843084796,1008,1000
79.088843076116,1008,1000
79.099157076116,1008,1000
79.108843067453,1008,1000
79.119761067453,1008,1000
79.128843067453,1008,1000
79.138843067453,1008,1000
79.148843067453,1008,1000
79.158843067453,1008,1000
79.170076912271,1008,1000
79.178843067453,1008,1000
79.18884305879,1008,1000
79.19884305879,1008,1000
79.209160218533,1008,1000
79.21884305013,1008,1000
79.230856941845,1008,1000
79.23884305013,1008,1000
79.24884305013,1008,1000
79.259296063351,1008,1000
79.26884305013,1008,1000
79.27884305013,1008,1000
79.28884304147,1008,1000
79.29884304147,1008,1000
79.308843032819,1008,1000
79.318843032819,1008,1000
79.329635032819,1008,1000
79.338843032819,1008,1000
79.348843032819,1008,1000
79.358843032819,1008,1000
79.368843032819,1008,1000
79.378843032819,1008,1000
79.388843024168,1008,1000
79.398843024168,1008,1000
79.408843015545,1008,1000
79.418843015545,1008,1000
79.428843015545,1008,1000
79.438843015545,1008,1000
79.448843015545,1008,1000
79.458843015545,1008,1000
79.468843015545,1008,1000
79.479932015545,1008,1000
79.488843006922,1008,1000
79.498843006922,1008,1000
79.508842998267,1008,1000
79.518842998267,1008,1000
79.529765998267,1008,1000
79.538842998267,1008,1000
79.548842998267,1008,1000
79.558842998267,1008,1000
79.569160114762,1008,1000
79.579954998267,1008,1000
79.588842989612,1008,1000
79.599089581356,1008,1000
79.608842980968,1008,1000
79.618931080185,1008,1000
79.628842980968,1008,1000
79.638842980968,1008,1000
79.649411983123,1008,1000
79.658946844759,1008,1000
79.669201080185,1008,1000
79.678842980968,1008,1000
79.688842972324,1008,1000
79.698842972324,1008,1000
79.709855963693,1008,1000
79.718842963693,1008,1000
79.728842963693,1008,1000
79.738842963693,1008,1000
79.748842963693,1008,1000
79.758842963693,1008,1000
79.768842963693,1008,1000
79.779535592247,1008,1000
79.788842955062,1008,1000
79.799683019705,1008,1000
79.809859946456,1008,1000
79.818842946456,1008,1000
79.829657946456,1008,1000
79.839104798822,1008,1000
79.848842946456,1008,1000
79.858842946456,1008,1000
79.868842946456,1008,1000
79.878842946456,1008,1000
79.889323241694,1008,1000
79.899123985256,1008,1000
79.908842929248,1008,1000
79.918842929248,1008,1000
79.929608349826,1008,1000
79.938842929248,1008,1000
79.949427929248,1008,1000
79.958842929248,1008,1000
79.969945929248,1008,1000
79.978842929248,1008,1000
79.988842920646,1008,1000
79.998842920646,1008,1000
80.008842912054,1008,1000
80.018842912054,1008,1000
80.028842912054,1008,1000
80.038842912054,1008,1000
80.048842912054,1008,1000
80.059272942252,1008,1000
80.068842912054,1008,1000
80.078842912054,1008,1000
80.088842903462,1008,1000
80.098842903462,1008,1000
80.108842894874,1008,1000
80.118842894874,1008,1000
80.129859894874,1008,1000
80.138842894874,1008,1000
80.149481894874,1008,1000
80.158842894874,1008,1000
80.169715894874,1008,1000
80.178842894874,1008,1000
80.189433455969,1008,1000
80.198842886286,1008,1000
80.208842877708,1008,1000
80.219168873532,1008,1000
80.228842877708,1008,1000
80.23885108786,1008,1000
80.248842877708,1008,1000
80.258898873532,1008,1000
80.268842877708,1008,1000
80.278842877708,1008,1000
80.289240246275,1008,1000
80.29884286913,1008,1000
80.308842860597,1008,1000
80.318842860597,1008,1000
80.329652860597,1008,1000
80.338842860597,1008,1000
80.348842860597,1008,1000
80.359891860597,1008,1000
80.368842860597,1008,1000
80.380155529139,1008,1000
80.388842852064,1008,1000
80.398842852064,1008,1000
80.408842843526,1008,1000
80.418842843526,1008,1000
80.428842843526,1008,1000
80.438842843526,1008,1000
80.449878240093,1008,1000
80.458842843526,1008,1000
80.469329473615,1008,1000
80.478842843526,1008,1000
80.488842834988,1008,1000
80.498842834988,1008,1000
80.508842826467,1008,1000
80.518842826467,1008,1000
80.528842826467,1008,1000
80.53922316751,1008,1000
80.548842826467,1008,1000
80.558842826467,1008,1000
80.568842826467,1008,1000
80.578842826467,1008,1000
80.588842817946,1008,1000
80.598842817946,1008,1000
80.608842809464,1008,1000
80.618842809464,1008,1000
80.628842809464,1008,1000
80.639054137783,1008,1000
80.648842809464,1008,1000
80.658842809464,1008,1000
80.668842809464,1008,1000
80.678842809464,1008,1000
80.688842800982,1008,1000
80.698842800982,1008,1000
80.708842792516,1008,1000
80.718842792516,1008,1000
80.728842792516,1008,1000
80.739601178368,1008,1000
80.748842792516,1008,1000
80.758842792516,1008,1000
80.769580086868,1008,1000
80.778842792516,1008,1000
80.78884278405,1008,1000
80.801046757799,1008,1000
80.808842775586,1008,1000
80.818842775586,1008,1000
80.828842775586,1008,1000
80.838842775586,1008,1000
80.848842775586,1008,1000
80.858842775586,1008,1000
80.869958002818,1008,1000
80.878842775586,1008,1000
80.889603767122,1008,1000
80.899576027172,1008,1000
80.908842758692,1008,1000
80.918842758692,1008,1000
80.92919499441,1008,1000
80.938842758692,1008,1000
80.948842758692,1008,1000
80.95914086246,1008,1000
80.968842758692,1008,1000
80.978842758692,1008,1000
80.9888778098,1008,1000
80.998842750262,1008,1000
81.008842741855,1008,1000
81.018842741855,1008,1000
81.028842741855,1008,1000
81.038842741855,1008,1000
81.049580741855,1008,1000
81.058842741855,1008,1000
81.068842741855,1008,1000
81.078842741855,1008,1000
81.088842733448,1008,1000
81.098842733448,1008,1000
81.108842725072,1008,1000
81.118842725072,1008,1000
81.128842725072,1008,1000
81.138842725072,1008,1000
81.149909725072,1008,1000
81.158842725072,1008,1000
81.168842725072,1008,1000
81.178842725072,1008,1000
81.188989995119,1008,1000
81.198842716696,1008,1000
81.209648675975,1008,1000
81.218842708324,1008,1000
81.228842708324,1008,1000
81.239254534346,1008,1000
81.248842708324,1008,1000
81.258842708324,1008,1000
81.268842708324,1008,1000
81.278842708324,1008,1000
81.288842699952,1008,1000
81.298842699952,1008,1000
81.308842691628,1008,1000
81.318842691628,1008,1000
81.328842691628,1008,1000
81.338842691628,1008,1000
81.349425719471,1008,1000
81.358842691628,1008,1000
81.368842691628,1008,1000
81.378842691628,1008,1000
81.388842683304,1008,1000
81.398842683304,1008,1000
81.409507661552,1008,1000
81.41884267481,1008,1000
81.42884267481,1008,1000
81.43884267481,1008,1000
81.44884267481,1008,1000
81.45884267481,1008,1000
81.46884267481,1008,1000
81.47884267481,1008,1000
81.488842666316,1008,1000
81.498842666316,1008,1000
81.508842657776,1008,1000
81.519459657776,1008,1000
81.528842657776,1008,1000
81.539118501737,1008,1000
81.548842657776,1008,1000
81.558842657776,1008,1000
81.568842657776,1008,1000
81.578842657776,1008,1000
81.588842649236,1008,1000
81.598842649236,1008,1000
81.608842640719,1008,1000
81.618842640719,1008,1000
81.628842640719,1008,1000
81.638842640719,1008,1000
81.648842640719,1008,1000
81.658842640719,1008,1000
81.668842640719,1008,1000
81.678842640719,1008,1000
81.688917901759,1008,1000
81.699387632202,1008,1000
81.708842623735,1008,1000
81.719588580562,1008,1000
81.728842623735,1008,1000
81.738842623735,1008,1000
81.748842623735,1008,1000
81.758842623735,1008,1000
81.768842623735,1008,1000
81.778842623735,1008,1000
81.788842615268,1008,1000
81.798842615268,1008,1000
81.808842606792,1008,1000
81.818842606792,1008,1000
81.829574374883,1008,1000
81.838842606792,1008,1000
81.848842606792,1008,1000
81.858842606792,1008,1000
81.868842606792,1008,1000
81.879431649232,1008,1000
81.888842598316,1008,1000
81.898842598316,1008,1000
81.908842589895,1008,1000
81.918842589895,1008,1000
81.928914081395,1008,1000
81.938842589895,1008,1000
81.948842589895,1008,1000
81.958842589895,1008,1000
81.968842589895,1008,1000
81.978842589895,1008,1000
81.988842581474,1008,1000
81.998842581474,1008,1000
82.008842573061,1008,1000
82.019087190985,1008,1000
82.028842573061,1008,1000
82.038842573061,1008,1000
82.048842573061,1008,1000
82.058842573061,1008,1000
82.068842573061,1008,1000
82.078842573061,1008,1000
82.088842564648,1008,1000
82.098842564648,1008,1000
82.108842556248,1008,1000
82.118842556248,1008,1000
82.129621556248,1008,1000
82.138842556248,1008,1000
82.149648556248,1008,1000
82.158842556248,1008,1000
82.168842556248,1008,1000
82.178842556248,1008,1000
82.188842547848,1008,1000
82.198842547848,1008,1000
82.208842539508,1008,1000
82.218842539508,1008,1000
82.228842539508,1008,1000
82.238842539508,1008,1000
82.248842539508,1008,1000
82.258842539508,1008,1000
82.268842539508,1008,1000
82.278842539508,1008,1000
82.288842531168,1008,1000
82.298842531168,1008,1000
82.308842522851,1008,1000
82.318842522851,1008,1000
82.328842522851,1008,1000
82.338842522851,1008,1000
82.348842522851,1008,1000
82.358842522851,1008,1000
82.368842522851,1008,1000
82.378842522851,1008,1000
82.388842514534,1008,1000
82.399666514534,1008,1000
82.408842506219,1008,1000
82.418842506219,1008,1000
82.428842506219,1008,1000
82.439380730735,1008,1000
82.448842506219,1008,1000
82.458842506219,1008,1000
82.468842506219,1008,1000
82.478842506219,1008,1000
82.488842497904,1008,1000
82.498842497904,1008,1000
82.508842489633,1008,1000
82.518842489633,1008,1000
82.528842489633,1008,1000
82.538842489633,1008,1000
82.548842489633,1008,1000
82.558842489633,1008,1000
82.568842489633,1008,1000
82.578842489633,1008,1000
82.588842481362,1008,1000
82.601168946862,1008,1000
82.608842473109,1008,1000
82.618842473109,1008,1000
82.629010513975,1008,1000
82.638842473109,1008,1000
82.649873473109,1008,1000
82.658842473109,1008,1000
82.669553812866,1008,1000
82.678842473109,1008,1000
82.689156464856,1008,1000
82.698842464856,1008,1000
82.708842456652,1008,1000
82.718842456652,1008,1000
82.728842456652,1008,1000
82.739065030711,1008,1000
82.748842456652,1008,1000
82.758842456652,1008,1000
82.768842456652,1008,1000
82.778842456652,1008,1000
82.788842448448,1008,1000
82.798842448448,1008,1000
82.808842440285,1008,1000
82.818842440285,1008,1000
82.828842440285,1008,1000
82.838842440285,1008,1000
82.848842440285,1008,1000
82.860095126915,1008,1000
82.868842440285,1008,1000
82.878842440285,1008,1000
82.888842432122,1008,1000
82.898842432122,1008,1000
82.908842423976,1008,1000
82.919511573022,1008,1000
82.928842423976,1008,1000
82.938842423976,1008,1000
82.950119651841,1008,1000
82.958842423976,1008,1000
82.968842423976,1008,1000
82.978842423976,1008,1000
82.98884241583,1008,1000
82.99884241583,1008,1000
83.008842407757,1008,1000
83.018842407757,1008,1000
83.028842407757,1008,1000
83.039320160548,1008,1000
83.048842407757,1008,1000
83.058842407757,1008,1000
83.068842407757,1008,1000
83.078842407757,1008,1000
83.088842399684,1008,1000
83.098842399684,1008,1000
83.109132389826,1008,1000
83.118842391625,1008,1000
83.128842391625,1008,1000
83.138842391625,1008,1000
83.148842391625,1008,1000
83.158842391625,1008,1000
83.168842391625,1008,1000
83.178842391625,1008,1000
83.188842383566,1008,1000
83.199200827993,1008,1000
83.208842375383,1008,1000
83.218842375383,1008,1000
83.228842375383,1008,1000
83.238842375383,1008,1000
83.248842375383,1008,1000
83.258842375383,1008,1000
83.268842375383,1008,1000
83.278842375383,1008,1000
83.289224857502,1008,1000
83.2988423672,1008,1000
83.308842358994,1008,1000
83.318842358994,1008,1000
83.328842358994,1008,1000
83.338842358994,1008,1000
83.348842358994,1008,1000
83.358842358994,1008,1000
83.368842358994,1008,1000
83.378842358994,1008,1000
83.388842350788,1008,1000
83.398842350788,1008,1000
83.408842342617,1008,1000
83.418842342617,1008,1000
83.428842342617,1008,1000
83.438842342617,1008,1000
83.448842342617,1008,1000
83.458842342617,1008,1000
83.468842342617,1008,1000
83.479272728099,1008,1000
83.488842334446,1008,1000
83.498842334446,1008,1000
83.508842326338,1008,1000
83.518842326338,1008,1000
83.529569750192,1008,1000
83.538842326338,1008,1000
83.548842326338,1008,1000
83.558842326338,1008,1000
83.568842326338,1008,1000
83.578842326338,1008,1000
83.58884231823,1008,1000
83.59884231823,1008,1000
83.608842310167,1008,1000
83.618842310167,1008,1000
83.629434638641,1008,1000
83.638842310167,1008,1000
83.648842310167,1008,1000
83.658842310167,1008,1000
83.668842310167,1008,1000
83.678842310167,1008,1000
83.688842302104,1008,1000
83.699939979708,1008,1000
83.708842294089,1008,1000
83.71961791874,1008,1000
83.728842294089,1008,1000
83.738842294089,1008,1000
83.748842294089,1008,1000
83.758842294089,1008,1000
83.768842294089,1008,1000
83.778842294089,1008,1000
83.789176366732,1008,1000
83.798842286074,1008,1000
83.80884227811,1008,1000
83.81884227811,1008,1000
83.82884227811,1008,1000
83.83884227811,1008,1000
83.84884227811,1008,1000
83.85884227811,1008,1000
83.86884227811,1008,1000
83.87884227811,1008,1000
83.888842270146,1008,1000
83.898842270146,1008,1000
83.908842262218,1008,1000
83.918842262218,1008,1000
83.928842262218,1008,1000
83.938842262218,1008,1000
83.948842262218,1008,1000
83.958842262218,1008,1000
83.968842262218,1008,1000
83.978842262218,1008,1000
83.98884225429,1008,1000
83.99884225429,1008,1000
84.009556773762,1008,1000
84.018842246418,1008,1000
84.028842246418,1008,1000
84.040171247251,1008,1000
84.048842246418,1008,1000
84.058842246418,1008,1000
84.068842246418,1008,1000
84.078842246418,1008,1000
84.088842238546,1008,1000
84.098842238546,1008,1000
84.108842230739,1008,1000
84.118842230739,1008,1000
84.12940757894,1008,1000
84.138842230739,1008,1000
84.148842230739,1008,1000
84.158842230739,1008,1000
84.168842230739,1008,1000
84.178842230739,1008,1000
84.188842222932,1008,1000
84.199015598891,1008,1000
84.208842215182,1008,1000
84.218842215182,1008,1000
84.228842215182,1008,1000
84.238842215182,1008,1000
84.248842215182,1008,1000
84.258842215182,1008,1000
84.268842215182,1008,1000
84.278842215182,1008,1000
84.288842207432,1008,1000
84.298842207432,1008,1000
84.30884219975,1008,1000
84.31884219975,1008,1000
84.32884219975,1008,1000
84.33884219975,1008,1000
84.34884219975,1008,1000
84.35884219975,1008,1000
84.36884219975,1008,1000
84.37884219975,1008,1000
84.388842192068,1008,1000
84.398842192068,1008,1000
84.408842184456,1008,1000
84.418842184456,1008,1000
84.428842184456,1008,1000
84.438842184456,1008,1000
84.449960191545,1008,1000
84.458842184456,1008,1000
84.468842184456,1008,1000
84.478842184456,1008,1000
84.488842176844,1008,1000
84.499264214778,1008,1000
84.508842169295,1008,1000
84.518842169295,1008,1000
84.528842169295,1008,1000
84.53935846179,1008,1000
84.548842169295,1008,1000
84.558842169295,1008,1000
84.568842169295,1008,1000
84.578842169295,1008,1000
84.588842161746,1008,1000
84.598842161746,1008,1000
84.608842154277,1008,1000
84.619389781163,1008,1000
84.628842154277,1008,1000
84.639665502694,1008,1000
84.649724154277,1008,1000
84.658842154277,1008,1000
84.668842154277,1008,1000
84.678842154277,1008,1000
84.688842146808,1008,1000
84.698842146808,1008,1000
84.70884213943,1008,1000
84.719359963678,1008,1000
84.72884213943,1008,1000
84.739086394657,1008,1000
84.74884213943,1008,1000
84.75884213943,1008,1000
84.76884213943,1008,1000
84.77884213943,1008,1000
84.788842132052,1008,1000
84.798842132052,1008,1000
84.809488904392,1008,1000
84.819832124756,1008,1000
84.828842124756,1008,1000
84.838842124756,1008,1000
84.848842124756,1008,1000
84.858842124756,1008,1000
84.868842124756,1008,1000
84.878842124756,1008,1000
84.88884211746,1008,1000
84.89884211746,1008,1000
84.908969335972,1008,1000
84.918842110266,1008,1000
84.928842110266,1008,1000
84.938842110266,1008,1000
84.948842110266,1008,1000
84.958842110266,1008,1000
84.968842110266,1008,1000
84.978842110266,1008,1000
84.988842103072,1008,1000
84.999017226022,1008,1000
85.008842095975,1008,1000
85.018842095975,1008,1000
85.028842095975,1008,1000
85.038842095975,1008,1000
85.048842095975,1008,1000
85.058842095975,1008,1000
85.068842095975,1008,1000
85.078842095975,1008,1000
85.088842088878,1008,1000
85.09963798831,1008,1000
85.10884208187,1008,1000
85.11884208187,1008,1000
85.12884208187,1008,1000
85.13884208187,1008,1000
85.14884208187,1008,1000
85.15884208187,1008,1000
85.16884208187,1008,1000
85.17884208187,1008,1000
85.188842074862,1008,1000
85.198842074862,1008,1000
85.208842067985,1008,1000
85.218842067985,1008,1000
85.228842067985,1008,1000
85.238842067985,1008,1000
85.248842067985,1008,1000
85.258842067985,1008,1000
85.268842067985,1008,1000
85.278842067985,1008,1000
85.289060807361,1008,1000
85.298842061108,1008,1000
85.308842054364,1008,1000
85.318842054364,1008,1000
85.328842054364,1008,1000
85.338842054364,1008,1000
85.348842054364,1008,1000
85.358842054364,1008,1000
85.368842054364,1008,1000
85.378842054364,1008,1000
85.38884204762,1008,1000
85.39884204762,1008,1000
85.409551646684,1008,1000
85.418842041003,1008,1000
85.428842041003,1008,1000
85.438842041003,1008,1000
85.448842041003,1008,1000
85.458842041003,1008,1000
85.468842041003,1008,1000
85.478842041003,1008,1000
85.488842034386,1008,1000
85.498842034386,1008,1000
85.508842027892,1008,1000
85.518842027892,1008,1000
85.528842027892,1008,1000
85.538842027892,1008,1000
85.548842027892,1008,1000
85.559460787187,1008,1000
85.568842027892,1008,1000
85.578842027892,1008,1000
85.588842021398,1008,1000
85.598842021398,1008,1000
85.608842015058,1008,1000
85.618842015058,1008,1000
85.628842015058,1008,1000
85.638842015058,1008,1000
85.648842015058,1008,1000
85.658842015058,1008,1000
85.668842015058,1008,1000
85.678842015058,1008,1000
85.688842008718,1008,1000
85.698842008718,1008,1000
85.709515842296,1008,1000
85.718842002542,1008,1000
85.728842002542,1008,1000
85.738842002542,1008,1000
85.748842002542,1008,1000
85.758842002542,1008,1000
85.768842002542,1008,1000
85.779833390479,1008,1000
85.788841996366,1008,1000
85.798841996366,1008,1000
85.808841990345,1008,1000
85.818841990345,1008,1000
85.828841990345,1008,1000
85.838841990345,1008,1000
85.848841990345,1008,1000
85.858841990345,1008,1000
85.869069481774,1008,1000
85.878841990345,1008,1000
85.888841984324,1008,1000
85.899001644817,1008,1000
85.908841978478,1008,1000
85.918841978478,1008,1000
85.929074786262,1008,1000
85.938841978478,1008,1000
85.948841978478,1008,1000
85.958841978478,1008,1000
85.968841978478,1008,1000
85.978841978478,1008,1000
85.988841972632,1008,1000
85.998841972632,1008,1000
86.00884196698,1008,1000
86.01884196698,1008,1000
86.02884196698,1008,1000
86.03884196698,1008,1000
86.04884196698,1008,1000
86.05884196698,1008,1000
86.068850804826,1008,1000
86.07884196698,1008,1000
86.088898590498,1008,1000
86.098841961328,1008,1000
86.108841955539,1008,1000
86.118841955539,1008,1000
86.128841955539,1008,1000
86.138841955539,1008,1000
86.149280567753,1008,1000
86.159218874272,1008,1000
86.168841955539,1008,1000
86.178841955539,1008,1000
86.189656208128,1008,1000
86.19884194975,1008,1000
86.208841944058,1008,1000
86.218841944058,1008,1000
86.228841944058,1008,1000
86.238841944058,1008,1000
86.248841944058,1008,1000
86.258841944058,1008,1000
86.268841944058,1008,1000
86.278841944058,1008,1000
86.288841938366,1008,1000
86.298841938366,1008,1000
86.308841932877,1008,1000
86.318841932877,1008,1000
86.328841932877,1008,1000
86.338841932877,1008,1000
86.348841932877,1008,1000
86.358841932877,1008,1000
86.368841932877,1008,1000
86.378998029883,1008,1000
86.388841927388,1008,1000
86.398841927388,1008,1000
86.408841922129,1008,1000
86.418841922129,1008,1000
86.428841922129,1008,1000
86.4394334663,1008,1000
86.448841922129,1008,1000
86.458841922129,1008,1000
86.468841922129,1008,1000
86.478841922129,1008,1000
86.489209511685,1008,1000
86.49884191687,1008,1000
86.508841911839,1008,1000
86.518841911839,1008,1000
86.529934978915,1008,1000
86.538841911839,1008,1000
86.548841911839,1008,1000
86.558841911839,1008,1000
86.568841911839,1008,1000
86.578841911839,1008,1000
86.588841906808,1008,1000
86.598841906808,1008,1000
86.608841902034,1008,1000
86.619233981899,1008,1000
86.628841902034,1008,1000
86.638841902034,1008,1000
86.648841902034,1008,1000
86.658841902034,1008,1000
86.668841902034,1008,1000
86.678841902034,1008,1000
86.68884189726,1008,1000
86.69884189726,1008,1000
86.70884189276,1008,1000
86.71884189276,1008,1000
86.72884189276,1008,1000
86.73884189276,1008,1000
86.74884189276,1008,1000
86.75884189276,1008,1000
86.769506818823,1008,1000
86.77884189276,1008,1000
86.789109624215,1008,1000
86.799614957167,1008,1000
86.808841884041,1008,1000
86.819725183765,1008,1000
86.828841884041,1008,1000
86.838841884041,1008,1000
86.848841884041,1008,1000
86.858841884041,1008,1000
86.869328803164,1008,1000
86.878841884041,1008,1000
86.888841879822,1008,1000
86.898841879822,1008,1000
86.908880160609,1008,1000
86.918841875894,1008,1000
86.928841875894,1008,1000
86.938841875894,1008,1000
86.948841875894,1008,1000
86.958841875894,1008,1000
86.968841875894,1008,1000
86.978841875894,1008,1000
86.98910076959,1008,1000
86.998841871966,1008,1000
87.008841868344,1008,1000
87.018841868344,1008,1000
87.028841868344,1008,1000
87.038841868344,1008,1000
87.048841868344,1008,1000
87.058841868344,1008,1000
87.068841868344,1008,1000
87.078841868344,1008,1000
87.088841864722,1008,1000
87.098841864722,1008,1000
87.108841861431,1008,1000
87.118841861431,1008,1000
87.128841861431,1008,1000
87.138841861431,1008,1000
87.148841861431,1008,1000
87.158841861431,1008,1000
87.168841861431,1008,1000
87.178841861431,1008,1000
87.18884185814,1008,1000
87.19884185814,1008,1000
87.2088418552,1008,1000
87.2188418552,1008,1000
87.2288418552,1008,1000
87.2388418552,1008,1000
87.2488418552,1008,1000
87.2588418552,1008,1000
87.2688418552,1008,1000
87.279503448765,1008,1000
87.28884185226,1008,1000
87.29884185226,1008,1000
87.308841849673,1008,1000
87.318841849673,1008,1000
87.328841849673,1008,1000
87.338841849673,1008,1000
87.348841849673,1008,1000
87.358841849673,1008,1000
87.368841849673,1008,1000
87.378841849673,1008,1000
87.388841847086,1008,1000
87.398841847086,1008,1000
87.408841844873,1008,1000
87.41902257469,1008,1000
87.428841844873,1008,1000
87.438841844873,1008,1000
87.448841844873,1008,1000
87.458841844873,1008,1000
87.469025276901,1008,1000
87.478841844873,1008,1000
87.48884184266,1008,1000
87.49884184266,1008,1000
87.508841840822,1008,1000
87.518841840822,1008,1000
87.528841840822,1008,1000
87.538841840822,1008,1000
87.548841840822,1008,1000
87.558841840822,1008,1000
87.568841840822,1008,1000
87.578841840822,1008,1000
87.588841838984,1008,1000
87.598841838984,1008,1000
87.608841837289,1008,1000
87.618841837289,1008,1000
87.628841837289,1008,1000
87.638938228323,1008,1000
87.648841837289,1008,1000
87.658841837289,1008,1000
87.668841837289,1008,1000
87.678841837289,1008,1000
87.688841835594,1008,1000
87.698841835594,1008,1000
87.708841834008,1008,1000
87.718841834008,1008,1000
87.728841834008,1008,1000
87.738841834008,1008,1000
87.748841834008,1008,1000
87.758841834008,1008,1000
87.768841834008,1008,1000
87.778841834008,1008,1000
87.788841832422,1008,1000
87.798841832422,1008,1000
87.808841831243,1008,1000
87.818841831243,1008,1000
87.828841831243,1008,1000
87.838841831243,1008,1000
87.849532181579,1008,1000
87.858841831243,1008,1000
87.868841831243,1008,1000
87.879574934232,1008,1000
87.889426160434,1008,1000
87.898841830064,1008,1000
87.908841829294,1008,1000
87.918841829294,1008,1000
87.928841829294,1008,1000
87.938841829294,1008,1000
87.948841829294,1008,1000
87.958890990513,1008,1000
87.968841829294,1008,1000
87.978841829294,1008,1000
87.988841828524,1008,1000
87.998841828524,1008,1000
88.008841828166,1008,1000
88.018841828166,1008,1000
88.028841828166,1008,1000
88.038841828166,1008,1000
88.048841828166,1008,1000
88.058841828166,1008,1000
88.068841828166,1008,1000
88.079028989523,1008,1000
88.088841827808,1008,1000
88.098841827808,1008,1000
88.108841827865,1008,1000
88.118841827865,1008,1000
88.128841827865,1008,1000
88.138841827865,1008,1000
88.148841827865,1008,1000
88.158841827865,1008,1000
88.169782329102,1008,1000
88.178841827865,1008,1000
88.188841827922,1008,1000
88.198841827922,1008,1000
88.208841828393,1008,1000
88.218841828393,1008,1000
88.228841828393,1008,1000
88.238841828393,1008,1000
88.248841828393,1008,1000
88.259153258445,1008,1000
88.269896184053,1008,1000
88.278841828393,1008,1000
88.288841828864,1008,1000
88.298841828864,1008,1000
88.308841829748,1008,1000
88.318841829748,1008,1000
88.328841829748,1008,1000
88.338841829748,1008,1000
88.348841829748,1008,1000
88.359303114751,1008,1000
88.368841829748,1008,1000
88.378841829748,1008,1000
88.388841830632,1008,1000
88.398841830632,1008,1000
88.408841831927,1008,1000
88.418841831927,1008,1000
88.428841831927,1008,1000
88.438841831927,1008,1000
88.448841831927,1008,1000
88.458841831927,1008,1000
88.468841831927,1008,1000
88.478841831927,1008,1000
88.488841833222,1008,1000
88.498841833222,1008,1000
88.50884183491,1008,1000
88.51884183491,1008,1000
88.52884183491,1008,1000
88.53884183491,1008,1000
88.54884183491,1008,1000
88.559160563252,1008,1000
88.56884183491,1008,1000
88.57884183491,1008,1000
88.588841836598,1008,1000
88.598841836598,1008,1000
88.608841838679,1008,1000
88.618841838679,1008,1000
88.629041607977,1008,1000
88.638841838679,1008,1000
88.648841838679,1008,1000
88.658841838679,1008,1000
88.668841838679,1008,1000
88.678841838679,1008,1000
88.68884184076,1008,1000
88.69884184076,1008,1000
88.708841843223,1008,1000
88.718841843223,1008,1000
88.728841843223,1008,1000
88.738841843223,1008,1000
88.748841843223,1008,1000
88.758841843223,1008,1000
88.768841843223,1008,1000
88.779415208649,1008,1000
88.788841845686,1008,1000
88.798841845686,1008,1000
88.808841848515,1008,1000
88.818841848515,1008,1000
88.828841848515,1008,1000
88.838841848515,1008,1000
88.848841848515,1008,1000
88.858841848515,1008,1000
88.869852919882,1008,1000
88.878841848515,1008,1000
88.888841851344,1008,1000
88.898841851344,1008,1000
88.908841854527,1008,1000
88.918841854527,1008,1000
88.928841854527,1008,1000
88.93962223968,1008,1000
88.948841854527,1008,1000
88.959169875359,1008,1000
88.968841854527,1008,1000
88.97963348374,1008,1000
88.98884185771,1008,1000
88.99884185771,1008,1000
89.008841861224,1008,1000
89.018841861224,1008,1000
89.028841861224,1008,1000
89.038841861224,1008,1000
89.048841861224,1008,1000
89.058841861224,1008,1000
89.068841861224,1008,1000
89.078841861224,1008,1000
89.088841864738,1008,1000
89.098841864738,1008,1000
89.108841868567,1008,1000
89.118841868567,1008,1000
89.128841868567,1008,1000
89.138841868567,1008,1000
89.148841868567,1008,1000
89.158841868567,1008,1000
89.169200337413,1008,1000
89.178841868567,1008,1000
89.188841872396,1008,1000
89.198841872396,1008,1000
89.208841876545,1008,1000
89.218841876545,1008,1000
89.228841876545,1008,1000
89.238841876545,1008,1000
89.248841876545,1008,1000
89.258841876545,1008,1000
89.268841876545,1008,1000
89.278841876545,1008,1000
89.288841880694,1008,1000
89.298841880694,1008,1000
89.308841885124,1008,1000
89.318841885124,1008,1000
89.328841885124,1008,1000
89.338841885124,1008,1000
89.348841885124,1008,1000
89.358841885124,1008,1000
89.368841885124,1008,1000
89.378841885124,1008,1000
89.388841889554,1008,1000
89.398841889554,1008,1000
89.408969546784,1008,1000
89.418841894259,1008,1000
89.428841894259,1008,1000
89.438841894259,1008,1000
89.448841894259,1008,1000
89.458841894259,1008,1000
89.469890295559,1008,1000
89.478841894259,1008,1000
89.488841898964,1008,1000
89.498841898964,1008,1000
89.508841903926,1008,1000
89.518841903926,1008,1000
89.528841903926,1008,1000
89.538841903926,1008,1000
89.548841903926,1008,1000
89.559297300435,1008,1000
89.568841903926,1008,1000
89.578841903926,1008,1000
89.588841908888,1008,1000
89.598841908888,1008,1000
89.608841913879,1008,1000
89.618841913879,1008,1000
89.628841913879,1008,1000
89.640049674559,1008,1000
89.64907089377,1008,1000
89.658841913879,1008,1000
89.668841913879,1008,1000
89.678841913879,1008,1000
89.690917400876,1008,1000
89.69884191887,1008,1000
89.708841923844,1008,1000
89.718841923844,1008,1000
89.729411699353,1008,1000
89.738841923844,1008,1000
89.748841923844,1008,1000
89.758841923844,1008,1000
89.768841923844,1008,1000
89.778841923844,1008,1000
89.788841928818,1008,1000
89.798841928818,1008,1000
89.808841934028,1008,1000
89.818841934028,1008,1000
89.828841934028,1008,1000
89.838841934028,1008,1000
89.848841934028,1008,1000
89.858841934028,1008,1000
89.868841934028,1008,1000
89.878841934028,1008,1000
89.888841939238,1008,1000
89.898841939238,1008,1000
89.908841944654,1008,1000
89.918841944654,1008,1000
89.928841944654,1008,1000
89.938841944654,1008,1000
89.948841944654,1008,1000
89.958841944654,1008,1000
89.968841944654,1008,1000
89.978841944654,1008,1000
89.98884195007,1008,1000
89.99884195007,1008,1000
90.008841955706,1008,1000
90.018841955706,1008,1000
90.028841955706,1008,1000
90.038841955706,1008,1000
90.048841955706,1008,1000
90.058841955706,1008,1000
90.069381923664,1008,1000
90.078841955706,1008,1000
90.088841961342,1008,1000
90.098841961342,1008,1000
90.108841967158,1008,1000
90.118841967158,1008,1000
90.128841967158,1008,1000
90.138841967158,1008,1000
90.148841967158,1008,1000
90.158841967158,1008,1000
90.168841967158,1008,1000
90.178841967158,1008,1000
90.188841972974,1008,1000
90.198841972974,1008,1000
90.208841978991,1008,1000
90.218841978991,1008,1000
90.228841978991,1008,1000
90.238841978991,1008,1000
90.248841978991,1008,1000
90.259029791337,1008,1000
90.268841978991,1008,1000
90.278841978991,1008,1000
90.288841985008,1008,1000
90.298841985008,1008,1000
90.3088419912,1008,1000
90.3188419912,1008,1000
90.3288419912,1008,1000
90.3388419912,1008,1000
90.3488419912,1008,1000
90.3588419912,1008,1000
90.3688419912,1008,1000
90.3788419912,1008,1000
90.389253651314,1008,1000
90.398841997392,1008,1000
90.408842003738,1008,1000
90.418842003738,1008,1000
90.428842003738,1008,1000
90.438842003738,1008,1000
90.448842003738,1008,1000
90.458842003738,1008,1000
90.468842003738,1008,1000
90.478842003738,1008,1000
90.488842010084,1008,1000
90.498842010084,1008,1000
90.50884201658,1008,1000
90.51884201658,1008,1000
90.52884201658,1008,1000
90.53884201658,1008,1000
90.54884201658,1008,1000
90.55884201658,1008,1000
90.56884201658,1008,1000
90.57884201658,1008,1000
90.588842023076,1008,1000
90.598842023076,1008,1000
90.608842029695,1008,1000
90.618842029695,1008,1000
90.628842029695,1008,1000
90.638842029695,1008,1000
90.648842029695,1008,1000
90.658842029695,1008,1000
90.668842029695,1008,1000
90.678842029695,1008,1000
90.689442766372,1008,1000
90.698842036314,1008,1000
90.708842043081,1008,1000
90.718842043081,1008,1000
90.728842043081,1008,1000
90.739179248641,1008,1000
90.748842043081,1008,1000
90.758842043081,1008,1000
90.768842043081,1008,1000
90.778846465481,1008,1000
90.788846472248,1008,1000
90.798846472248,1008,1000
90.808846479144,1008,1000
90.818846479144,1008,1000
90.828846479144,1008,1000
90.838846479144,1008,1000
90.848846479144,1008,1000
90.858842056744,1008,1000
90.868842056744,1008,1000
90.878842056744,1008,1000
90.889447269642,1008,1000
90.89884206364,1008,1000
90.908842070631,1008,1000
90.918842070631,1008,1000
90.928842070631,1008,1000
90.938842070631,1008,1000
90.948842070631,1008,1000
90.958842070631,1008,1000
90.968842070631,1008,1000
90.978842070631,1008,1000
90.989981609072,1008,1000
90.998842077622,1008,1000
91.008842084744,1008,1000
91.019586916903,1008,1000
91.028842084744,1008,1000
91.038842084744,1008,1000
91.048842084744,1008,1000
91.058842084744,1008,1000
91.068842084744,1008,1000
91.079289794766,1008,1000
91.088842091866,1008,1000
91.098842091866,1008,1000
91.108842099082,1008,1000
91.118842099082,1008,1000
91.128842099082,1008,1000
91.138842099082,1008,1000
91.148842099082,1008,1000
91.15944542732,1008,1000
91.168842099082,1008,1000
91.178842099082,1008,1000
91.188842106298,1008,1000
91.198842106298,1008,1000
91.208842113616,1008,1000
91.218842113616,1008,1000
91.228842113616,1008,1000
91.238842113616,1008,1000
91.248842113616,1008,1000
91.258842113616,1008,1000
91.268842113616,1008,1000
91.278842113616,1008,1000
91.288842120934,1008,1000
91.298842120934,1008,1000
91.308842128332,1008,1000
91.318842128332,1008,1000
91.328842128332,1008,1000
91.338842128332,1008,1000
91.34921030404,1008,1000
91.358842128332,1008,1000
91.368842128332,1008,1000
91.378842128332,1008,1000
91.38884213573,1008,1000
91.39884213573,1008,1000
91.408842143213,1008,1000
91.418842143213,1008,1000
91.428842143213,1008,1000
91.438842143213,1008,1000
91.448842143213,1008,1000
91.458842143213,1008,1000
91.468842143213,1008,1000
91.478842143213,1008,1000
91.488842150696,1008,1000
91.498842150696,1008,1000
91.508842158238,1008,1000
91.519218136053,1008,1000
91.528842158238,1008,1000
91.539461125663,1008,1000
91.548842158238,1008,1000
91.558842158238,1008,1000
91.568842158238,1008,1000
91.578842158238,1008,1000
91.58884216578,1008,1000
91.59884216578,1008,1000
91.608842173417,1008,1000
91.618842173417,1008,1000
91.628842173417,1008,1000
91.638842173417,1008,1000
91.648842173417,1008,1000
91.658842173417,1008,1000
91.669672942184,1008,1000
91.678842173417,1008,1000
91.688842181054,1008,1000
91.698842181054,1008,1000
91.708842188756,1008,1000
91.718842188756,1008,1000
91.728842188756,1008,1000
91.738842188756,1008,1000
91.748842188756,1008,1000
91.758842188756,1008,1000
91.768842188756,1008,1000
91.779990800308,1008,1000
91.788842196458,1008,1000
91.798842196458,1008,1000
91.808842204219,1008,1000
91.818842204219,1008,1000
91.829053619089,1008,1000
91.838842204219,1008,1000
91.848842204219,1008,1000
91.858842204219,1008,1000
91.869173105477,1008,1000
91.878842204219,1008,1000
91.88884221198,1008,1000
91.89884221198,1008,1000
91.908842219804,1008,1000
91.918842219804,1008,1000
91.929517319909,1008,1000
91.938842219804,1008,1000
91.948842219804,1008,1000
91.958842219804,1008,1000
91.968842219804,1008,1000
91.978842219804,1008,1000
91.988842227628,1008,1000
91.998842227628,1008,1000
92.00884223551,1008,1000
92.01884223551,1008,1000
92.02884223551,1008,1000
92.03884223551,1008,1000
92.04884223551,1008,1000
92.05884223551,1008,1000
92.06884223551,1008,1000
92.07884223551,1008,1000
92.088842243392,1008,1000
92.09988670989,1008,1000
92.109414251339,1008,1000
92.118842251339,1008,1000
92.128842251339,1008,1000
92.138842251339,1008,1000
92.148842251339,1008,1000
92.158842251339,1008,1000
92.168842251339,1008,1000
92.178842251339,1008,1000
92.189258070126,1008,1000
92.198842259286,1008,1000
92.209794316607,1008,1000
92.218842267279,1008,1000
92.228842267279,1008,1000
92.238842267279,1008,1000
92.249562968609,1008,1000
92.258842267279,1008,1000
92.268842267279,1008,1000
92.278842267279,1008,1000
92.288842275272,1008,1000
92.299138692829,1008,1000
92.308842283331,1008,1000
92.318842283331,1008,1000
92.328842283331,1008,1000
92.338842283331,1008,1000
92.348842283331,1008,1000
92.358842283331,1008,1000
92.368842283331,1008,1000
92.378842283331,1008,1000
92.38884229139,1008,1000
92.39884229139,1008,1000
92.408842299487,1008,1000
92.418842299487,1008,1000
92.428842299487,1008,1000
92.439021849805,1008,1000
92.448842299487,1008,1000
92.458842299487,1008,1000
92.468842299487,1008,1000
92.478842299487,1008,1000
92.488842307584,1008,1000
92.498842307584,1008,1000
92.508842315734,1008,1000
92.518842315734,1008,1000
92.528842315734,1008,1000
92.538842315734,1008,1000
92.548842315734,1008,1000
92.558842315734,1008,1000
92.568842315734,1008,1000
92.578842315734,1008,1000
92.588842323884,1008,1000
92.598842323884,1008,1000
92.608842332062,1008,1000
92.618842332062,1008,1000
92.628842332062,1008,1000
92.638842332062,1008,1000
92.648842332062,1008,1000
92.658842332062,1008,1000
92.668842332062,1008,1000
92.678842332062,1008,1000
92.68884234024,1008,1000
92.69884234024,1008,1000
92.708842348441,1008,1000
92.719344704649,1008,1000
92.728842348441,1008,1000
92.738842348441,1008,1000
92.748842348441,1008,1000
92.759317704649,1008,1000
92.768842348441,1008,1000
92.778842348441,1008,1000
92.788842356642,1008,1000
92.798842356642,1008,1000
92.808842364882,1008,1000
92.818842364882,1008,1000
92.828842364882,1008,1000
92.839742364882,1008,1000
92.848842364882,1008,1000
92.858842364882,1008,1000
92.868842364882,1008,1000
92.878842364882,1008,1000
92.889247717334,1008,1000
92.898842373122,1008,1000
92.908842381419,1008,1000
92.919215997339,1008,1000
92.929725847251,1008,1000
92.938842381419,1008,1000
92.948842381419,1008,1000
92.958842381419,1008,1000
92.968842381419,1008,1000
92.979050560421,1008,1000
92.988842389716,1008,1000
92.998842389716,1008,1000
93.008842398027,1008,1000
93.019079346228,1008,1000
93.028842398027,1008,1000
93.038842398027,1008,1000
93.048842398027,1008,1000
93.058842398027,1008,1000
93.068842398027,1008,1000
93.078842398027,1008,1000
93.088842406338,1008,1000
93.098842406338,1008,1000
93.108881846954,1008,1000
93.118842414706,1008,1000
93.129526414706,1008,1000
93.138842414706,1008,1000
93.15085490508,1008,1000
93.158842414706,1008,1000
93.169895414706,1008,1000
93.179765414706,1008,1000
93.188842423074,1008,1000
93.198842423074,1008,1000
93.208842431464,1008,1000
93.218842431464,1008,1000
93.228842431464,1008,1000
93.238842431464,1008,1000
93.248842431464,1008,1000
93.25910494712,1008,1000
93.269107352903,1008,1000
93.278842431464,1008,1000
93.288842439854,1008,1000
93.298842439854,1008,1000
93.30884244826,1008,1000
93.31884244826,1008,1000
93.32884244826,1008,1000
93.339437529256,1008,1000
93.34884244826,1008,1000
93.35884244826,1008,1000
93.36884244826,1008,1000
93.37884244826,1008,1000
93.388842456666,1008,1000
93.399375992815,1008,1000
93.4088424651,1008,1000
93.4188424651,1008,1000
93.4288424651,1008,1000
93.4388424651,1008,1000
93.4488424651,1008,1000
93.4588424651,1008,1000
93.4688424651,1008,1000
93.4788424651,1008,1000
93.488842473534,1008,1000
93.498842473534,1008,1000
93.508842482001,1008,1000
93.518842482001,1008,1000
93.529193412773,1008,1000
93.538842482001,1008,1000
93.548842482001,1008,1000
93.558842482001,1008,1000
93.568842482001,1008,1000
93.578842482001,1008,1000
93.588842490468,1008,1000
93.599713404846,1008,1000
93.608842498942,1008,1000
93.618842498942,1008,1000
93.628842498942,1008,1000
93.638842498942,1008,1000
93.648842498942,1008,1000
93.658842498942,1008,1000
93.668842498942,1008,1000
93.678842498942,1008,1000
93.688842507416,1008,1000
93.698842507416,1008,1000
93.708842515947,1008,1000
93.718842515947,1008,1000
93.728842515947,1008,1000
93.739294433333,1008,1000
93.748842515947,1008,1000
93.758842515947,1008,1000
93.768842515947,1008,1000
93.778842515947,1008,1000
93.788842524478,1008,1000
93.799553524478,1008,1000
93.808842533009,1008,1000
93.818842533009,1008,1000
93.828842533009,1008,1000
93.838842533009,1008,1000
93.848842533009,1008,1000
93.858842533009,1008,1000
93.868842533009,1008,1000
93.878842533009,1008,1000
93.88969354154,1008,1000
93.89884254154,1008,1000
93.908842549056,1008,1000
93.919498307511,1008,1000
93.928842549056,1008,1000
93.938842549056,1008,1000
93.948842549056,1008,1000
93.958842549056,1008,1000
93.969197430337,1008,1000
93.978842549056,1008,1000
93.988842556572,1008,1000
93.998842556572,1008,1000
94.00934237551,1008,1000
94.018842561933,1008,1000
94.028842561933,1008,1000
94.038842561933,1008,1000
94.048842561933,1008,1000
94.058842561933,1008,1000
94.068842561933,1008,1000
94.078842561933,1008,1000
94.089427567294,1008,1000
94.098842567294,1008,1000
94.10884257326,1008,1000
94.11884257326,1008,1000
94.12884257326,1008,1000
94.13884257326,1008,1000
94.14884257326,1008,1000
94.15884257326,1008,1000
94.16884257326,1008,1000
94.17884257326,1008,1000
94.188842579226,1008,1000
94.198842579226,1008,1000
94.208842587725,1008,1000
94.218842587725,1008,1000
94.228842587725,1008,1000
94.238842587725,1008,1000
94.248842587725,1008,1000
94.258842587725,1008,1000
94.268842587725,1008,1000
94.278842587725,1008,1000
94.288842596224,1008,1000
94.298842596224,1008,1000
94.30884260475,1008,1000
94.31884260475,1008,1000
94.32884260475,1008,1000
94.33884260475,1008,1000
94.35062258445,1008,1000
94.35884260475,1008,1000
94.36884260475,1008,1000
94.37884260475,1008,1000
94.388842613276,1008,1000
94.398842613276,1008,1000
94.408842621823,1008,1000
94.418842621823,1008,1000
94.429609078912,1008,1000
94.439850307223,1008,1000
94.448842621823,1008,1000
94.458842621823,1008,1000
94.468842621823,1008,1000
94.478842621823,1008,1000
94.48884263037,1008,1000
94.49884263037,1008,1000
94.508842638942,1008,1000
94.518842638942,1008,1000
94.529051047115,1008,1000
94.539444575041,1008,1000
94.548842638942,1008,1000
94.558842638942,1008,1000
94.568842638942,1008,1000
94.578842638942,1008,1000
94.588842647514,1008,1000
94.598842647514,1008,1000
94.608842656083,1008,1000
94.619028034618,1008,1000
94.628842656083,1008,1000
94.638842656083,1008,1000
94.648842656083,1008,1000
94.658842656083,1008,1000
94.668842656083,1008,1000
94.679418656083,1008,1000
94.688842664652,1008,1000
94.698842664652,1008,1000
94.708842673271,1008,1000
94.718842673271,1008,1000
94.728842673271,1008,1000
94.738842673271,1008,1000
94.748842673271,1008,1000
94.758842673271,1008,1000
94.768842673271,1008,1000
94.778842673271,1008,1000
94.78884268189,1008,1000
94.79884268189,1008,1000
94.808842690499,1008,1000
94.818842690499,1008,1000
94.829940690499,1008,1000
94.838842690499,1008,1000
94.848842690499,1008,1000
94.858842690499,1008,1000
94.868842690499,1008,1000
94.878842690499,1008,1000
94.888842699108,1008,1000
94.898842699108,1008,1000
94.908842707759,1008,1000
94.919105499208,1008,1000
94.928842707759,1008,1000
94.938842707759,1008,1000
94.948842707759,1008,1000
94.958842707759,1008,1000
94.968842707759,1008,1000
94.978862038813,1008,1000
94.98884271641,1008,1000
94.998909824485,1008,1000
95.00884272507,1008,1000
95.01884272507,1008,1000
95.02884272507,1008,1000
95.03884272507,1008,1000
95.04884272507,1008,1000
95.05884272507,1008,1000
95.06884272507,1008,1000
95.07884272507,1008,1000
95.08884273373,1008,1000
95.09931574811,1008,1000
95.109721390972,1008,1000
95.118842742402,1008,1000
95.129553742402,1008,1000
95.14094523308,1008,1000
95.148842742402,1008,1000
95.158842742402,1008,1000
95.168842742402,1008,1000
95.178842742402,1008,1000
95.188842751074,1008,1000
95.198985242996,1008,1000
95.208842759746,1008,1000
95.219891759746,1008,1000
95.228842759746,1008,1000
95.238842759746,1008,1000
95.249436759746,1008,1000
95.259909759746,1008,1000
95.268842759746,1008,1000
95.278842759746,1008,1000
95.28890059839,1008,1000
95.298842768418,1008,1000
95.311083989181,1008,1000
95.318842777111,1008,1000
95.328842777111,1008,1000
95.339733777111,1008,1000
95.349083637807,1008,1000
95.358842777111,1008,1000
95.369242542945,1008,1000
95.378842777111,1008,1000
95.388842785804,1008,1000
95.398842785804,1008,1000
95.408842794522,1008,1000
95.419562794522,1008,1000
95.429033672583,1008,1000
95.439711794522,1008,1000
95.449787794522,1008,1000
95.458842794522,1008,1000
95.468842794522,1008,1000
95.478842794522,1008,1000
95.48884280324,1008,1000
95.49884280324,1008,1000
95.508842811986,1008,1000
95.519465653439,1008,1000
95.528842811986,1008,1000
95.539159707458,1008,1000
95.548842811986,1008,1000
95.558842811986,1008,1000
95.568842811986,1008,1000
95.578842811986,1008,1000
95.588842820732,1008,1000
95.599886820732,1008,1000
95.60884282948,1008,1000
95.61884282948,1008,1000
95.62884282948,1008,1000
95.63884282948,1008,1000
95.64884282948,1008,1000
95.65884282948,1008,1000
95.66884282948,1008,1000
95.67884282948,1008,1000
95.68926775991,1008,1000
95.699229189842,1008,1000
95.709248538897,1008,1000
95.719158275523,1008,1000
95.728842847014,1008,1000
95.739851490602,1008,1000
95.748842847014,1008,1000
95.758842847014,1008,1000
95.769418847014,1008,1000
95.778842847014,1008,1000
95.7888428558,1008,1000
95.7988428558,1008,1000
95.808842864574,1008,1000
95.818842864574,1008,1000
95.829205456126,1008,1000
95.838842864574,1008,1000
95.849513864574,1008,1000
95.858842864574,1008,1000
95.868842864574,1008,1000
95.878842864574,1008,1000
95.888842873348,1008,1000
95.898842873348,1008,1000
95.908842882119,1008,1000
95.918842882119,1008,1000
95.928842882119,1008,1000
95.938842882119,1008,1000
95.949828882119,1008,1000
95.958842882119,1008,1000
95.968842882119,1008,1000
95.978842882119,1008,1000
95.98884289089,1008,1000
95.99884289089,1008,1000
96.008842899678,1008,1000
96.018842899678,1008,1000
96.028842899678,1008,1000
96.041081622846,1008,1000
96.048842899678,1008,1000
96.058842899678,1008,1000
96.068842899678,1008,1000
96.079540899678,1008,1000
96.088842908466,1008,1000
96.098842908466,1008,1000
96.108842917296,1008,1000
96.118842917296,1008,1000
96.12957814967,1008,1000
96.138842917296,1008,1000
96.148842917296,1008,1000
96.158842917296,1008,1000
96.171124408132,1008,1000
96.178842917296,1008,1000
96.18922613369,1008,1000
96.199472926126,1008,1000
96.208842934951,1008,1000
96.218842934951,1008,1000
96.228842934951,1008,1000
96.238842934951,1008,1000
96.248842934951,1008,1000
96.259156934951,1008,1000
96.268842934951,1008,1000
96.280864425782,1008,1000
96.288842943776,1008,1000
96.298842943776,1008,1000
96.308842952608,1008,1000
96.318842952608,1008,1000
96.328842952608,1008,1000
96.339901188093,1008,1000
96.348842952608,1008,1000
96.358842952608,1008,1000
96.368842952608,1008,1000
96.378828984283,1008,1000
96.38884296144,1008,1000
96.39884296144,1008,1000
96.408842970289,1008,1000
96.419508970289,1008,1000
96.429183259332,1008,1000
96.438842970289,1008,1000
96.448842970289,1008,1000
96.461859461144,1008,1000
96.468842970289,1008,1000
96.478842970289,1008,1000
96.489837979138,1008,1000
96.499904979138,1008,1000
96.508842987997,1008,1000
96.518842987997,1008,1000
96.528842987997,1008,1000
96.538842987997,1008,1000
96.548842987997,1008,1000
96.558842987997,1008,1000
96.568842987997,1008,1000
96.578967068085,1008,1000
96.589304076944,1008,1000
96.598842996856,1008,1000
96.609646233351,1008,1000
96.618843005708,1008,1000
96.629937005708,1008,1000
96.638843005708,1008,1000
96.648843005708,1008,1000
96.659491005708,1008,1000
96.668843005708,1008,1000
96.678843005708,1008,1000
96.68884301456,1008,1000
96.69884301456,1008,1000
96.708843023424,1008,1000
96.719611130082,1008,1000
96.728843023424,1008,1000
96.738843023424,1008,1000
96.748843023424,1008,1000
96.758843023424,1008,1000
96.768843023424,1008,1000
96.779282138934,1008,1000
96.790057745314,1008,1000
96.799213110583,1008,1000
96.808843041155,1008,1000
96.819912143141,1008,1000
96.828843041155,1008,1000
96.839851041155,1008,1000
96.848843041155,1008,1000
96.858843041155,1008,1000
96.868843041155,1008,1000
96.879294887419,1008,1000
96.888843050022,1008,1000
96.898843050022,1008,1000
96.909122302989,1008,1000
96.919442058898,1008,1000
96.929025201003,1008,1000
96.938843058898,1008,1000
96.949604058898,1008,1000
96.959388058898,1008,1000
96.969856058898,1008,1000
96.978843058898,1008,1000
96.989478067774,1008,1000
96.998843067774,1008,1000
97.008843076649,1008,1000
97.019802076649,1008,1000
97.029667076649,1008,1000
97.038866840903,1008,1000
97.048843076649,1008,1000
97.061043155777,1008,1000
97.068843076649,1008,1000
97.078843076649,1008,1000
97.089542669835,1008,1000
97.098843085524,1008,1000
97.109183272025,1008,1000
97.118843094426,1008,1000
97.128843094426,1008,1000
97.138843094426,1008,1000
97.149523094426,1008,1000
97.158843094426,1008,1000
97.168843094426,1008,1000
97.178843094426,1008,1000
97.188843103328,1008,1000
97.198843103328,1008,1000
97.208843112222,1008,1000
97.218843112222,1008,1000
97.228843112222,1008,1000
97.238843112222,1008,1000
97.249923112222,1008,1000
97.258843112222,1008,1000
97.271012112222,1008,1000
97.279172520567,1008,1000
97.288843121116,1008,1000
97.299847851082,1008,1000
97.309820130042,1008,1000
97.319631130042,1008,1000
97.329950130042,1008,1000
97.340110343214,1008,1000
97.348843130042,1008,1000
97.358843130042,1008,1000
97.369662130042,1008,1000
97.378843130042,1008,1000
97.389130091,1008,1000
97.400209378901,1008,1000
97.408843147909,1008,1000
97.419241378901,1008,1000
97.431706638856,1008,1000
97.438843147909,1008,1000
97.448843147909,1008,1000
97.458843147909,1008,1000
97.46890137137,1008,1000
97.478843147909,1008,1000
97.489482636701,1008,1000
97.49884315685,1008,1000
97.508843165785,1008,1000
97.518843165785,1008,1000
97.529766165785,1008,1000
97.538843165785,1008,1000
97.548843165785,1008,1000
97.559527165785,1008,1000
97.568843165785,1008,1000
97.579635165785,1008,1000
97.58884317472,1008,1000
97.599669476081,1008,1000
97.608843183635,1008,1000
97.61901245037,1008,1000
97.628843183635,1008,1000
97.638843183635,1008,1000
97.648843183635,1008,1000
97.660486183635,1008,1000
97.668843183635,1008,1000
97.678843183635,1008,1000
97.690810674556,1008,1000
97.701017688584,1008,1000
97.708843199564,1008,1000
97.718843199564,1008,1000
97.728843199564,1008,1000
97.741268688584,1008,1000
97.749624484149,1008,1000
97.759955199564,1008,1000
97.769527199564,1008,1000
97.778843199564,1008,1000
97.789136847688,1008,1000
97.798843206578,1008,1000
97.808843213948,1008,1000
97.818843213948,1008,1000
97.829157213948,1008,1000
97.839630185791,1008,1000
97.850232514462,1008,1000
97.859721213948,1008,1000
97.868843213948,1008,1000
97.878843213948,1008,1000
97.88920467614,1008,1000
97.898843221318,1008,1000
97.909608229692,1008,1000
97.918843229692,1008,1000
97.928843229692,1008,1000
97.939604845104,1008,1000
97.94908454459,1008,1000
97.958843229692,1008,1000
97.968843229692,1008,1000
97.978843229692,1008,1000
97.989712238066,1008,1000
97.998843238066,1008,1000
98.008843246452,1008,1000
98.018843246452,1008,1000
98.028843246452,1008,1000
98.038843246452,1008,1000
98.048843246452,1008,1000
98.058843246452,1008,1000
98.068843246452,1008,1000
98.078843246452,1008,1000
98.088843254838,1008,1000
98.098843254838,1008,1000
98.109559263212,1008,1000
98.118843263212,1008,1000
98.128843263212,1008,1000
98.139410263212,1008,1000
98.148843263212,1008,1000
98.158843263212,1008,1000
98.168843263212,1008,1000
98.179784263212,1008,1000
98.189550271586,1008,1000
98.198843271586,1008,1000
98.20884327999,1008,1000
98.21954127999,1008,1000
98.22884327999,1008,1000
98.23884327999,1008,1000
98.24977027999,1008,1000
98.25884327999,1008,1000
98.270507644152,1008,1000
98.27884327999,1008,1000
98.289572288394,1008,1000
98.299397288394,1008,1000
98.308843296783,1008,1000
98.318860892051,1008,1000
98.328843296783,1008,1000
98.338908677723,1008,1000
98.348843296783,1008,1000
98.359907041885,1008,1000
98.369370901977,1008,1000
98.381529787178,1008,1000
98.388843305172,1008,1000
98.403042313587,1008,1000
98.408843313587,1008,1000
98.418843313587,1008,1000
98.428843313587,1008,1000
98.439608313587,1008,1000
98.449072456422,1008,1000
98.458843313587,1008,1000
98.469160294534,1008,1000
98.478843313587,1008,1000
98.491511804008,1008,1000
98.499748322002,1008,1000
98.508843330411,1008,1000
98.519478330411,1008,1000
98.528843330411,1008,1000
98.539806330411,1008,1000
98.549694330411,1008,1000
98.559829330411,1008,1000
98.568843330411,1008,1000
98.580936820826,1008,1000
98.589021761772,1008,1000
98.59884333882,1008,1000
98.608843347223,1008,1000
98.618843347223,1008,1000
98.629837018744,1008,1000
98.638843347223,1008,1000
98.649093778584,1008,1000
98.662182285805,1008,1000
98.668843347223,1008,1000
98.678843347223,1008,1000
98.691642355626,1008,1000
98.698843355626,1008,1000
98.709775364022,1008,1000
98.719164483716,1008,1000
98.728843364022,1008,1000
98.739987282631,1008,1000
98.749422812195,1008,1000
98.758843364022,1008,1000
98.770846854424,1008,1000
98.778843364022,1008,1000
98.789710366606,1008,1000
98.79904883739,1008,1000
98.809919380854,1008,1000
98.819590380854,1008,1000
98.829368764435,1008,1000
98.838843380854,1008,1000
98.848843380854,1008,1000
98.859712380854,1008,1000
98.870927871296,1008,1000
98.878843380854,1008,1000
98.88884338929,1008,1000
98.899066871094,1008,1000
98.909716397706,1008,1000
98.919874397706,1008,1000
98.928843397706,1008,1000
98.938843397706,1008,1000
98.952623888128,1008,1000
98.958843397706,1008,1000
98.971675656199,1008,1000
98.979034233266,1008,1000
98.988843406122,1008,1000
98.998980904778,1008,1000
99.012813956268,1008,1000
99.018843426926,1008,1000
99.029820426926,1008,1000
99.039157426926,1008,1000
99.048843426926,1008,1000
99.060922184075,1008,1000
99.068843426926,1008,1000
99.080183596766,1008,1000
99.08962244773,1008,1000
99.100863483482,1008,1000
99.11045945695,1008,1000
99.119665984826,1008,1000
99.131115948176,1008,1000
99.13949145695,1008,1000
99.14884345695,1008,1000
99.15884345695,1008,1000
99.169484154666,1008,1000
99.17884345695,1008,1000
99.190074050602,1008,1000
99.19981402407,1008,1000
99.208843475381,1008,1000
99.219157475381,1008,1000
99.228843475381,1008,1000
99.239878475381,1008,1000
99.248843475381,1008,1000
99.261457966598,1008,1000
99.269759448133,1008,1000
99.279221626933,1008,1000
99.289882079295,1008,1000
99.298843484592,1008,1000
99.309929874168,1008,1000
99.318843493793,1008,1000
99.329125070124,1008,1000
99.338843493793,1008,1000
99.352412647291,1008,1000
99.358952042876,1008,1000
99.368843493793,1008,1000
99.379119674038,1008,1000
99.388843502994,1008,1000
99.399257478112,1008,1000
99.409752512232,1008,1000
99.423758003476,1008,1000
99.428843512232,1008,1000
99.443359766864,1008,1000
99.448843512232,1008,1000
99.460393299508,1008,1000
99.472295477596,1008,1000
99.479694512232,1008,1000
99.48884352147,1008,1000
99.499161134652,1008,1000
99.510133676497,1008,1000
99.518843530685,1008,1000
99.530100294073,1008,1000
99.538843530685,1008,1000
99.551777053999,1008,1000
99.560220004805,1008,1000
99.572663653541,1008,1000
99.580423530685,1008,1000
99.591683021906,1008,1000
99.599970317347,1008,1000
99.608843549143,1008,1000
99.625880944166,1008,1000
99.629505549143,1008,1000
99.641892722578,1008,1000
99.649439654898,1008,1000
99.659787180778,1008,1000
99.669553180778,1008,1000
99.680206549143,1008,1000
99.690071976683,1008,1000
99.698843558386,1008,1000
99.708843567627,1008,1000
99.721152359062,1008,1000
99.729556249813,1008,1000
99.739523567627,1008,1000
99.748934849355,1008,1000
99.758843567627,1008,1000
99.770892058874,1008,1000
99.78393564526,1008,1000
99.788843576868,1008,1000
99.816351077326,1008,1000
99.822502255602,1008,1000
99.823225433878,1008,1000
99.836234924194,1008,1000
99.841557077326,1008,1000
99.848843586094,1008,1000
99.861545077326,1008,1000
99.868843586094,1008,1000
99.879658586094,1008,1000
99.889562282364,1008,1000
99.903051604571,1008,1000
99.908843604571,1008,1000
99.923080095828,1008,1000
99.929936604571,1008,1000
99.939437604571,1008,1000
99.948843604571,1008,1000
99.959851604571,1008,1000
99.978444095828,1008,1000
99.987724095828,1008,1000
99.989851613822,1008,1000
99.998843613822,1008,1000
100.008843623051,1008,1000
100.019273328572,1008,1000
100.028843623051,1008,1000
100.038843623051,1008,1000
100.050156328572,1008,1000
100.059167552151,1008,1000
100.069523623051,1008,1000
100.079215337823,1008,1000
100.08884363228,1008,1000
100.100793132768,1008,1000
100.108843641521,1008,1000
100.119397641521,1008,1000
100.128843641521,1008,1000
100.139457071043,1008,1000
100.148843641521,1008,1000
100.164807641521,1008,1000
100.171326221382,1008,1000
100.181539132768,1008,1000
100.188843650762,1008,1000
100.199586650762,1008,1000
100.208843660034,1008,1000
100.222950912296,1008,1000
100.229401660034,1008,1000
100.23970650905,1008,1000
100.248843660034,1008,1000
100.259259748648,1008,1000
100.270805660034,1008,1000
100.278843660034,1008,1000
100.292249151312,1008,1000
100.298843669306,1008,1000
100.311025203826,1008,1000
100.318843678588,1008,1000
100.328843678588,1008,1000
100.341260169876,1008,1000
100.35002789905,1008,1000
100.361356710398,1008,1000
100.371138678588,1008,1000
100.382067949414,1008,1000
100.38884368787,1008,1000
100.39884368787,1008,1000
100.408843697128,1008,1000
100.421264697128,1008,1000
100.434699908078,1008,1000
100.440111476666,1008,1000
100.452034508476,1008,1000
100.459622697128,1008,1000
100.470127476666,1008,1000
100.480847188392,1008,1000
100.490084495206,1008,1000
100.498843706386,1008,1000
100.508843715666,1008,1000
100.521138435352,1008,1000
100.529331293282,1008,1000
100.538843715666,1008,1000
100.549119690628,1008,1000
100.559482293282,1008,1000
100.570193005008,1008,1000
100.580308311822,1008,1000
100.589541724946,1008,1000
100.598843724946,1008,1000
100.608843734209,1008,1000
100.618843734209,1008,1000
100.629752734209,1008,1000
100.640527734209,1008,1000
100.650158734209,1008,1000
100.660653622166,1008,1000
100.671536146981,1008,1000
100.681183734209,1008,1000
100.688843743472,1008,1000
100.700973244026,1008,1000
100.711360752746,1008,1000
100.718981587905,1008,1000
100.730809908776,1008,1000
100.740829244026,1008,1000
100.750943475862,1008,1000
100.762224244026,1008,1000
100.769766752746,1008,1000
100.779577752746,1008,1000
100.78884376202,1008,1000
100.80011376202,1008,1000
100.808843771299,1008,1000
100.820065781025,1008,1000
100.828843771299,1008,1000
100.841476626118,1008,1000
100.853751116275,1008,1000
100.864400624995,1008,1000
100.868843771299,1008,1000
100.881125262584,1008,1000
100.890211643548,1008,1000
100.899752780578,1008,1000
100.910424671848,1008,1000
100.920008662122,1008,1000
100.928843789873,1008,1000
100.946117007098,1008,1000
100.949672281541,1008,1000
100.958843789873,1008,1000
100.969157789873,1008,1000
100.983224281174,1008,1000
100.990874281174,1008,1000
100.999554571966,1008,1000
101.034039299792,1008,1000
101.035258700534,1008,1000
101.040865299792,1008,1000
101.049509808477,1008,1000
101.059550808477,1008,1000
101.069500808477,1008,1000
101.078843808477,1008,1000
101.088843817786,1008,1000
101.099272490285,1008,1000
101.116305227864,1008,1000
101.119523827122,1008,1000
101.129946827122,1008,1000
101.138843827122,1008,1000
101.153726827122,1008,1000
101.164610556705,1008,1000
101.170333827122,1008,1000
101.183044318464,1008,1000
101.189824836458,1008,1000
101.198843836458,1008,1000
101.2098928458,1008,1000
101.220035773872,1008,1000
101.2288438458,1008,1000
101.2411328458,1008,1000
101.250914337148,1008,1000
101.264900773872,1008,1000
101.2688438458,1008,1000
101.281015783208,1008,1000
101.290216855142,1008,1000
101.299229801892,1008,1000
101.3103857393,1008,1000
101.338396811228,1008,1000
101.339075267998,1008,1000
101.339879724768,1008,1000
101.350389181535,1008,1000
101.367826309247,1008,1000
101.368848286878,1008,1000
101.38091035582,1008,1000
101.389905296213,1008,1000
101.399646136464,1008,1000
101.409807305581,1008,1000
101.418848305581,1008,1000
101.445265325562,1008,1000
101.446965801066,1008,1000
101.459065752074,1008,1000
101.462654374554,1008,1000
101.468843883181,1008,1000
101.480111280344,1008,1000
101.497160939109,1008,1000
101.499162299079,1008,1000
101.511179393298,1008,1000
101.533194393298,1008,1000
101.535601887546,1008,1000
101.541800803936,1008,1000
101.562853393298,1008,1000
101.579634393298,1008,1000
101.580186887546,1008,1000
101.590723911292,1008,1000
101.604997412044,1008,1000
101.611432412044,1008,1000
101.623562414913,1008,1000
101.632457433659,1008,1000
101.639147082556,1008,1000
101.649157920665,1008,1000
101.665200920665,1008,1000
101.685355427155,1008,1000
101.688581921403,1008,1000
101.692423412044,1008,1000
101.701606452406,1008,1000
101.709721939412,1008,1000
101.724079430792,1008,1000
101.744281961027,1008,1000
101.745077492769,1008,1000
101.748843939412,1008,1000
101.760587763454,1008,1000
101.784499430792,1008,1000
101.785186962534,1008,1000
101.788843948786,1008,1000
101.803876449488,1008,1000
101.808843958134,1008,1000
101.819766958134,1008,1000
101.839938484652,1008,1000
101.855874822538,1008,1000
101.861683958134,1008,1000
101.872169999926,1008,1000
101.880874449488,1008,1000
101.896985449488,1008,1000
101.901549468218,1008,1000
101.912177468218,1008,1000
101.919645012011,1008,1000
101.93002789905,1008,1000
101.939446976847,1008,1000
101.977250037386,1008,1000
101.977919606554,1008,1000
101.980404175722,1008,1000
101.989608986212,1008,1000
102.000155986212,1008,1000
102.011210995595,1008,1000
102.019157658994,1008,1000
102.036967486984,1008,1000
102.055157703099,1008,1000
102.058263272267,1008,1000
102.061592564763,1008,1000
102.073746272267,1008,1000
102.079892995595,1008,1000
102.092206680074,1008,1000
102.101557505762,1008,1000
102.108844014367,1008,1000
102.119158014367,1008,1000
102.131885635715,1008,1000
102.141009505762,1008,1000
102.148844014367,1008,1000
102.160626919989,1008,1000
102.174456112474,1008,1000
102.179654207457,1008,1000
102.189158023756,1008,1000
102.216974524548,1008,1000
102.219905150046,1008,1000
102.253733524548,1008,1000
102.254286150046,1008,1000
102.259603775544,1008,1000
102.261749639861,1008,1000
102.277236141853,1008,1000
102.279474033149,1008,1000
102.292791802139,1008,1000
102.300228051911,1008,1000
102.310097302907,1008,1000
102.319158051911,1008,1000
102.329158051911,1008,1000
102.362481436958,1008,1000
102.367557081194,1008,1000
102.36810972543,1008,1000
102.368844051911,1008,1000
102.383001696147,1008,1000
102.393181225683,1008,1000
102.400589960332,1008,1000
102.414140733593,1008,1000
102.424042562004,1008,1000
102.435360070639,1008,1000
102.442519562004,1008,1000
102.475353562004,1008,1000
102.481427887912,1008,1000
102.48348321382,1008,1000
102.49047214128,1008,1000
102.501051260967,1008,1000
102.509158089378,1008,1000
102.521422580764,1008,1000
102.531054580764,1008,1000
102.548241817593,1008,1000
102.552636143501,1008,1000
102.583096580764,1008,1000
102.586098262478,1008,1000
102.593676625906,1008,1000
102.597062460675,1008,1000
102.60432510814,1008,1000
102.60980210814,1008,1000
102.623446490332,1008,1000
102.62884410814,1008,1000
102.669188700958,1008,1000
102.679946802392,1008,1000
102.696708599527,1008,1000
102.697432300005,1008,1000
102.700061000483,1008,1000
102.701342719709,1008,1000
102.702863438935,1008,1000
102.7099800177,1008,1000
102.719695126896,1008,1000
102.729881475054,1008,1000
102.750087827374,1008,1000
102.788954056723,1008,1000
102.814047637008,1008,1000
102.817398374966,1008,1000
102.817933112924,1008,1000
102.818557850882,1008,1000
102.824745326798,1008,1000
102.838825374966,1008,1000
102.885578637008,1008,1000
102.888144374966,1008,1000
102.895414374966,1008,1000
102.896021112924,1008,1000
102.927158412462,1008,1000
102.929562169168,1008,1000
102.93443468258,1008,1000
102.95801546611,1008,1000
102.971224006346,1008,1000
102.973692276464,1008,1000
102.97556503317,1008,1000
102.976977789876,1008,1000
102.980579902334,1008,1000
102.993609891662,1008,1000
103.023735985507,1008,1000
103.057250525743,1008,1000
103.057794301267,1008,1000
103.061269674574,1008,1000
103.066365450098,1008,1000
103.078587450098,1008,1000
103.080914225622,1008,1000
103.081494001146,1008,1000
103.089942192568,1008,1000
103.104957693426,1008,1000
103.113604288451,1008,1000
103.120280201994,1008,1000
103.145337053163,1008,1000
103.15260599637,1008,1000
103.162727790746,1008,1000
103.17508430409,1008,1000
103.197364693426,1008,1000
103.197989487802,1008,1000
103.202977291694,1008,1000
103.215318731918,1008,1000
103.221610220936,1008,1000
103.232164034344,1008,1000
103.24107352388,1008,1000
103.255904939535,1008,1000
103.258844220936,1008,1000
103.304354278367,1008,1000
103.323565394201,1008,1000
103.334035864767,1008,1000
103.375872731428,1008,1000
103.376587563806,1008,1000
103.379544396184,1008,1000
103.387232725696,1008,1000
103.390135558074,1008,1000
103.39297322283,1008,1000
103.398704628739,1008,1000
103.401466470615,1008,1000
103.445905115888,1008,1000
103.446511967262,1008,1000
103.470340372758,1008,1000
103.476447075506,1008,1000
103.488495601798,1008,1000
103.499596750424,1008,1000
103.505414510232,1008,1000
103.506219380626,1008,1000
103.528314732596,1008,1000
103.532621473384,1008,1000
103.533935343778,1008,1000
103.553761048888,1008,1000
103.556405388358,1008,1000
103.565319639838,1008,1000
103.574946639838,1008,1000
103.596462018716,1008,1000
103.59788888911,1008,1000
103.62648867785,1008,1000
103.62730256725,1008,1000
103.63328334605,1008,1000
103.65828590365,1008,1000
103.68304446125,1008,1000
103.68375935065,1008,1000
103.699552042441,1008,1000
103.73157680743,1008,1000
103.73326871581,1008,1000
103.75195371581,1008,1000
103.76852780743,1008,1000
103.818068192547,1008,1000
103.822040974561,1008,1000
103.824317901899,1008,1000
103.824996829237,1008,1000
103.827926756575,1008,1000
103.846879753726,1008,1000
103.848085681064,1008,1000
103.881030111767,1008,1000
103.887968039105,1008,1000
103.889290966443,1008,1000
103.906051805571,1008,1000
103.908881574736,1008,1000
103.926195066102,1008,1000
103.927860012478,1008,1000
103.936259958854,1008,1000
103.941072353901,1008,1000
103.993885430813,1008,1000
103.996482377189,1008,1000
104.017331125178,1008,1000
104.028996864404,1008,1000
104.037413704844,1008,1000
104.053708864404,1008,1000
104.054504829758,1008,1000
104.064526760466,1008,1000
104.092816816402,1008,1000
104.120040867734,1008,1000
104.124860836418,1008,1000
104.144008883392,1008,1000
104.146244852076,1008,1000
104.167165805102,1008,1000
104.170627789444,1008,1000
104.182625758128,1008,1000
104.215705727278,1008,1000
104.24417374055,1008,1000
104.246009743868,1008,1000
104.248300747186,1008,1000
104.250911750504,1008,1000
104.26566628561,1008,1000
104.307956258078,1008,1000
104.332431258078,1008,1000
104.349043281304,1008,1000
104.397291142412,1008,1000
104.397924518444,1008,1000
104.401305256128,1008,1000
104.402447613206,1008,1000
104.403062970284,1008,1000
104.40808468444,1008,1000
104.409857041518,1008,1000
104.412046755674,1008,1000
104.413675112752,1008,1000
104.41448846983,1008,1000
104.416134826908,1008,1000
104.416903183986,1008,1000
104.417464541064,1008,1000
104.418624898142,1008,1000
104.41932125522,1008,1000
104.423392613206,1008,1000
104.432508148435,1008,1000
104.438930148435,1008,1000
104.448930148435,1008,1000
104.458930148435,1008,1000
104.472995210192,1008,1000
104.480521638504,1008,1000
104.491444419419,1008,1000
104.498930138958,1008,1000
104.50893012948,1008,1000
104.51980312948,1008,1000
104.533138237172,1008,1000
104.53963712948,1008,1000
104.550898868934,1008,1000
104.559581292771,1008,1000
104.568930120002,1008,1000
104.581233237172,1008,1000
104.589699350432,1008,1000
104.600028120002,1008,1000
104.612382110518,1008,1000
104.618930110518,1008,1000
104.629825240094,1008,1000
104.638930110518,1008,1000
104.649250536314,1008,1000
104.659785110518,1008,1000
104.669298321986,1008,1000
104.679853101034,1008,1000
104.688930101034,1008,1000
104.699140442078,1008,1000
104.709939067928,1008,1000
104.718930091535,1008,1000
104.729816303003,1008,1000
104.739655091535,1008,1000
104.751891199206,1008,1000
104.760537091535,1008,1000
104.768930082036,1008,1000
104.780163250914,1008,1000
104.789244082036,1008,1000
104.799463485989,1008,1000
104.80952007254,1008,1000
104.821233180214,1008,1000
104.832346180214,1008,1000
104.840910180214,1008,1000
104.868832659479,1008,1000
104.872773221807,1008,1000
104.873397502971,1008,1000
104.878930063044,1008,1000
104.892219906536,1008,1000
104.900195063044,1008,1000
104.910847161262,1008,1000
104.921117053568,1008,1000
104.931828161262,1008,1000
104.946297161262,1008,1000
104.950037053568,1008,1000
104.95914635396,1008,1000
104.969546208086,1008,1000
104.978930044092,1008,1000
104.990006044092,1008,1000
105.000973646105,1008,1000
105.009244034607,1008,1000
105.019496189125,1008,1000
105.028930034607,1008,1000
105.038930034607,1008,1000
105.053129034607,1008,1000
105.059294179649,1008,1000
105.070856142292,1008,1000
105.078948008709,1008,1000
105.092025142292,1008,1000
105.098930025122,1008,1000
105.111386123318,1008,1000
105.124410239903,1008,1000
105.128930015635,1008,1000
105.139516580606,1008,1000
105.150820123318,1008,1000
105.161597331105,1008,1000
105.168930006148,1008,1000
105.179798006148,1008,1000
105.193061122733,1008,1000
105.204879996669,1008,1000
105.209825996669,1008,1000
105.218929996669,1008,1000
105.230531204456,1008,1000
105.238929996669,1008,1000
105.252984103767,1008,1000
105.258929996669,1008,1000
105.26892998719,1008,1000
105.280190084809,1008,1000
105.29756098719,1008,1000
105.30201046955,1008,1000
105.308929977738,1008,1000
105.321116085456,1008,1000
105.334138271862,1008,1000
105.339595977738,1008,1000
105.350401163497,1008,1000
105.358929977738,1008,1000
105.36976035238,1008,1000
105.379694968286,1008,1000
105.389243968286,1008,1000
105.403273066532,1008,1000
105.408929958824,1008,1000
105.422065223271,1008,1000
105.428929958824,1008,1000
105.439602412154,1008,1000
105.449838253881,1008,1000
105.458929958824,1008,1000
105.472457234014,1008,1000
105.478929949362,1008,1000
105.488929949362,1008,1000
105.499550949362,1008,1000
105.51189104761,1008,1000
105.520161294732,1008,1000
105.528929939901,1008,1000
105.539699939901,1008,1000
105.55113404761,1008,1000
105.559674157695,1008,1000
105.56892993044,1008,1000
105.57970393044,1008,1000
105.590282326122,1008,1000
105.59892993044,1008,1000
105.609636920959,1008,1000
105.619243920959,1008,1000
105.628929920959,1008,1000
105.640248920959,1008,1000
105.651908028648,1008,1000
105.659750348031,1008,1000
105.668929911478,1008,1000
105.678929911478,1008,1000
105.688929911478,1008,1000
105.699523911478,1008,1000
105.709554923935,1008,1000
105.719243902026,1008,1000
105.729799351007,1008,1000
105.741957442125,1008,1000
105.749897902026,1008,1000
105.758929902026,1008,1000
105.77253786538,1008,1000
105.779663892574,1008,1000
105.790005892574,1008,1000
105.802177508715,1008,1000
105.812400536856,1008,1000
105.82404517421,1008,1000
105.829627883087,1008,1000
105.838929883087,1008,1000
105.848929883087,1008,1000
105.859365876611,1008,1000
105.870188391545,1008,1000
105.8789298736,1008,1000
105.89091705704,1008,1000
105.8989298736,1008,1000
105.911979971872,1008,1000
105.918929864151,1008,1000
105.928929864151,1008,1000
105.941017971872,1008,1000
105.949676864151,1008,1000
105.958929864151,1008,1000
105.970261829252,1008,1000
105.984544927524,1008,1000
105.989978854702,1008,1000
105.998929854702,1008,1000
106.008929845254,1008,1000
106.018929845254,1008,1000
106.029987845254,1008,1000
106.039603775456,1008,1000
106.051142952976,1008,1000
106.061674952976,1008,1000
106.069600835806,1008,1000
106.080045835806,1008,1000
106.089255835936,1008,1000
106.103252826487,1008,1000
106.108929826357,1008,1000
106.119243826357,1008,1000
106.131223880283,1008,1000
106.139604826357,1008,1000
106.151871763113,1008,1000
106.160410826357,1008,1000
106.169220277196,1008,1000
106.178929816908,1008,1000
106.188964804444,1008,1000
106.198929816908,1008,1000
106.208929807428,1008,1000
106.218929807428,1008,1000
106.229860734735,1008,1000
106.239622807428,1008,1000
106.248929807428,1008,1000
106.258929807428,1008,1000
106.268929797948,1008,1000
106.279739797948,1008,1000
106.288929797948,1008,1000
106.299738633633,1008,1000
106.309964788488,1008,1000
106.318929788488,1008,1000
106.328929788488,1008,1000
106.338929788488,1008,1000
106.349198687386,1008,1000
106.358929788488,1008,1000
106.369652513611,1008,1000
106.379234668466,1008,1000
106.390918896198,1008,1000
106.398929779028,1008,1000
106.408929769578,1008,1000
106.419973769578,1008,1000
106.428929769578,1008,1000
106.438929769578,1008,1000
106.450036769578,1008,1000
106.458929769578,1008,1000
106.468929760128,1008,1000
106.478929760128,1008,1000
106.491017877298,1008,1000
106.498929760128,1008,1000
106.508929750684,1008,1000
106.519387621212,1008,1000
106.53112485841,1008,1000
106.540009750684,1008,1000
106.548929750684,1008,1000
106.558929750684,1008,1000
106.57002789905,1008,1000
106.58171085841,1008,1000
106.58892974124,1008,1000
106.59996874124,1008,1000
106.609333583404,1008,1000
106.61892973177,1008,1000
106.62892973177,1008,1000
106.63923457396,1008,1000
106.65124183947,1008,1000
106.65892973177,1008,1000
106.66946356449,1008,1000
106.6789297223,1008,1000
106.6889297223,1008,1000
106.6989297223,1008,1000
106.708929712829,1008,1000
106.719243712829,1008,1000
106.729645712829,1008,1000
106.738929712829,1008,1000
106.748929712829,1008,1000
106.758929712829,1008,1000
106.770419703358,1008,1000
106.778929703358,1008,1000
106.788929703358,1008,1000
106.798929703358,1008,1000
106.809757693888,1008,1000
106.818929693888,1008,1000
106.829551185724,1008,1000
106.839698498196,1008,1000
106.848929693888,1008,1000
106.858934693584,1008,1000
106.868929684418,1008,1000
106.878982479256,1008,1000
106.889511381794,1008,1000
106.899546684418,1008,1000
106.908929674958,1008,1000
106.920388674958,1008,1000
106.928929674958,1008,1000
106.940227316489,1008,1000
106.948929674958,1008,1000
106.959897674958,1008,1000
106.970945782668,1008,1000
106.978929665498,1008,1000
106.992834325024,1008,1000
106.998929665498,1008,1000
107.010990763754,1008,1000
107.018929656041,1008,1000
107.030153431949,1008,1000
107.038984755929,1008,1000
107.049401422489,1008,1000
107.058929656041,1008,1000
107.068929646584,1008,1000
107.078929646584,1008,1000
107.088929646584,1008,1000
107.100591466563,1008,1000
107.109487637146,1008,1000
107.118929637146,1008,1000
107.129564637146,1008,1000
107.138929637146,1008,1000
107.149690637146,1008,1000
107.158929637146,1008,1000
107.171922195221,1008,1000
107.178929627708,1008,1000
107.188929627708,1008,1000
107.198929627708,1008,1000
107.208929618274,1008,1000
107.220000618274,1008,1000
107.228929618274,1008,1000
107.238929618274,1008,1000
107.248929618274,1008,1000
107.258929618274,1008,1000
107.26961360884,1008,1000
107.27892960884,1008,1000
107.289216328064,1008,1000
107.29892960884,1008,1000
107.308929599411,1008,1000
107.319807599411,1008,1000
107.329820599411,1008,1000
107.339633136161,1008,1000
107.348929599411,1008,1000
107.358929599411,1008,1000
107.368929589982,1008,1000
107.379826098445,1008,1000
107.390837707152,1008,1000
107.399090290343,1008,1000
107.409820580528,1008,1000
107.418929580528,1008,1000
107.431242580528,1008,1000
107.439838580528,1008,1000
107.449914779923,1008,1000
107.458929580528,1008,1000
107.468929571074,1008,1000
107.479234252552,1008,1000
107.488929571074,1008,1000
107.498929571074,1008,1000
107.509254539498,1008,1000
107.519283442483,1008,1000
107.53230956161,1008,1000
107.53892956161,1008,1000
107.54964056161,1008,1000
107.55892956161,1008,1000
107.568929552146,1008,1000
107.578929552146,1008,1000
107.588929552146,1008,1000
107.598929552146,1008,1000
107.608929542699,1008,1000
107.618929542699,1008,1000
107.628929542699,1008,1000
107.638929542699,1008,1000
107.648929542699,1008,1000
107.658929542699,1008,1000
107.668929533252,1008,1000
107.678929533252,1008,1000
107.689861533252,1008,1000
107.698929533252,1008,1000
107.711035631548,1008,1000
107.718929523815,1008,1000
107.728929523815,1008,1000
107.738929523815,1008,1000
107.749672523815,1008,1000
107.760936631548,1008,1000
107.768929514378,1008,1000
107.778929514378,1008,1000
107.788929514378,1008,1000
107.798929514378,1008,1000
107.808929504928,1008,1000
107.818929504928,1008,1000
107.828929504928,1008,1000
107.839730504928,1008,1000
107.849865504928,1008,1000
107.858929504928,1008,1000
107.868929495478,1008,1000
107.878929495478,1008,1000
107.891035612648,1008,1000
107.898929495478,1008,1000
107.9091800919,1008,1000
107.9197700919,1008,1000
107.928929486022,1008,1000
107.938929486022,1008,1000
107.948929486022,1008,1000
107.958929486022,1008,1000
107.968929476566,1008,1000
107.980091476566,1008,1000
107.989183669416,1008,1000
107.998929476566,1008,1000
108.008929467139,1008,1000
108.018929467139,1008,1000
108.028929467139,1008,1000
108.038929467139,1008,1000
108.049906044655,1008,1000
108.058929467139,1008,1000
108.068929457712,1008,1000
108.078929457712,1008,1000
108.090293457712,1008,1000
108.098929457712,1008,1000
108.108929448262,1008,1000
108.119229593867,1008,1000
108.128929448262,1008,1000
108.140442448262,1008,1000
108.148929448262,1008,1000
108.159563006924,1008,1000
108.168929438812,1008,1000
108.178929438812,1008,1000
108.188929438812,1008,1000
108.198929438812,1008,1000
108.20977497866,1008,1000
108.219534756161,1008,1000
108.228929429448,1008,1000
108.239748429448,1008,1000
108.249820429448,1008,1000
108.258942714022,1008,1000
108.268929420084,1008,1000
108.278990499694,1008,1000
108.288929420084,1008,1000
108.298929420084,1008,1000
108.309089941183,1008,1000
108.319179941183,1008,1000
108.328929410785,1008,1000
108.338929410785,1008,1000
108.348929410785,1008,1000
108.358929410785,1008,1000
108.368929401486,1008,1000
108.378929401486,1008,1000
108.388929401486,1008,1000
108.398929401486,1008,1000
108.409996392173,1008,1000
108.420009392173,1008,1000
108.428929392173,1008,1000
108.44099950003,1008,1000
108.448929392173,1008,1000
108.459996392173,1008,1000
108.46892938286,1008,1000
108.479256875983,1008,1000
108.49104450003,1008,1000
108.500177753196,1008,1000
108.508929373553,1008,1000
108.518929373553,1008,1000
108.529292866676,1008,1000
108.538929373553,1008,1000
108.548929373553,1008,1000
108.558929373553,1008,1000
108.569663218392,1008,1000
108.578929364246,1008,1000
108.589519364246,1008,1000
108.598929364246,1008,1000
108.608929354965,1008,1000
108.619897944242,1008,1000
108.628929354965,1008,1000
108.638929354965,1008,1000
108.648929354965,1008,1000
108.658929354965,1008,1000
108.668929345684,1008,1000
108.678929345684,1008,1000
108.689329390876,1008,1000
108.699640345684,1008,1000
108.708929340234,1008,1000
108.718929340234,1008,1000
108.728929340234,1008,1000
108.738929340234,1008,1000
108.748929340234,1008,1000
108.758929340234,1008,1000
108.768929334784,1008,1000
108.778929334784,1008,1000
108.788929334784,1008,1000
108.799425758419,1008,1000
108.809780288701,1008,1000
108.818929334638,1008,1000
108.828929334638,1008,1000
108.838929334638,1008,1000
108.848929334638,1008,1000
108.859994595111,1008,1000
108.869658334492,1008,1000
108.880066724143,1008,1000
108.888929334492,1008,1000
108.898929334492,1008,1000
108.909921264133,1008,1000
108.918929334346,1008,1000
108.929489030407,1008,1000
108.938929334346,1008,1000
108.949971159439,1008,1000
108.958929334346,1008,1000
108.9689293342,1008,1000
108.979316699283,1008,1000
108.9889293342,1008,1000
108.9989293342,1008,1000
109.008929334055,1008,1000
109.019429594444,1008,1000
109.028929334055,1008,1000
109.038929334055,1008,1000
109.05148445108,1008,1000
109.058929334055,1008,1000
109.06892933391,1008,1000
109.07892933391,1008,1000
109.08892933391,1008,1000
109.099701187367,1008,1000
109.108929326065,1008,1000
109.119243326065,1008,1000
109.128929326065,1008,1000
109.138929326065,1008,1000
109.148929326065,1008,1000
109.158929326065,1008,1000
109.16892931822,1008,1000
109.17892931822,1008,1000
109.18968131822,1008,1000
109.19955531822,1008,1000
109.209951309451,1008,1000
109.218929309451,1008,1000
109.228929309451,1008,1000
109.238929309451,1008,1000
109.248929309451,1008,1000
109.258929309451,1008,1000
109.268929300682,1008,1000
109.279391711083,1008,1000
109.288929300682,1008,1000
109.298929300682,1008,1000
109.308929291911,1008,1000
109.318929291911,1008,1000
109.328929291911,1008,1000
109.338929291911,1008,1000
109.348929291911,1008,1000
109.358929291911,1008,1000
109.36892928314,1008,1000
109.37892928314,1008,1000
109.38892928314,1008,1000
109.39892928314,1008,1000
109.409807274391,1008,1000
109.418929274391,1008,1000
109.430091820038,1008,1000
109.438929274391,1008,1000
109.448929274391,1008,1000
109.459337658481,1008,1000
109.468929265642,1008,1000
109.479148640983,1008,1000
109.488929265642,1008,1000
109.500482177893,1008,1000
109.508929256905,1008,1000
109.518929256905,1008,1000
109.528929256905,1008,1000
109.538929256905,1008,1000
109.548929256905,1008,1000
109.559478256905,1008,1000
109.569850527011,1008,1000
109.578929248168,1008,1000
109.588929248168,1008,1000
109.598929248168,1008,1000
109.609275438009,1008,1000
109.618929239468,1008,1000
109.628929239468,1008,1000
109.639182867429,1008,1000
109.648929239468,1008,1000
109.658929239468,1008,1000
109.668929230768,1008,1000
109.679529285606,1008,1000
109.688929230768,1008,1000
109.698929230768,1008,1000
109.708929222068,1008,1000
109.718929222068,1008,1000
109.728929222068,1008,1000
109.738929222068,1008,1000
109.748929222068,1008,1000
109.758929222068,1008,1000
109.768929213368,1008,1000
109.778929213368,1008,1000
109.788929213368,1008,1000
109.799807213368,1008,1000
109.808929204674,1008,1000
109.818929204674,1008,1000
109.828929204674,1008,1000
109.838929204674,1008,1000
109.848929204674,1008,1000
109.858929204674,1008,1000
109.869900510298,1008,1000
109.87892919598,1008,1000
109.889455066985,1008,1000
109.89892919598,1008,1000
109.908929187304,1008,1000
109.918929187304,1008,1000
109.929825187304,1008,1000
109.939304798552,1008,1000
109.949978187304,1008,1000
109.958929187304,1008,1000
109.968929178628,1008,1000
109.978929178628,1008,1000
109.988929178628,1008,1000
109.999175466882,1008,1000
110.008929169947,1008,1000
110.019382458201,1008,1000
110.028929169947,1008,1000
110.038929169947,1008,1000
110.048929169947,1008,1000
110.058929169947,1008,1000
110.068929161266,1008,1000
110.078929161266,1008,1000
110.088929161266,1008,1000
110.098929161266,1008,1000
110.109919152619,1008,1000
110.119599802902,1008,1000
110.128929152619,1008,1000
110.138929152619,1008,1000
110.148929152619,1008,1000
110.158929152619,1008,1000
110.168929143972,1008,1000
110.179368397541,1008,1000
110.189238630163,1008,1000
110.198929143972,1008,1000
110.208929135332,1008,1000
110.218929135332,1008,1000
110.228929135332,1008,1000
110.238929135332,1008,1000
110.248929135332,1008,1000
110.258929135332,1008,1000
110.269748126692,1008,1000
110.278929126692,1008,1000
110.288929126692,1008,1000
110.299991126692,1008,1000
110.308929118092,1008,1000
110.319891613219,1008,1000
110.328929118092,1008,1000
110.339089345734,1008,1000
110.348929118092,1008,1000
110.359079352469,1008,1000
110.370151337134,1008,1000
110.378929109492,1008,1000
110.389331823661,1008,1000
110.398929109492,1008,1000
110.409991100898,1008,1000
110.418929100898,1008,1000
110.428929100898,1008,1000
110.439564538982,1008,1000
110.448929100898,1008,1000
110.458929100898,1008,1000
110.468929092304,1008,1000
110.479413294152,1008,1000
110.489396792108,1008,1000
110.498929092304,1008,1000
110.508929083734,1008,1000
110.518929083734,1008,1000
110.528929083734,1008,1000
110.538929083734,1008,1000
110.548929083734,1008,1000
110.558929083734,1008,1000
110.568929075164,1008,1000
110.578929075164,1008,1000
110.589802075164,1008,1000
110.598929075164,1008,1000
110.608929066615,1008,1000
110.618929066615,1008,1000
110.628929066615,1008,1000
110.638929066615,1008,1000
110.648929066615,1008,1000
110.659053242729,1008,1000
110.668929058066,1008,1000
110.678929058066,1008,1000
110.688929058066,1008,1000
110.698929058066,1008,1000
110.7089290495,1008,1000
110.7189290495,1008,1000
110.7289290495,1008,1000
110.739635484702,1008,1000
110.7489290495,1008,1000
110.7589290495,1008,1000
110.768929040934,1008,1000
110.778929040934,1008,1000
110.788929040934,1008,1000
110.798929040934,1008,1000
110.808929032421,1008,1000
110.818929032421,1008,1000
110.828929032421,1008,1000
110.838929032421,1008,1000
110.848929032421,1008,1000
110.858929032421,1008,1000
110.868929023908,1008,1000
110.878929023908,1008,1000
110.888929023908,1008,1000
110.898929023908,1008,1000
110.908929015405,1008,1000
110.918929015405,1008,1000
110.928929015405,1008,1000
110.938929015405,1008,1000
110.948929015405,1008,1000
110.958929015405,1008,1000
110.968929006902,1008,1000
110.978929006902,1008,1000
110.988929006902,1008,1000
110.999064348279,1008,1000
111.008928998416,1008,1000
111.018928998416,1008,1000
111.028928998416,1008,1000
111.038928998416,1008,1000
111.048928998416,1008,1000
111.058928998416,1008,1000
111.069288132337,1008,1000
111.07892898993,1008,1000
111.08892898993,1008,1000
111.09892898993,1008,1000
111.108928981479,1008,1000
111.118928981479,1008,1000
111.128928981479,1008,1000
111.138928981479,1008,1000
111.149791366688,1008,1000
111.158928981479,1008,1000
111.168928973028,1008,1000
111.178928973028,1008,1000
111.188928973028,1008,1000
111.198928973028,1008,1000
111.208928964566,1008,1000
111.219087432204,1008,1000
111.228928964566,1008,1000
111.238928964566,1008,1000
111.248928964566,1008,1000
111.258928964566,1008,1000
111.268928956104,1008,1000
111.278928956104,1008,1000
111.288928956104,1008,1000
111.298928956104,1008,1000
111.308928947691,1008,1000
111.318928947691,1008,1000
111.328928947691,1008,1000
111.338928947691,1008,1000
111.348928947691,1008,1000
111.358928947691,1008,1000
111.368928939278,1008,1000
111.379195684019,1008,1000
111.388928939278,1008,1000
111.398928939278,1008,1000
111.408928930879,1008,1000
111.418928930879,1008,1000
111.428928930879,1008,1000
111.438928930879,1008,1000
111.448928930879,1008,1000
111.458928930879,1008,1000
111.46892892248,1008,1000
111.47949192248,1008,1000
111.48892892248,1008,1000
111.500220086543,1008,1000
111.508928914114,1008,1000
111.518928914114,1008,1000
111.528928914114,1008,1000
111.538928914114,1008,1000
111.548928914114,1008,1000
111.558928914114,1008,1000
111.569552093241,1008,1000
111.579105478201,1008,1000
111.589851538238,1008,1000
111.598928905748,1008,1000
111.608928897419,1008,1000
111.619258701128,1008,1000
111.628928897419,1008,1000
111.638928897419,1008,1000
111.648928897419,1008,1000
111.659282536607,1008,1000
111.66892888909,1008,1000
111.67892888909,1008,1000
111.68892888909,1008,1000
111.69892888909,1008,1000
111.708928880758,1008,1000
111.718928880758,1008,1000
111.728928880758,1008,1000
111.738928880758,1008,1000
111.748928880758,1008,1000
111.758928880758,1008,1000
111.768928872426,1008,1000
111.778928872426,1008,1000
111.788928872426,1008,1000
111.798928872426,1008,1000
111.808928864155,1008,1000
111.818928864155,1008,1000
111.828928864155,1008,1000
111.838928864155,1008,1000
111.849606128063,1008,1000
111.858958621734,1008,1000
111.868928855884,1008,1000
111.879326404628,1008,1000
111.888928855884,1008,1000
111.898928855884,1008,1000
111.908928847745,1008,1000
111.918928847745,1008,1000
111.928928847745,1008,1000
111.938928847745,1008,1000
111.94955363637,1008,1000
111.958928847745,1008,1000
111.970872203162,1008,1000
111.978928839606,1008,1000
111.988928839606,1008,1000
111.998928839606,1008,1000
112.008928831692,1008,1000
112.018928831692,1008,1000
112.028928831692,1008,1000
112.040186135804,1008,1000
112.048928831692,1008,1000
112.058928831692,1008,1000
112.068928823778,1008,1000
112.078928823778,1008,1000
112.088928823778,1008,1000
112.098928823778,1008,1000
112.109680052658,1008,1000
112.118928815904,1008,1000
112.128928815904,1008,1000
112.139693815904,1008,1000
112.149639815904,1008,1000
112.158928815904,1008,1000
112.16892880803,1008,1000
112.17892880803,1008,1000
112.18892880803,1008,1000
112.19892880803,1008,1000
112.208928800226,1008,1000
112.218928800226,1008,1000
112.228928800226,1008,1000
112.239888003411,1008,1000
112.248928800226,1008,1000
112.259232164082,1008,1000
112.268928792422,1008,1000
112.278928792422,1008,1000
112.288928792422,1008,1000
112.298928792422,1008,1000
112.309327889029,1008,1000
112.318928784668,1008,1000
112.328928784668,1008,1000
112.338928784668,1008,1000
112.348928784668,1008,1000
112.358928784668,1008,1000
112.368928776914,1008,1000
112.378928776914,1008,1000
112.390128216417,1008,1000
112.398928776914,1008,1000
112.408928769199,1008,1000
112.418928769199,1008,1000
112.428928769199,1008,1000
112.438928769199,1008,1000
112.448928769199,1008,1000
112.459469086566,1008,1000
112.469086251402,1008,1000
112.478928761484,1008,1000
112.488928761484,1008,1000
112.498928761484,1008,1000
112.508928753818,1008,1000
112.518928753818,1008,1000
112.528928753818,1008,1000
112.538928753818,1008,1000
112.548928753818,1008,1000
112.558928753818,1008,1000
112.568928746152,1008,1000
112.578928746152,1008,1000
112.588928746152,1008,1000
112.598928746152,1008,1000
112.609936738535,1008,1000
112.618928738535,1008,1000
112.628928738535,1008,1000
112.638928738535,1008,1000
112.648928738535,1008,1000
112.658928738535,1008,1000
112.668928730918,1008,1000
112.679394570403,1008,1000
112.688928730918,1008,1000
112.698928730918,1008,1000
112.708928723384,1008,1000
112.718928723384,1008,1000
112.728928723384,1008,1000
112.738928723384,1008,1000
112.748928723384,1008,1000
112.75958278884,1008,1000
112.76892871585,1008,1000
112.77892871585,1008,1000
112.78892871585,1008,1000
112.79892871585,1008,1000
112.808928708352,1008,1000
112.820827818024,1008,1000
112.828928708352,1008,1000
112.838928708352,1008,1000
112.849891614445,1008,1000
112.858928708352,1008,1000
112.868928700854,1008,1000
112.878928700854,1008,1000
112.888928700854,1008,1000
112.89921642913,1008,1000
112.90986969343,1008,1000
112.919160408825,1008,1000
112.92892869343,1008,1000
112.93892869343,1008,1000
112.94892869343,1008,1000
112.95892869343,1008,1000
112.968928686006,1008,1000
112.979183480386,1008,1000
112.988928686006,1008,1000
112.998928686006,1008,1000
113.008928678642,1008,1000
113.018928678642,1008,1000
113.028928678642,1008,1000
113.038928678642,1008,1000
113.048928678642,1008,1000
113.058928678642,1008,1000
113.068928671278,1008,1000
113.078928671278,1008,1000
113.088928671278,1008,1000
113.098928671278,1008,1000
113.108928663999,1008,1000
113.118928663999,1008,1000
113.128928663999,1008,1000
113.139720663999,1008,1000
113.148928663999,1008,1000
113.16102577389,1008,1000
113.16892865672,1008,1000
113.17892865672,1008,1000
113.18892865672,1008,1000
113.19892865672,1008,1000
113.209043414458,1008,1000
113.218928649509,1008,1000
113.228928649509,1008,1000
113.238928649509,1008,1000
113.248928649509,1008,1000
113.258928649509,1008,1000
113.269162274808,1008,1000
113.278928642298,1008,1000
113.288928642298,1008,1000
113.298928642298,1008,1000
113.308928635172,1008,1000
113.318928635172,1008,1000
113.328928635172,1008,1000
113.33929449774,1008,1000
113.348928635172,1008,1000
113.358928635172,1008,1000
113.368928628046,1008,1000
113.378928628046,1008,1000
113.388928628046,1008,1000
113.398928628046,1008,1000
113.408928621011,1008,1000
113.418928621011,1008,1000
113.428928621011,1008,1000
113.438928621011,1008,1000
113.448928621011,1008,1000
113.458928621011,1008,1000
113.469517189138,1008,1000
113.478928613976,1008,1000
113.488928613976,1008,1000
113.498928613976,1008,1000
113.508928607012,1008,1000
113.518928607012,1008,1000
113.528928607012,1008,1000
113.538928607012,1008,1000
113.548928607012,1008,1000
113.558928607012,1008,1000
113.568928600048,1008,1000
113.578928600048,1008,1000
113.588928600048,1008,1000
113.598928600048,1008,1000
113.608928593168,1008,1000
113.618928593168,1008,1000
113.628928593168,1008,1000
113.638928593168,1008,1000
113.648928593168,1008,1000
113.658928593168,1008,1000
113.668928586288,1008,1000
113.678928586288,1008,1000
113.688928586288,1008,1000
113.698928586288,1008,1000
113.708928579522,1008,1000
113.718928579522,1008,1000
113.728928579522,1008,1000
113.738928579522,1008,1000
113.748928579522,1008,1000
113.758928579522,1008,1000
113.768928572756,1008,1000
113.779117044104,1008,1000
113.788928572756,1008,1000
113.798928572756,1008,1000
113.808928566077,1008,1000
113.818928566077,1008,1000
113.828928566077,1008,1000
113.838928566077,1008,1000
113.848958851371,1008,1000
113.858928566077,1008,1000
113.868928559398,1008,1000
113.878928559398,1008,1000
113.888928559398,1008,1000
113.898928559398,1008,1000
113.908928552826,1008,1000
113.918928552826,1008,1000
113.928928552826,1008,1000
113.938928552826,1008,1000
113.948946740642,1008,1000
113.958928552826,1008,1000
113.968928546254,1008,1000
113.978928546254,1008,1000
113.990117346773,1008,1000
113.998928546254,1008,1000
114.008928539815,1008,1000
114.018928539815,1008,1000
114.0294584967,1008,1000
114.038928539815,1008,1000
114.048928539815,1008,1000
114.059394987538,1008,1000
114.068928533376,1008,1000
114.078928533376,1008,1000
114.088928533376,1008,1000
114.098928533376,1008,1000
114.108928527032,1008,1000
114.118928527032,1008,1000
114.128928527032,1008,1000
114.138928527032,1008,1000
114.149224460867,1008,1000
114.158928527032,1008,1000
114.168928520688,1008,1000
114.178928520688,1008,1000
114.188928520688,1008,1000
114.198928520688,1008,1000
114.208928514466,1008,1000
114.219713017034,1008,1000
114.228928514466,1008,1000
114.238928514466,1008,1000
114.248928514466,1008,1000
114.258928514466,1008,1000
114.269866439058,1008,1000
114.278928508244,1008,1000
114.288928508244,1008,1000
114.298928508244,1008,1000
114.30892850216,1008,1000
114.31938815361,1008,1000
114.32892850216,1008,1000
114.339099042168,1008,1000
114.34892850216,1008,1000
114.35892850216,1008,1000
114.368928496076,1008,1000
114.378928496076,1008,1000
114.388928496076,1008,1000
114.398928496076,1008,1000
114.408928490121,1008,1000
114.418928490121,1008,1000
114.428928490121,1008,1000
114.440048183529,1008,1000
114.448928490121,1008,1000
114.458928490121,1008,1000
114.468928484166,1008,1000
114.479518484166,1008,1000
114.488928484166,1008,1000
114.498928484166,1008,1000
114.509370763686,1008,1000
114.518928479207,1008,1000
114.528928479207,1008,1000
114.539890315556,1008,1000
114.548928479207,1008,1000
114.558928479207,1008,1000
114.568928474248,1008,1000
114.578928474248,1008,1000
114.588928474248,1008,1000
114.598928474248,1008,1000
114.609194886196,1008,1000
114.61892846969,1008,1000
114.62892846969,1008,1000
114.63892846969,1008,1000
114.649604976167,1008,1000
114.659143737256,1008,1000
114.668928465132,1008,1000
114.678928465132,1008,1000
114.688928465132,1008,1000
114.698928465132,1008,1000
114.708928460763,1008,1000
114.718928460763,1008,1000
114.729368379064,1008,1000
114.738928460763,1008,1000
114.748928460763,1008,1000
114.758928460763,1008,1000
114.768928456394,1008,1000
114.778928456394,1008,1000
114.788928456394,1008,1000
114.798928456394,1008,1000
114.80892845224,1008,1000
114.81892845224,1008,1000
114.82957245224,1008,1000
114.83893286184,1008,1000
114.84893286184,1008,1000
114.85893286184,1008,1000
114.868932857686,1008,1000
114.878932857686,1008,1000
114.888932857686,1008,1000
114.898928448086,1008,1000
114.908928444121,1008,1000
114.918928444121,1008,1000
114.928928444121,1008,1000
114.938928444121,1008,1000
114.948928444121,1008,1000
114.958928444121,1008,1000
114.968928440156,1008,1000
114.978928440156,1008,1000
114.988928440156,1008,1000
114.998928440156,1008,1000
115.008928436409,1008,1000
115.018928436409,1008,1000
115.029525902829,1008,1000
115.038928436409,1008,1000
115.048928436409,1008,1000
115.058928436409,1008,1000
115.068928432662,1008,1000
115.078928432662,1008,1000
115.088928432662,1008,1000
115.098928432662,1008,1000
115.108928429139,1008,1000
115.118928429139,1008,1000
115.129231802463,1008,1000
115.138928429139,1008,1000
115.148928429139,1008,1000
115.158928429139,1008,1000
115.168928425616,1008,1000
115.178928425616,1008,1000
115.188928425616,1008,1000
115.198928425616,1008,1000
115.208928422319,1008,1000
115.218928422319,1008,1000
115.228928422319,1008,1000
115.238969748333,1008,1000
115.248928422319,1008,1000
115.258928422319,1008,1000
115.268928419022,1008,1000
115.278928419022,1008,1000
115.288928419022,1008,1000
115.298928419022,1008,1000
115.308928415966,1008,1000
115.318928415966,1008,1000
115.328928415966,1008,1000
115.338928415966,1008,1000
115.348928415966,1008,1000
115.358928415966,1008,1000
115.36892841291,1008,1000
115.37892841291,1008,1000
115.38892841291,1008,1000
115.39892841291,1008,1000
115.408928410093,1008,1000
115.418928410093,1008,1000
115.428928410093,1008,1000
115.438928410093,1008,1000
115.448928410093,1008,1000
115.458928410093,1008,1000
115.468928407276,1008,1000
115.478928407276,1008,1000
115.488928407276,1008,1000
115.498928407276,1008,1000
115.508928404716,1008,1000
115.519581404716,1008,1000
115.528928404716,1008,1000
115.539208242651,1008,1000
115.548928404716,1008,1000
115.558928404716,1008,1000
115.568928402156,1008,1000
115.578928402156,1008,1000
115.588928402156,1008,1000
115.600044402156,1008,1000
115.609372928842,1008,1000
115.618928399858,1008,1000
115.628928399858,1008,1000
115.638928399858,1008,1000
115.648928399858,1008,1000
115.658928399858,1008,1000
115.67089951473,1008,1000
115.67892839756,1008,1000
115.68892839756,1008,1000
115.69892839756,1008,1000
115.708928395528,1008,1000
115.718928395528,1008,1000
115.728928395528,1008,1000
115.738928395528,1008,1000
115.748928395528,1008,1000
115.759429406225,1008,1000
115.768928393496,1008,1000
115.778928393496,1008,1000
115.788928393496,1008,1000
115.798928393496,1008,1000
115.808928391731,1008,1000
115.818928391731,1008,1000
115.828928391731,1008,1000
115.838928391731,1008,1000
115.848928391731,1008,1000
115.858928391731,1008,1000
115.868928389966,1008,1000
115.878928389966,1008,1000
115.888928389966,1008,1000
115.898928389966,1008,1000
115.908928388466,1008,1000
115.918928388466,1008,1000
115.928928388466,1008,1000
115.938928388466,1008,1000
115.948928388466,1008,1000
115.958928388466,1008,1000
115.968928386966,1008,1000
115.978928386966,1008,1000
115.988928386966,1008,1000
115.998928386966,1008,1000
116.008928385742,1008,1000
116.018928385742,1008,1000
116.028928385742,1008,1000
116.038928385742,1008,1000
116.048928385742,1008,1000
116.058928385742,1008,1000
116.068928384518,1008,1000
116.078928384518,1008,1000
116.088928384518,1008,1000
116.098928384518,1008,1000
116.108928383573,1008,1000
116.118911309331,1008,1000
116.129437336202,1008,1000
116.138928383573,1008,1000
116.148928383573,1008,1000
116.159563685343,1008,1000
116.168928382628,1008,1000
116.178928382628,1008,1000
116.188928382628,1008,1000
116.198928413599,1008,1000
116.208928381967,1008,1000
116.218928381967,1008,1000
116.228928381967,1008,1000
116.238928381967,1008,1000
116.248928381967,1008,1000
116.258928381967,1008,1000
116.268928381306,1008,1000
116.278928381306,1008,1000
116.288928381306,1008,1000
116.298928381306,1008,1000
116.308928380925,1008,1000
116.318928380925,1008,1000
116.328928380925,1008,1000
116.338928380925,1008,1000
116.348928380925,1008,1000
116.358928380925,1008,1000
116.368989754383,1008,1000
116.378928380544,1008,1000
116.388928380544,1008,1000
116.398928380544,1008,1000
116.408928380448,1008,1000
116.419392784212,1008,1000
116.428928380448,1008,1000
116.438928380448,1008,1000
116.448928380448,1008,1000
116.458928380448,1008,1000
116.468928380352,1008,1000
116.478928380352,1008,1000
116.489701499433,1008,1000
116.498928380352,1008,1000
116.50892838054,1008,1000
116.51892838054,1008,1000
116.52892838054,1008,1000
116.539934213871,1008,1000
116.54892838054,1008,1000
116.55892838054,1008,1000
116.569018966106,1008,1000
116.578928380728,1008,1000
116.588928380728,1008,1000
116.598928380728,1008,1000
116.609247696021,1008,1000
116.6189283812,1008,1000
116.6289283812,1008,1000
116.6389283812,1008,1000
116.6489283812,1008,1000
116.6589283812,1008,1000
116.668928381672,1008,1000
116.678928381672,1008,1000
116.689965611445,1008,1000
116.698928381672,1008,1000
116.708928382424,1008,1000
116.718928382424,1008,1000
116.728928382424,1008,1000
116.738928382424,1008,1000
116.748928382424,1008,1000
116.759198094819,1008,1000
116.768928383176,1008,1000
116.778928383176,1008,1000
116.788928383176,1008,1000
116.799465659768,1008,1000
116.808928384212,1008,1000
116.818928384212,1008,1000
116.828928384212,1008,1000
116.838928384212,1008,1000
116.848928384212,1008,1000
116.858928384212,1008,1000
116.868928385248,1008,1000
116.878928385248,1008,1000
116.888928385248,1008,1000
116.898928385248,1008,1000
116.908928386558,1008,1000
116.918928386558,1008,1000
116.928928386558,1008,1000
116.938928386558,1008,1000
116.948928386558,1008,1000
116.958928386558,1008,1000
116.968928387868,1008,1000
116.978928387868,1008,1000
116.988928387868,1008,1000
116.999158891146,1008,1000
117.008928389453,1008,1000
117.018928389453,1008,1000
117.028928389453,1008,1000
117.038928389453,1008,1000
117.048928389453,1008,1000
117.058928389453,1008,1000
117.068928391038,1008,1000
117.078928391038,1008,1000
117.088928391038,1008,1000
117.098928391038,1008,1000
117.108928392891,1008,1000
117.118928392891,1008,1000
117.128928392891,1008,1000
117.138928392891,1008,1000
117.148928392891,1008,1000
117.158928392891,1008,1000
117.168928394744,1008,1000
117.178928394744,1008,1000
117.188928394744,1008,1000
117.198928394744,1008,1000
117.208928396867,1008,1000
117.218928396867,1008,1000
117.228928396867,1008,1000
117.238928396867,1008,1000
117.248928396867,1008,1000
117.258928396867,1008,1000
117.26892839899,1008,1000
117.279101675874,1008,1000
117.28892839899,1008,1000
117.299640391172,1008,1000
117.308928401365,1008,1000
117.318928401365,1008,1000
117.328928401365,1008,1000
117.338928401365,1008,1000
117.348928401365,1008,1000
117.358928401365,1008,1000
117.36892840374,1008,1000
117.37892840374,1008,1000
117.38892840374,1008,1000
117.39892840374,1008,1000
117.408928406369,1008,1000
117.418928406369,1008,1000
117.428928406369,1008,1000
117.438928406369,1008,1000
117.448928406369,1008,1000
117.458928406369,1008,1000
117.469293695777,1008,1000
117.478928408998,1008,1000
117.488928408998,1008,1000
117.498928408998,1008,1000
117.508928411874,1008,1000
117.518928411874,1008,1000
117.529418673096,1008,1000
117.538928411874,1008,1000
117.548928411874,1008,1000
117.558928411874,1008,1000
117.56892841475,1008,1000
117.57892841475,1008,1000
117.58892841475,1008,1000
117.59892841475,1008,1000
117.60892841786,1008,1000
117.61892841786,1008,1000
117.62892841786,1008,1000
117.63892841786,1008,1000
117.64892841786,1008,1000
117.65892841786,1008,1000
117.66892842097,1008,1000
117.678952891391,1008,1000
117.689822593187,1008,1000
117.69892842097,1008,1000
117.708928424324,1008,1000
117.718928424324,1008,1000
117.728928424324,1008,1000
117.738928424324,1008,1000
117.748928424324,1008,1000
117.760217472927,1008,1000
117.768928427678,1008,1000
117.778928427678,1008,1000
117.788928427678,1008,1000
117.798928427678,1008,1000
117.809205825742,1008,1000
117.818928431261,1008,1000
117.829549005138,1008,1000
117.838928431261,1008,1000
117.848928431261,1008,1000
117.858928431261,1008,1000
117.868928434844,1008,1000
117.879505493829,1008,1000
117.888928434844,1008,1000
117.898928434844,1008,1000
117.908928438639,1008,1000
117.918928438639,1008,1000
117.928928438639,1008,1000
117.938928438639,1008,1000
117.948928438639,1008,1000
117.958928438639,1008,1000
117.968928442434,1008,1000
117.978928442434,1008,1000
117.988928442434,1008,1000
117.998928442434,1008,1000
118.008928446437,1008,1000
118.018928446437,1008,1000
118.028928446437,1008,1000
118.038928446437,1008,1000
118.048928446437,1008,1000
118.058928446437,1008,1000
118.06892845044,1008,1000
118.07892845044,1008,1000
118.08892845044,1008,1000
118.09892845044,1008,1000
118.108928454646,1008,1000
118.118928454646,1008,1000
118.128928454646,1008,1000
118.138928454646,1008,1000
118.148928454646,1008,1000
118.158928454646,1008,1000
118.168928458852,1008,1000
118.178928458852,1008,1000
118.188928458852,1008,1000
118.198928458852,1008,1000
118.208928463249,1008,1000
118.218928463249,1008,1000
118.228928463249,1008,1000
118.238928463249,1008,1000
118.248928463249,1008,1000
118.258928463249,1008,1000
118.268928467646,1008,1000
118.278928467646,1008,1000
118.288928467646,1008,1000
118.298928467646,1008,1000
118.308928472243,1008,1000
118.318928472243,1008,1000
118.328928472243,1008,1000
118.338928472243,1008,1000
118.348928472243,1008,1000
118.358928472243,1008,1000
118.36892847684,1008,1000
118.379414964504,1008,1000
118.389115902782,1008,1000
118.39892847684,1008,1000
118.408928481617,1008,1000
118.418928481617,1008,1000
118.428928481617,1008,1000
118.438928481617,1008,1000
118.448928481617,1008,1000
118.458928481617,1008,1000
118.468928486394,1008,1000
118.478928486394,1008,1000
118.488928486394,1008,1000
118.498928486394,1008,1000
118.509588778417,1008,1000
118.518928491336,1008,1000
118.528928491336,1008,1000
118.538928491336,1008,1000
118.549306263437,1008,1000
118.558928491336,1008,1000
118.568928496278,1008,1000
118.578928496278,1008,1000
118.588928496278,1008,1000
118.598928496278,1008,1000
118.608928501402,1008,1000
118.618928501402,1008,1000
118.628928501402,1008,1000
118.638928501402,1008,1000
118.648928501402,1008,1000
118.658928501402,1008,1000
118.668928506526,1008,1000
118.679682026176,1008,1000
118.689534519626,1008,1000
118.698928506526,1008,1000
118.708928511797,1008,1000
118.718928511797,1008,1000
118.728928511797,1008,1000
118.738928511797,1008,1000
118.748928511797,1008,1000
118.758928511797,1008,1000
118.768928517068,1008,1000
118.778928517068,1008,1000
118.788928517068,1008,1000
118.798928517068,1008,1000
118.808928522501,1008,1000
118.818928522501,1008,1000
118.829062870436,1008,1000
118.838928522501,1008,1000
118.848928522501,1008,1000
118.858928522501,1008,1000
118.868928527934,1008,1000
118.878928527934,1008,1000
118.888928527934,1008,1000
118.898928527934,1008,1000
118.908928533516,1008,1000
118.919724918027,1008,1000
118.928928533516,1008,1000
118.938928533516,1008,1000
118.948928533516,1008,1000
118.958928533516,1008,1000
118.968928539098,1008,1000
118.978928539098,1008,1000
118.989074558075,1008,1000
118.999634124418,1008,1000
119.008928544809,1008,1000
119.018928544809,1008,1000
119.029480936493,1008,1000
119.038928544809,1008,1000
119.048928544809,1008,1000
119.058928544809,1008,1000
119.06892855052,1008,1000
119.07892855052,1008,1000
119.08892855052,1008,1000
119.09892855052,1008,1000
119.10892855638,1008,1000
119.11892855638,1008,1000
119.12892855638,1008,1000
119.13892855638,1008,1000
119.14892855638,1008,1000
119.15892855638,1008,1000
119.16892856224,1008,1000
119.17892856224,1008,1000
119.18892856224,1008,1000
119.19892856224,1008,1000
119.208928568234,1008,1000
119.218928568234,1008,1000
119.228928568234,1008,1000
119.238928568234,1008,1000
119.248928568234,1008,1000
119.258928568234,1008,1000
119.269453530671,1008,1000
119.278928574228,1008,1000
119.288928574228,1008,1000
119.298928574228,1008,1000
119.308928580329,1008,1000
119.318928580329,1008,1000
119.328928580329,1008,1000
119.338928580329,1008,1000
119.349643047855,1008,1000
119.358928580329,1008,1000
119.36892858643,1008,1000
119.37892858643,1008,1000
119.38892858643,1008,1000
119.39892858643,1008,1000
119.408928592619,1008,1000
119.418928592619,1008,1000
119.428928592619,1008,1000
119.438977254917,1008,1000
119.448928592619,1008,1000
119.458928592619,1008,1000
119.468928598808,1008,1000
119.478928598808,1008,1000
119.488928598808,1008,1000
119.498928598808,1008,1000
119.508928605018,1008,1000
119.518928605018,1008,1000
119.528928605018,1008,1000
119.538928605018,1008,1000
119.549815605018,1008,1000
119.558928605018,1008,1000
119.569602255874,1008,1000
119.578928611228,1008,1000
119.588928611228,1008,1000
119.598928611228,1008,1000
119.608928617446,1008,1000
119.619183323414,1008,1000
119.628928617446,1008,1000
119.638928617446,1008,1000
119.648928617446,1008,1000
119.658928617446,1008,1000
119.668928623664,1008,1000
119.678928623664,1008,1000
119.688928623664,1008,1000
119.698928623664,1008,1000
119.709573320751,1008,1000
119.71892862987,1008,1000
119.72892862987,1008,1000
119.73892862987,1008,1000
119.74892862987,1008,1000
119.75892862987,1008,1000
119.768928636076,1008,1000
119.77899194955,1008,1000
119.788928636076,1008,1000
119.798928636076,1008,1000
119.808928642263,1008,1000
119.818948749737,1008,1000
119.828928642263,1008,1000
119.838928642263,1008,1000
119.849504642263,1008,1000
119.858928642263,1008,1000
119.86892864845,1008,1000
119.87892864845,1008,1000
119.88892864845,1008,1000
119.89892864845,1008,1000
119.908928654609,1008,1000
119.918928654609,1008,1000
119.928928654609,1008,1000
119.938928654609,1008,1000
119.948928654609,1008,1000
119.958928654609,1008,1000
119.968928660768,1008,1000
119.978928660768,1008,1000
119.988928660768,1008,1000
119.998928660768,1008,1000
120.008928666574,1008,1000
120.018928666574,1008,1000
120.028928666574,1008,1000
120.038928666574,1008,1000
120.048928666574,1008,1000
120.058928666574,1008,1000
120.06892867238,1008,1000
120.079113735557,1008,1000
120.08892867238,1008,1000
120.09892867238,1008,1000
120.108928678226,1008,1000
120.118928678226,1008,1000
120.128928678226,1008,1000
120.138928678226,1008,1000
120.149413164788,1008,1000
120.158928678226,1008,1000
120.168928684072,1008,1000
120.178928684072,1008,1000
120.188928684072,1008,1000
120.198928684072,1008,1000
120.208928689465,1008,1000
120.218928689465,1008,1000
120.2292434785,1008,1000
120.238928689465,1008,1000
120.248928689465,1008,1000
120.258928689465,1008,1000
120.268928694858,1008,1000
120.278928694858,1008,1000
120.288928694858,1008,1000
120.298928694858,1008,1000
120.30892869995,1008,1000
120.31892869995,1008,1000
120.32892869995,1008,1000
120.33892869995,1008,1000
120.34892869995,1008,1000
120.35892869995,1008,1000
120.368928705042,1008,1000
120.378928705042,1008,1000
120.388928705042,1008,1000
120.398928705042,1008,1000
120.409581710308,1008,1000
120.418928710308,1008,1000
120.429932668201,1008,1000
120.438928710308,1008,1000
120.448928710308,1008,1000
120.459743710308,1008,1000
120.469698715574,1008,1000
120.478928715574,1008,1000
120.488928715574,1008,1000
120.499300484725,1008,1000
120.508928746711,1008,1000
120.518928721125,1008,1000
120.528976532383,1008,1000
120.538928721125,1008,1000
120.548928721125,1008,1000
120.558928721125,1008,1000
120.568928726676,1008,1000
120.578928726676,1008,1000
120.588928726676,1008,1000
120.598928726676,1008,1000
120.608928732749,1008,1000
120.618928732749,1008,1000
120.628928732749,1008,1000
120.639058194761,1008,1000
120.648928732749,1008,1000
120.659032580118,1008,1000
120.668928738822,1008,1000
120.678928738822,1008,1000
120.688928738822,1008,1000
120.699721890297,1008,1000
120.708928744824,1008,1000
120.718928744824,1008,1000
120.728928744824,1008,1000
120.738928744824,1008,1000
120.748928744824,1008,1000
120.758928744824,1008,1000
120.769071742073,1008,1000
120.778928750826,1008,1000
120.788928750826,1008,1000
120.798928750826,1008,1000
120.808928756959,1008,1000
120.818928756959,1008,1000
120.828928756959,1008,1000
120.840035756959,1008,1000
120.848928756959,1008,1000
120.858928756959,1008,1000
120.868928763092,1008,1000
120.879824763092,1008,1000
120.888928763092,1008,1000
120.898928763092,1008,1000
120.909547972826,1008,1000
120.918928769198,1008,1000
120.928928769198,1008,1000
120.939930703625,1008,1000
120.94922863324,1008,1000
120.959559456926,1008,1000
120.968928775304,1008,1000
120.978928775304,1008,1000
120.988928775304,1008,1000
120.998928775304,1008,1000
121.009334585335,1008,1000
121.01892878076,1008,1000
121.02892878076,1008,1000
121.03892878076,1008,1000
121.04892878076,1008,1000
121.05892878076,1008,1000
121.068928786216,1008,1000
121.078928786216,1008,1000
121.088928786216,1008,1000
121.098928786216,1008,1000
121.108928791727,1008,1000
121.118928791727,1008,1000
121.128928791727,1008,1000
121.138928791727,1008,1000
121.148928791727,1008,1000
121.159607683229,1008,1000
121.168928797238,1008,1000
121.178928797238,1008,1000
121.188928797238,1008,1000
121.198928797238,1008,1000
121.208928802789,1008,1000
121.219878802789,1008,1000
121.228928802789,1008,1000
121.238928802789,1008,1000
121.249513802789,1008,1000
121.258928802789,1008,1000
121.26892880834,1008,1000
121.27892880834,1008,1000
121.289183712079,1008,1000
121.29892880834,1008,1000
121.308928813937,1008,1000
121.318928813937,1008,1000
121.328928813937,1008,1000
121.338928813937,1008,1000
121.348928813937,1008,1000
121.358928813937,1008,1000
121.368928819534,1008,1000
121.378928819534,1008,1000
121.388928819534,1008,1000
121.398928819534,1008,1000
121.408928825198,1008,1000
121.418928825198,1008,1000
121.428928825198,1008,1000
121.438928825198,1008,1000
121.448928825198,1008,1000
121.458928825198,1008,1000
121.468964789,1008,1000
121.478928830862,1008,1000
121.488928830862,1008,1000
121.498928830862,1008,1000
121.508928836564,1008,1000
121.518928836564,1008,1000
121.528928836564,1008,1000
121.539352211035,1008,1000
121.548928836564,1008,1000
121.558928836564,1008,1000
121.568928842266,1008,1000
121.578928842266,1008,1000
121.588928842266,1008,1000
121.598928842266,1008,1000
121.608928847991,1008,1000
121.618928847991,1008,1000
121.628928847991,1008,1000
121.638928847991,1008,1000
121.648928847991,1008,1000
121.658928847991,1008,1000
121.668928853716,1008,1000
121.678928853716,1008,1000
121.688928853716,1008,1000
121.698928853716,1008,1000
121.708928859489,1008,1000
121.718928859489,1008,1000
121.728928859489,1008,1000
121.738928859489,1008,1000
121.748928859489,1008,1000
121.758928859489,1008,1000
121.768928865262,1008,1000
121.778928865262,1008,1000
121.788928865262,1008,1000
121.798928865262,1008,1000
121.808928871084,1008,1000
121.818928871084,1008,1000
121.828928871084,1008,1000
121.838928871084,1008,1000
121.848928871084,1008,1000
121.858928871084,1008,1000
121.868928876906,1008,1000
121.878928876906,1008,1000
121.889545876906,1008,1000
121.898928876906,1008,1000
121.908928882765,1008,1000
121.918928882765,1008,1000
121.928928882765,1008,1000
121.938928882765,1008,1000
121.948928882765,1008,1000
121.958928882765,1008,1000
121.968928888624,1008,1000
121.979629085827,1008,1000
121.988928888624,1008,1000
121.998928888624,1008,1000
122.008928894495,1008,1000
122.018928894495,1008,1000
122.028928894495,1008,1000
122.038928894495,1008,1000
122.04907962804,1008,1000
122.058928894495,1008,1000
122.069329405137,1008,1000
122.078928900366,1008,1000
122.088928900366,1008,1000
122.098928900366,1008,1000
122.108928906302,1008,1000
122.118928906302,1008,1000
122.128928906302,1008,1000
122.138928906302,1008,1000
122.148928906302,1008,1000
122.158928906302,1008,1000
122.168928912238,1008,1000
122.178928912238,1008,1000
122.188928912238,1008,1000
122.198928912238,1008,1000
122.208928918198,1008,1000
122.218928918198,1008,1000
122.229891918198,1008,1000
122.238928918198,1008,1000
122.248928918198,1008,1000
122.258928918198,1008,1000
122.268928924158,1008,1000
122.278928924158,1008,1000
122.288928924158,1008,1000
122.300470949292,1008,1000
122.308928930144,1008,1000
122.318928930144,1008,1000
122.328928930144,1008,1000
122.338928930144,1008,1000
122.349390665555,1008,1000
122.358928930144,1008,1000
122.369847986372,1008,1000
122.37892893613,1008,1000
122.38892893613,1008,1000
122.39892893613,1008,1000
122.408928942158,1008,1000
122.41958184319,1008,1000
122.428928942158,1008,1000
122.43987302948,1008,1000
122.448928942158,1008,1000
122.458928942158,1008,1000
122.468928948186,1008,1000
122.478928948186,1008,1000
122.488928948186,1008,1000
122.498928948186,1008,1000
122.509106084669,1008,1000
122.518928954239,1008,1000
122.528928954239,1008,1000
122.538928954239,1008,1000
122.548928954239,1008,1000
122.558928954239,1008,1000
122.568928960292,1008,1000
122.578928960292,1008,1000
122.588928960292,1008,1000
122.598928960292,1008,1000
122.608928966367,1008,1000
122.618928966367,1008,1000
122.628928966367,1008,1000
122.638928966367,1008,1000
122.648928966367,1008,1000
122.658928966367,1008,1000
122.668928972442,1008,1000
122.678928972442,1008,1000
122.688928972442,1008,1000
122.698928972442,1008,1000
122.708928978539,1008,1000
122.718928978539,1008,1000
122.728928978539,1008,1000
122.738928978539,1008,1000
122.748928978539,1008,1000
122.758928978539,1008,1000
122.768928984636,1008,1000
122.778928984636,1008,1000
122.788928984636,1008,1000
122.798928984636,1008,1000
122.808928990777,1008,1000
122.818928990777,1008,1000
122.828928990777,1008,1000
122.838928990777,1008,1000
122.849950713,1008,1000
122.858928990777,1008,1000
122.868928996918,1008,1000
122.878928996918,1008,1000
122.888928996918,1008,1000
122.899428303683,1008,1000
122.908929003088,1008,1000
122.919426817038,1008,1000
122.929057261681,1008,1000
122.938929003088,1008,1000
122.948929003088,1008,1000
122.958929003088,1008,1000
122.969891628929,1008,1000
122.978929009258,1008,1000
122.988929009258,1008,1000
122.998929009258,1008,1000
123.008929015442,1008,1000
123.018929015442,1008,1000
123.028929015442,1008,1000
123.039205745321,1008,1000
123.048929015442,1008,1000
123.058929015442,1008,1000
123.068929021626,1008,1000
123.078929021626,1008,1000
123.088929021626,1008,1000
123.098929021626,1008,1000
123.108929027835,1008,1000
123.118929027835,1008,1000
123.128929027835,1008,1000
123.138929027835,1008,1000
123.148929027835,1008,1000
123.158929027835,1008,1000
123.168929034044,1008,1000
123.178929034044,1008,1000
123.188929034044,1008,1000
123.199775034044,1008,1000
123.20892904029,1008,1000
123.21892904029,1008,1000
123.229593409839,1008,1000
123.23892904029,1008,1000
123.24892904029,1008,1000
123.25892904029,1008,1000
123.26907118153,1008,1000
123.278929046536,1008,1000
123.288929046536,1008,1000
123.298929046536,1008,1000
123.308929052795,1008,1000
123.318929052795,1008,1000
123.328929052795,1008,1000
123.339777599931,1008,1000
123.348929052795,1008,1000
123.358929052795,1008,1000
123.369118471196,1008,1000
123.378929059054,1008,1000
123.388929059054,1008,1000
123.398929059054,1008,1000
123.409073765839,1008,1000
123.419645064958,1008,1000
123.428929064958,1008,1000
123.438929064958,1008,1000
123.448929064958,1008,1000
123.459663064958,1008,1000
123.468929070862,1008,1000
123.478929070862,1008,1000
123.488929070862,1008,1000
123.498929070862,1008,1000
123.50892907677,1008,1000
123.51892907677,1008,1000
123.52892907677,1008,1000
123.53892907677,1008,1000
123.55002789905,1008,1000
123.55892907677,1008,1000
123.569738717779,1008,1000
123.58036504845,1008,1000
123.588929082678,1008,1000
123.598929082678,1008,1000
123.608929088624,1008,1000
123.619233266344,1008,1000
123.628929088624,1008,1000
123.639097907353,1008,1000
123.649724238024,1008,1000
123.659731572023,1008,1000
123.66892909457,1008,1000
123.67892909457,1008,1000
123.68892909457,1008,1000
123.69892909457,1008,1000
123.708929100542,1008,1000
123.719128439516,1008,1000
123.729081773515,1008,1000
123.739077888309,1008,1000
123.748929100542,1008,1000
123.759717100542,1008,1000
123.768929106514,1008,1000
123.778929106514,1008,1000
123.788929106514,1008,1000
123.798929106514,1008,1000
123.809313895504,1008,1000
123.818929112514,1008,1000
123.829175314006,1008,1000
123.840117112514,1008,1000
123.848929112514,1008,1000
123.858929112514,1008,1000
123.868929118514,1008,1000
123.878929118514,1008,1000
123.889644668612,1008,1000
123.898929118514,1008,1000
123.909503338017,1008,1000
123.918929124553,1008,1000
123.928929124553,1008,1000
123.938929124553,1008,1000
123.948929124553,1008,1000
123.958929124553,1008,1000
123.968929130592,1008,1000
123.978929130592,1008,1000
123.988929130592,1008,1000
123.998929130592,1008,1000
124.00892913667,1008,1000
124.01892913667,1008,1000
124.02892913667,1008,1000
124.039706851633,1008,1000
124.04892913667,1008,1000
124.05988313667,1008,1000
124.068929142748,1008,1000
124.078929142748,1008,1000
124.088929142748,1008,1000
124.098929142748,1008,1000
124.108929148847,1008,1000
124.118929148847,1008,1000
124.129170386467,1008,1000
124.138929148847,1008,1000
124.148929148847,1008,1000
124.158929148847,1008,1000
124.168929154946,1008,1000
124.178929154946,1008,1000
124.188929154946,1008,1000
124.198929154946,1008,1000
124.20892916105,1008,1000
124.21892916105,1008,1000
124.22892916105,1008,1000
124.23892916105,1008,1000
124.24892916105,1008,1000
124.25991916105,1008,1000
124.268929167154,1008,1000
124.278929167154,1008,1000
124.288929167154,1008,1000
124.298929167154,1008,1000
124.308929173275,1008,1000
124.3190503139,1008,1000
124.329377435275,1008,1000
124.338929173275,1008,1000
124.348929173275,1008,1000
124.359798173275,1008,1000
124.368929179396,1008,1000
124.378929179396,1008,1000
124.388929179396,1008,1000
124.398929179396,1008,1000
124.408929185541,1008,1000
124.419302857282,1008,1000
124.429184459766,1008,1000
124.438929185541,1008,1000
124.448929185541,1008,1000
124.458929185541,1008,1000
124.468929191686,1008,1000
124.478929191686,1008,1000
124.488929191686,1008,1000
124.498929191686,1008,1000
124.508929197861,1008,1000
124.519487197861,1008,1000
124.528929197861,1008,1000
124.538929197861,1008,1000
124.548929197861,1008,1000
124.558929197861,1008,1000
124.568929204036,1008,1000
124.578929204036,1008,1000
124.588929204036,1008,1000
124.598929204036,1008,1000
124.608929210251,1008,1000
124.621903066532,1008,1000
124.628929210251,1008,1000
124.638929210251,1008,1000
124.648929210251,1008,1000
124.658929210251,1008,1000
124.668929216466,1008,1000
124.678929216466,1008,1000
124.689688949362,1008,1000
124.698929216466,1008,1000
124.708929222692,1008,1000
124.718929222692,1008,1000
124.728929222692,1008,1000
124.738929222692,1008,1000
124.748929222692,1008,1000
124.758929222692,1008,1000
124.768929228918,1008,1000
124.778929228918,1008,1000
124.788929228918,1008,1000
124.798929228918,1008,1000
124.808929235151,1008,1000
124.818929235151,1008,1000
124.828929235151,1008,1000
124.838929235151,1008,1000
124.848929235151,1008,1000
124.859654012057,1008,1000
124.868929241384,1008,1000
124.878929241384,1008,1000
124.888929241384,1008,1000
124.898929241384,1008,1000
124.909843247638,1008,1000
124.918929247638,1008,1000
124.928929247638,1008,1000
124.938929247638,1008,1000
124.95002789905,1008,1000
124.958929247638,1008,1000
124.968929253892,1008,1000
124.980129135807,1008,1000
124.988929253892,1008,1000
124.998929253892,1008,1000
125.008929259911,1008,1000
125.019233608499,1008,1000
125.028929259911,1008,1000
125.038929259911,1008,1000
125.049542496668,1008,1000
125.058929259911,1008,1000
125.06892926593,1008,1000
125.07892926593,1008,1000
125.09002789905,1008,1000
125.09892926593,1008,1000
125.109523271981,1008,1000
125.118929271981,1008,1000
125.129020116892,1008,1000
125.138929271981,1008,1000
125.148929271981,1008,1000
125.159990638861,1008,1000
125.168929278032,1008,1000
125.178929278032,1008,1000
125.188929278032,1008,1000
125.199315942413,1008,1000
125.208929284091,1008,1000
125.218929284091,1008,1000
125.229431023902,1008,1000
125.238929284091,1008,1000
125.248929284091,1008,1000
125.258929284091,1008,1000
125.26892929015,1008,1000
125.27892929015,1008,1000
125.28892929015,1008,1000
125.29892929015,1008,1000
125.308929296258,1008,1000
125.318929296258,1008,1000
125.328929296258,1008,1000
125.338929296258,1008,1000
125.348929296258,1008,1000
125.361322419536,1008,1000
125.368929302366,1008,1000
125.378929302366,1008,1000
125.388929302366,1008,1000
125.398929302366,1008,1000
125.408929308475,1008,1000
125.418929308475,1008,1000
125.430889955214,1008,1000
125.439510308475,1008,1000
125.448929308475,1008,1000
125.459505308475,1008,1000
125.4695357293,1008,1000
125.48002789905,1008,1000
125.488932050386,1008,1000
125.500114370748,1008,1000
125.508929320736,1008,1000
125.518929320736,1008,1000
125.528929320736,1008,1000
125.538929320736,1008,1000
125.54933773627,1008,1000
125.558929320736,1008,1000
125.569971158081,1008,1000
125.580032326888,1008,1000
125.588929326888,1008,1000
125.599712326888,1008,1000
125.608929333063,1008,1000
125.618929333063,1008,1000
125.628929333063,1008,1000
125.639294592094,1008,1000
125.649454760901,1008,1000
125.658929333063,1008,1000
125.668929339238,1008,1000
125.678929339238,1008,1000
125.688929339238,1008,1000
125.698929339238,1008,1000
125.708929345425,1008,1000
125.719829345425,1008,1000
125.728929345425,1008,1000
125.738929345425,1008,1000
125.748929345425,1008,1000
125.758929345425,1008,1000
125.768929351612,1008,1000
125.778929351612,1008,1000
125.789215797987,1008,1000
125.798929351612,1008,1000
125.808929357801,1008,1000
125.818929357801,1008,1000
125.829505357801,1008,1000
125.838929357801,1008,1000
125.849748357801,1008,1000
125.858929357801,1008,1000
125.87131348116,1008,1000
125.87892936399,1008,1000
125.88892936399,1008,1000
125.89892936399,1008,1000
125.908929370227,1008,1000
125.919053828978,1008,1000
125.928929370227,1008,1000
125.939243370227,1008,1000
125.948929370227,1008,1000
125.958929370227,1008,1000
125.968929376464,1008,1000
125.978929376464,1008,1000
125.988929376464,1008,1000
125.999591376464,1008,1000
126.009325448471,1008,1000
126.01892938271,1008,1000
126.031691506126,1008,1000
126.03892938271,1008,1000
126.04892938271,1008,1000
126.05892938271,1008,1000
126.068929388956,1008,1000
126.07938357707,1008,1000
126.088929388956,1008,1000
126.099243388956,1008,1000
126.10892939523,1008,1000
126.11892939523,1008,1000
126.12892939523,1008,1000
126.13892939523,1008,1000
126.14892939523,1008,1000
126.15892939523,1008,1000
126.168929401504,1008,1000
126.179775401504,1008,1000
126.188929401504,1008,1000
126.198929401504,1008,1000
126.209919407797,1008,1000
126.218929407797,1008,1000
126.228929407797,1008,1000
126.238929407797,1008,1000
126.249071910251,1008,1000
126.258929407797,1008,1000
126.26892941409,1008,1000
126.279953922837,1008,1000
126.28892941409,1008,1000
126.29892941409,1008,1000
126.308929420396,1008,1000
126.318929420396,1008,1000
126.329789420396,1008,1000
126.338929420396,1008,1000
126.349385444183,1008,1000
126.359816420396,1008,1000
126.368929426702,1008,1000
126.378929426702,1008,1000
126.389769152286,1008,1000
126.399067948048,1008,1000
126.408929433013,1008,1000
126.418929433013,1008,1000
126.429310954359,1008,1000
126.438929433013,1008,1000
126.448929433013,1008,1000
126.459200686249,1008,1000
126.468929439324,1008,1000
126.478929439324,1008,1000
126.491044556494,1008,1000
126.498929439324,1008,1000
126.509576880187,1008,1000
126.51924563708,1008,1000
126.528929445673,1008,1000
126.538929445673,1008,1000
126.548929445673,1008,1000
126.558929445673,1008,1000
126.568929452022,1008,1000
126.578929452022,1008,1000
126.588903996558,1008,1000
126.598929452022,1008,1000
126.60892945837,1008,1000
126.61892945837,1008,1000
126.62892945837,1008,1000
126.63892945837,1008,1000
126.64892945837,1008,1000
126.65892945837,1008,1000
126.668929464718,1008,1000
126.681594800716,1008,1000
126.689726464718,1008,1000
126.698929464718,1008,1000
126.708929471087,1008,1000
126.718929471087,1008,1000
126.728929471087,1008,1000
126.740891594626,1008,1000
126.748929471087,1008,1000
126.758969036755,1008,1000
126.768929477456,1008,1000
126.778929477456,1008,1000
126.788929477456,1008,1000
126.801296483857,1008,1000
126.809825483857,1008,1000
126.819807483857,1008,1000
126.828929483857,1008,1000
126.838929483857,1008,1000
126.848929483857,1008,1000
126.858929483857,1008,1000
126.868929490258,1008,1000
126.879104075065,1008,1000
126.889266075065,1008,1000
126.898929490258,1008,1000
126.908929496673,1008,1000
126.919523496673,1008,1000
126.928929496673,1008,1000
126.938929496673,1008,1000
126.948929496673,1008,1000
126.959676213331,1008,1000
126.968929503088,1008,1000
126.978929503088,1008,1000
126.988929503088,1008,1000
126.998929503088,1008,1000
127.009690509273,1008,1000
127.019834509273,1008,1000
127.028929509273,1008,1000
127.038929509273,1008,1000
127.048929509273,1008,1000
127.059706252013,1008,1000
127.068929515458,1008,1000
127.078929515458,1008,1000
127.089077125681,1008,1000
127.098929515458,1008,1000
127.109739521225,1008,1000
127.118929521225,1008,1000
127.128929521225,1008,1000
127.139505521225,1008,1000
127.148929521225,1008,1000
127.158943363495,1008,1000
127.168929526992,1008,1000
127.178991149167,1008,1000
127.188929526992,1008,1000
127.198929526992,1008,1000
127.209631532799,1008,1000
127.218929532799,1008,1000
127.228929532799,1008,1000
127.238929532799,1008,1000
127.248929532799,1008,1000
127.260891655776,1008,1000
127.268929538606,1008,1000
127.278929538606,1008,1000
127.288929538606,1008,1000
127.298929538606,1008,1000
127.309843544416,1008,1000
127.319717934891,1008,1000
127.328929544416,1008,1000
127.338929544416,1008,1000
127.348929544416,1008,1000
127.358929544416,1008,1000
127.369582550226,1008,1000
127.379221195592,1008,1000
127.389086586067,1008,1000
127.400150963938,1008,1000
127.408929556088,1008,1000
127.419564556088,1008,1000
127.428929556088,1008,1000
127.438929556088,1008,1000
127.448929556088,1008,1000
127.458929556088,1008,1000
127.472107626838,1008,1000
127.480044244842,1008,1000
127.48892956195,1008,1000
127.49892956195,1008,1000
127.508929567828,1008,1000
127.519582567828,1008,1000
127.528929567828,1008,1000
127.538929567828,1008,1000
127.54947591362,1008,1000
127.558929567828,1008,1000
127.568929573706,1008,1000
127.579964573706,1008,1000
127.588929573706,1008,1000
127.598929573706,1008,1000
127.60892957959,1008,1000
127.61950157959,1008,1000
127.62979857959,1008,1000
127.63892957959,1008,1000
127.649297254246,1008,1000
127.661044702644,1008,1000
127.668929585474,1008,1000
127.678929585474,1008,1000
127.688929585474,1008,1000
127.699275266014,1008,1000
127.708929591389,1008,1000
127.718929591389,1008,1000
127.731592714474,1008,1000
127.738929591389,1008,1000
127.748929591389,1008,1000
127.764028591389,1008,1000
127.769526335258,1008,1000
127.779960597304,1008,1000
127.788929597304,1008,1000
127.799243597304,1008,1000
127.808929603249,1008,1000
127.818929603249,1008,1000
127.828929603249,1008,1000
127.838929603249,1008,1000
127.850792726364,1008,1000
127.858929603249,1008,1000
127.868929609194,1008,1000
127.878929609194,1008,1000
127.891556726364,1008,1000
127.898929609194,1008,1000
127.908929615151,1008,1000
127.920783738278,1008,1000
127.928929615151,1008,1000
127.938929615151,1008,1000
127.951115738278,1008,1000
127.959243615151,1008,1000
127.968929621108,1008,1000
127.978929621108,1008,1000
127.988929621108,1008,1000
127.999591621108,1008,1000
128.008929627086,1008,1000
128.019842627086,1008,1000
128.03002789905,1008,1000
128.038929627086,1008,1000
128.048929627086,1008,1000
128.058959217559,1008,1000
128.068929633064,1008,1000
128.078929633064,1008,1000
128.0898193611,1008,1000
128.0992393611,1008,1000
128.108929639073,1008,1000
128.119600639073,1008,1000
128.128929639073,1008,1000
128.140855762252,1008,1000
128.148929639073,1008,1000
128.159134101123,1008,1000
128.169555645082,1008,1000
128.178929645082,1008,1000
128.188929645082,1008,1000
128.198929645082,1008,1000
128.2089296511,1008,1000
128.2189296511,1008,1000
128.2289296511,1008,1000
128.2389296511,1008,1000
128.249574260334,1008,1000
128.2589296511,1008,1000
128.270036657118,1008,1000
128.279271818849,1008,1000
128.288929657118,1008,1000
128.299942657118,1008,1000
128.308929663185,1008,1000
128.318929663185,1008,1000
128.329784663185,1008,1000
128.339450421253,1008,1000
128.350035428333,1008,1000
128.358929663185,1008,1000
128.36922142732,1008,1000
128.378929669252,1008,1000
128.388929669252,1008,1000
128.399279433387,1008,1000
128.408929675435,1008,1000
128.420160204718,1008,1000
128.428929675435,1008,1000
128.438929675435,1008,1000
128.449523675435,1008,1000
128.459748675435,1008,1000
128.468929681618,1008,1000
128.478929681618,1008,1000
128.489600987286,1008,1000
128.498929681618,1008,1000
128.508929687815,1008,1000
128.518929687815,1008,1000
128.5291264642,1008,1000
128.538929687815,1008,1000
128.549915687815,1008,1000
128.558929687815,1008,1000
128.569703694012,1008,1000
128.578929694012,1008,1000
128.588929694012,1008,1000
128.598929694012,1008,1000
128.608929700231,1008,1000
128.619392488996,1008,1000
128.628929700231,1008,1000
128.638929700231,1008,1000
128.648929700231,1008,1000
128.658929700231,1008,1000
128.66892970645,1008,1000
128.67892970645,1008,1000
128.68892970645,1008,1000
128.69892970645,1008,1000
128.70892971269,1008,1000
128.71958271269,1008,1000
128.72892971269,1008,1000
128.73892971269,1008,1000
128.74892971269,1008,1000
128.75892971269,1008,1000
128.76892971893,1008,1000
128.77892971893,1008,1000
128.791650939182,1008,1000
128.79976271893,1008,1000
128.808929725175,1008,1000
128.818929725175,1008,1000
128.828929725175,1008,1000
128.838929725175,1008,1000
128.849681725175,1008,1000
128.859742828257,1008,1000
128.8701355513,1008,1000
128.87952873142,1008,1000
128.88892973142,1008,1000
128.89892973142,1008,1000
128.908929737659,1008,1000
128.918929737659,1008,1000
128.931187861068,1008,1000
128.939585389909,1008,1000
128.948929737659,1008,1000
128.958929737659,1008,1000
128.968929743898,1008,1000
128.979715544525,1008,1000
128.988929743898,1008,1000
129.001467496069,1008,1000
129.008929750181,1008,1000
129.018929750181,1008,1000
129.029825750181,1008,1000
129.038929750181,1008,1000
129.049962395656,1008,1000
129.058929750181,1008,1000
129.069559378899,1008,1000
129.079636756464,1008,1000
129.088929756464,1008,1000
129.100085607595,1008,1000
129.111286886242,1008,1000
129.119286259374,1008,1000
129.128929762768,1008,1000
129.138929762768,1008,1000
129.149676762768,1008,1000
129.159603012921,1008,1000
129.170990886242,1008,1000
129.179243769072,1008,1000
129.19136110378,1008,1000
129.199847769072,1008,1000
129.209272186195,1008,1000
129.219514775377,1008,1000
129.229879775377,1008,1000
129.238929775377,1008,1000
129.248929775377,1008,1000
129.26556704758,1008,1000
129.27002789905,1008,1000
129.278929781682,1008,1000
129.288929781682,1008,1000
129.300243664316,1008,1000
129.309613787989,1008,1000
129.320918911466,1008,1000
129.329625936717,1008,1000
129.339238540643,1008,1000
129.349483787989,1008,1000
129.358929787989,1008,1000
129.370427559562,1008,1000
129.381499911466,1008,1000
129.388929794296,1008,1000
129.399852794296,1008,1000
129.408929800635,1008,1000
129.418929800635,1008,1000
129.428929800635,1008,1000
129.439670461147,1008,1000
129.448929800635,1008,1000
129.461576924144,1008,1000
129.47018970222,1008,1000
129.479541806974,1008,1000
129.489739806974,1008,1000
129.50002789905,1008,1000
129.508929813337,1008,1000
129.518929813337,1008,1000
129.528929813337,1008,1000
129.54118793687,1008,1000
129.549667813337,1008,1000
129.559162721261,1008,1000
129.569234629209,1008,1000
129.5800328197,1008,1000
129.5889298197,1008,1000
129.5989298197,1008,1000
129.612749949578,1008,1000
129.618929826054,1008,1000
129.628929826054,1008,1000
129.639981949578,1008,1000
129.651160949578,1008,1000
129.659176746704,1008,1000
129.670034844599,1008,1000
129.681983882936,1008,1000
129.688929832408,1008,1000
129.701593838692,1008,1000
129.70988688922,1008,1000
129.719243838692,1008,1000
129.729960838692,1008,1000
129.739383318575,1008,1000
129.748929838692,1008,1000
129.759627838692,1008,1000
129.768929844976,1008,1000
129.779246835146,1008,1000
129.788929844976,1008,1000
129.800315790666,1008,1000
129.811818974242,1008,1000
129.819505851024,1008,1000
129.833127974242,1008,1000
129.838929851024,1008,1000
129.849883851024,1008,1000
129.859766851024,1008,1000
129.870224748688,1008,1000
129.879874857072,1008,1000
129.889937857072,1008,1000
129.903486986356,1008,1000
129.912264930211,1008,1000
129.919270815103,1008,1000
129.930130815103,1008,1000
129.939485712767,1008,1000
129.950846986356,1008,1000
129.959783821151,1008,1000
129.970849325205,1008,1000
129.979505813041,1008,1000
129.992739956492,1008,1000
130.001961653053,1008,1000
130.011403998522,1008,1000
130.018977279312,1008,1000
130.02989979737,1008,1000
130.041683998522,1008,1000
130.048929875269,1008,1000
130.061001845405,1008,1000
130.069936535883,1008,1000
130.079243881352,1008,1000
130.088929881352,1008,1000
130.099151779672,1008,1000
130.109684110386,1008,1000
130.118929887466,1008,1000
130.13170701075,1008,1000
130.139224524299,1008,1000
130.149915887466,1008,1000
130.16520301075,1008,1000
130.16987489358,1008,1000
130.183389328316,1008,1000
130.18892989358,1008,1000
130.201818023012,1008,1000
130.208929899711,1008,1000
130.219374888127,1008,1000
130.229243899711,1008,1000
130.239324894241,1008,1000
130.249946217277,1008,1000
130.258929899711,1008,1000
130.269243905842,1008,1000
130.279897905842,1008,1000
130.289681905842,1008,1000
130.298929905842,1008,1000
130.30984791197,1008,1000
130.320338664579,1008,1000
130.32892991197,1008,1000
130.33892991197,1008,1000
130.349365918762,1008,1000
130.35993391197,1008,1000
130.369721918098,1008,1000
130.379297931018,1008,1000
130.390387683627,1008,1000
130.40146704756,1008,1000
130.409487924244,1008,1000
130.42139504756,1008,1000
130.429203937164,1008,1000
130.441747726132,1008,1000
130.449874924244,1008,1000
130.459648708821,1008,1000
130.46924393039,1008,1000
130.479442056215,1008,1000
130.48924393039,1008,1000
130.49969993039,1008,1000
130.509488615122,1008,1000
130.520157961744,1008,1000
130.52951093655,1008,1000
130.53981693655,1008,1000
130.549534242225,1008,1000
130.55892993655,1008,1000
130.56968194271,1008,1000
130.57971294271,1008,1000
130.592280166234,1008,1000
130.59892994271,1008,1000
130.61158107223,1008,1000
130.62096407223,1008,1000
130.628929948885,1008,1000
130.639748948885,1008,1000
130.648929948885,1008,1000
130.658929948885,1008,1000
130.67032595506,1008,1000
130.67892995506,1008,1000
130.69104507223,1008,1000
130.69963695506,1008,1000
130.710325011091,1008,1000
130.720698961256,1008,1000
130.728929961256,1008,1000
130.740124799368,1008,1000
130.748929961256,1008,1000
130.758929961256,1008,1000
130.771611967452,1008,1000
130.779748079493,1008,1000
130.792778029658,1008,1000
130.798929967452,1008,1000
130.810195873976,1008,1000
130.818929973658,1008,1000
130.828929973658,1008,1000
130.839613973658,1008,1000
130.849620240491,1008,1000
130.858929973658,1008,1000
130.868929979864,1008,1000
130.87953795479,1008,1000
130.888929979864,1008,1000
130.899897979864,1008,1000
130.909501986073,1008,1000
130.921585109452,1008,1000
130.929516433261,1008,1000
130.938929986073,1008,1000
130.948929986073,1008,1000
130.958929986073,1008,1000
130.969123073096,1008,1000
130.980504289707,1008,1000
130.990223162663,1008,1000
130.998929992282,1008,1000
131.008929998526,1008,1000
131.018929998526,1008,1000
131.028929998526,1008,1000
131.038929998526,1008,1000
131.049909389183,1008,1000
131.059718262139,1008,1000
131.06980300477,1008,1000
131.08090112194,1008,1000
131.08893000477,1008,1000
131.09893000477,1008,1000
131.111800133888,1008,1000
131.119386500877,1008,1000
131.129603671915,1008,1000
131.140158116464,1008,1000
131.149700010744,1008,1000
131.159529010744,1008,1000
131.169529016718,1008,1000
131.179244016718,1008,1000
131.188930016718,1008,1000
131.199542016718,1008,1000
131.209653239977,1008,1000
131.218930022563,1008,1000
131.229902022563,1008,1000
131.241423022563,1008,1000
131.248930022563,1008,1000
131.259677022563,1008,1000
131.270046028408,1008,1000
131.283583145578,1008,1000
131.289821028408,1008,1000
131.299334151921,1008,1000
131.308930034278,1008,1000
131.32002789905,1008,1000
131.328930034278,1008,1000
131.340207163636,1008,1000
131.350167034278,1008,1000
131.359055163636,1008,1000
131.369646040148,1008,1000
131.383230063522,1008,1000
131.389420175376,1008,1000
131.398930040148,1008,1000
131.411155323294,1008,1000
131.424297451308,1008,1000
131.431693169094,1008,1000
131.445527046036,1008,1000
131.449830046036,1008,1000
131.458930046036,1008,1000
131.469785051924,1008,1000
131.482646746212,1008,1000
131.493566169094,1008,1000
131.499785051924,1008,1000
131.509475057819,1008,1000
131.519681204805,1008,1000
131.531458180884,1008,1000
131.541599219434,1008,1000
131.550847180884,1008,1000
131.559574057819,1008,1000
131.570936216588,1008,1000
131.581431180884,1008,1000
131.593200180884,1008,1000
131.599244063714,1008,1000
131.609637108188,1008,1000
131.626025486414,1008,1000
131.631341192732,1008,1000
131.638930069638,1008,1000
131.65150736332,1008,1000
131.66186336332,1008,1000
131.675152640814,1008,1000
131.678930075562,1008,1000
131.691633369244,1008,1000
131.699807075562,1008,1000
131.709857081493,1008,1000
131.719599252081,1008,1000
131.733942839445,1008,1000
131.744100529575,1008,1000
131.750474081493,1008,1000
131.758930081493,1008,1000
131.771121263936,1008,1000
131.779109269867,1008,1000
131.7898408976,1008,1000
131.804262033773,1008,1000
131.808930093378,1008,1000
131.822323216502,1008,1000
131.831000216502,1008,1000
131.841021458264,1008,1000
131.851143216502,1008,1000
131.859309091928,1008,1000
131.868930099332,1008,1000
131.87928529366,1008,1000
131.888930099332,1008,1000
131.8996966732,1008,1000
131.908930105294,1008,1000
131.920257105294,1008,1000
131.932312228426,1008,1000
131.939832623028,1008,1000
131.95002789905,1008,1000
131.961567105294,1008,1000
131.968930111256,1008,1000
131.980901228426,1008,1000
131.992417228426,1008,1000
132.000865240384,1008,1000
132.011009240384,1008,1000
132.019240323479,1008,1000
132.029790117235,1008,1000
132.038930117235,1008,1000
132.048930117235,1008,1000
132.059244117235,1008,1000
132.071572240384,1008,1000
132.108652252414,1008,1000
132.109456605778,1008,1000
132.110107959142,1008,1000
132.120339129229,1008,1000
132.132846252414,1008,1000
132.140758129229,1008,1000
132.149244129229,1008,1000
132.159244129229,1008,1000
132.172034252414,1008,1000
132.182585252414,1008,1000
132.192646718787,1008,1000
132.198930135244,1008,1000
132.210091371401,1008,1000
132.22004156414,1008,1000
132.232350141222,1008,1000
132.239244141222,1008,1000
132.249511141222,1008,1000
132.26242162969,1008,1000
132.2701191472,1008,1000
132.280068619551,1008,1000
132.28934781229,1008,1000
132.2999791472,1008,1000
132.311537641589,1008,1000
132.318930153054,1008,1000
132.334210276078,1008,1000
132.341193030134,1008,1000
132.350829276078,1008,1000
132.361503276078,1008,1000
132.371107276078,1008,1000
132.381215276078,1008,1000
132.390828158908,1008,1000
132.398930158908,1008,1000
132.411998307689,1008,1000
132.418930164807,1008,1000
132.431034541835,1008,1000
132.439244164807,1008,1000
132.449244164807,1008,1000
132.460080424665,1008,1000
132.469938170706,1008,1000
132.479784190519,1008,1000
132.488930170706,1008,1000
132.501971299698,1008,1000
132.510191176617,1008,1000
132.521019176617,1008,1000
132.530075702232,1008,1000
132.539879448273,1008,1000
132.552711299698,1008,1000
132.558930176617,1008,1000
132.569244182528,1008,1000
132.581625860743,1008,1000
132.594583299698,1008,1000
132.59948998571,1008,1000
132.615449737669,1008,1000
132.618930188446,1008,1000
132.63196760093,1008,1000
132.638930188446,1008,1000
132.649583188446,1008,1000
132.661018311534,1008,1000
132.668930194364,1008,1000
132.680991311534,1008,1000
132.693445311534,1008,1000
132.702683666445,1008,1000
132.711629323428,1008,1000
132.719515200311,1008,1000
132.728930200311,1008,1000
132.743596323428,1008,1000
132.753563747806,1008,1000
132.758930200311,1008,1000
132.769776206258,1008,1000
132.779244206258,1008,1000
132.794667747806,1008,1000
132.798930206258,1008,1000
132.815477636574,1008,1000
132.819244212196,1008,1000
132.828930212196,1008,1000
132.839001519404,1008,1000
132.848930212196,1008,1000
132.861963335304,1008,1000
132.868930218134,1008,1000
132.879222515827,1008,1000
132.890918218134,1008,1000
132.898930218134,1008,1000
132.90953822411,1008,1000
132.921593672316,1008,1000
132.931186810391,1008,1000
132.955219347256,1008,1000
132.955879795462,1008,1000
132.962290543194,1008,1000
132.971576347256,1008,1000
132.980370003352,1008,1000
132.991891347256,1008,1000
133.002102607534,1008,1000
133.010311236053,1008,1000
133.02105435919,1008,1000
133.031620866992,1008,1000
133.038930236053,1008,1000
133.05266935919,1008,1000
133.062390684259,1008,1000
133.070230490364,1008,1000
133.084159039163,1008,1000
133.08893024202,1008,1000
133.101630371198,1008,1000
133.108930248024,1008,1000
133.12386519232,1008,1000
133.130427248024,1008,1000
133.144812839338,1008,1000
133.149882927997,1008,1000
133.160006248024,1008,1000
133.171134726176,1008,1000
133.179578254028,1008,1000
133.203203608998,1008,1000
133.204583081146,1008,1000
133.208930260024,1008,1000
133.220197288971,1008,1000
133.231427093138,1008,1000
133.238930260024,1008,1000
133.25148538319,1008,1000
133.26143138319,1008,1000
133.27001026602,1008,1000
133.27893026602,1008,1000
133.296730655941,1008,1000
133.299518975968,1008,1000
133.308930272041,1008,1000
133.324234264405,1008,1000
133.329789272041,1008,1000
133.341935639011,1008,1000
133.348930272041,1008,1000
133.358930272041,1008,1000
133.371951845141,1008,1000
133.382574147235,1008,1000
133.391426147235,1008,1000
133.399113048613,1008,1000
133.409677284104,1008,1000
133.419618279544,1008,1000
133.428930284104,1008,1000
133.439502284104,1008,1000
133.449781284104,1008,1000
133.461377407316,1008,1000
133.470434290146,1008,1000
133.482058407316,1008,1000
133.489659290146,1008,1000
133.500856296195,1008,1000
133.512272816559,1008,1000
133.519213681249,1008,1000
133.530104296195,1008,1000
133.542444419414,1008,1000
133.549551296195,1008,1000
133.559641296195,1008,1000
133.568930302244,1008,1000
133.582403939778,1008,1000
133.590483302244,1008,1000
133.600769705451,1008,1000
133.609861308306,1008,1000
133.619628308306,1008,1000
133.631107431538,1008,1000
133.639511308306,1008,1000
133.652569361158,1008,1000
133.665024776476,1008,1000
133.673450120769,1008,1000
133.680103723624,1008,1000
133.689542314368,1008,1000
133.701884385391,1008,1000
133.708965110753,1008,1000
133.731728897119,1008,1000
133.734082441701,1008,1000
133.747632881561,1008,1000
133.751009443632,1008,1000
133.777415443632,1008,1000
133.782946532796,1008,1000
133.784215077378,1008,1000
133.790497326462,1008,1000
133.799952326462,1008,1000
133.81379801189,1008,1000
133.82708845547,1008,1000
133.836155639695,1008,1000
133.84084745547,1008,1000
133.849458421545,1008,1000
133.861549759793,1008,1000
133.874875322132,1008,1000
133.88098245547,1008,1000
133.89994845547,1008,1000
133.90511716031,1008,1000
133.908903472617,1008,1000
133.91893034423,1008,1000
133.92893034423,1008,1000
133.939614210892,1008,1000
133.94893034423,1008,1000
133.95893034423,1008,1000
133.97184947486,1008,1000
133.98195446733,1008,1000
133.99033035016,1008,1000
134.0172544792,1008,1000
134.01860905935,1008,1000
134.02268205935,1008,1000
134.029713356095,1008,1000
134.043503931905,1008,1000
134.049911356095,1008,1000
134.062179387355,1008,1000
134.071733938517,1008,1000
134.07924436203,1008,1000
134.09334352233,1008,1000
134.119758491102,1008,1000
134.122565675206,1008,1000
134.140271856286,1008,1000
134.161890491102,1008,1000
134.163353083154,1008,1000
134.163968675206,1008,1000
134.174002558036,1008,1000
134.179861373932,1008,1000
134.191854150088,1008,1000
134.199475373932,1008,1000
134.217837113302,1008,1000
134.221521503058,1008,1000
134.22924437991,1008,1000
134.261161503058,1008,1000
134.261786107066,1008,1000
134.262401711074,1008,1000
134.273924107066,1008,1000
134.284893385888,1008,1000
134.289244385888,1008,1000
134.301674515008,1008,1000
134.308930391863,1008,1000
134.319244391863,1008,1000
134.329244391863,1008,1000
134.344100995871,1008,1000
134.357981746924,1008,1000
134.362031391863,1008,1000
134.371647515008,1008,1000
134.379871397838,1008,1000
134.393304130966,1008,1000
134.400345752933,1008,1000
134.408930403847,1008,1000
134.423909635763,1008,1000
134.438221263739,1008,1000
134.439244403847,1008,1000
134.454232530611,1008,1000
134.477353718677,1008,1000
134.477987346653,1008,1000
134.478955124457,1008,1000
134.489451527026,1008,1000
134.5053971968,1008,1000
134.513890415861,1008,1000
134.523379419446,1008,1000
134.530144415861,1008,1000
134.543107539036,1008,1000
134.57206509898,1008,1000
134.572608738966,1008,1000
134.579677421866,1008,1000
134.604710498069,1008,1000
134.605389150103,1008,1000
134.61003342789,1008,1000
134.622894079924,1008,1000
134.631956999882,1008,1000
134.639436987834,1008,1000
134.65136042789,1008,1000
134.661981551084,1008,1000
134.671041433914,1008,1000
134.689033614788,1008,1000
134.696851203118,1008,1000
134.705000226694,1008,1000
134.708930439808,1008,1000
134.718930439808,1008,1000
134.731152562872,1008,1000
134.740814974672,1008,1000
134.751016503512,1008,1000
134.764021562872,1008,1000
134.769244445702,1008,1000
134.778930445702,1008,1000
134.788926099583,1008,1000
134.800140445702,1008,1000
134.813505093099,1008,1000
134.821750055851,1008,1000
134.852123574246,1008,1000
134.858946249442,1008,1000
134.866199249442,1008,1000
134.869916924638,1008,1000
134.870613599834,1008,1000
134.879520457076,1008,1000
134.888930457076,1008,1000
134.908646727592,1008,1000
134.90944241422,1008,1000
134.945801585678,1008,1000
134.946408272306,1008,1000
134.95299014942,1008,1000
134.96011017333,1008,1000
134.971608585678,1008,1000
134.979180670306,1008,1000
134.991440585678,1008,1000
135.008559474225,1008,1000
135.02483680929,1008,1000
135.025952507352,1008,1000
135.034122748505,1008,1000
135.038930474225,1008,1000
135.048930474225,1008,1000
135.062873106051,1008,1000
135.069847479942,1008,1000
135.083783055117,1008,1000
135.101397093984,1008,1000
135.109812335137,1008,1000
135.112535044679,1008,1000
135.122265630133,1008,1000
135.133467608592,1008,1000
135.154723641749,1008,1000
135.166719608592,1008,1000
135.168943318134,1008,1000
135.179631737218,1008,1000
135.193374608592,1008,1000
135.194733318134,1008,1000
135.199874491422,1008,1000
135.213311497157,1008,1000
135.225726660193,1008,1000
135.229244882737,1008,1000
135.240369625783,1008,1000
135.257893916241,1008,1000
135.287025100999,1008,1000
135.293574620062,1008,1000
135.295176341074,1008,1000
135.304495364106,1008,1000
135.314122235383,1008,1000
135.323258364106,1008,1000
135.33174750865,1008,1000
135.339507486538,1008,1000
135.368016631578,1008,1000
135.371557631578,1008,1000
135.374001364106,1008,1000
135.380865631578,1008,1000
135.395459979464,1008,1000
135.401422643172,1008,1000
135.416832387294,1008,1000
135.418930520205,1008,1000
135.435641520205,1008,1000
135.452214643172,1008,1000
135.452965387294,1008,1000
135.458930520205,1008,1000
135.481854643172,1008,1000
135.483339387294,1008,1000
135.489943526002,1008,1000
135.529597166276,1008,1000
135.530928654792,1008,1000
135.535623166276,1008,1000
135.540261531812,1008,1000
135.559556799038,1008,1000
135.565971310522,1008,1000
135.573217271252,1008,1000
135.594619057618,1008,1000
135.599689324844,1008,1000
135.607712054901,1008,1000
135.628916931921,1008,1000
135.638009954889,1008,1000
135.652540327037,1008,1000
135.653264094369,1008,1000
135.666980457727,1008,1000
135.667695225059,1008,1000
135.677298799861,1008,1000
135.681837316544,1008,1000
135.712924389691,1008,1000
135.724947505547,1008,1000
135.746152179331,1008,1000
135.760355456978,1008,1000
135.76675279387,1008,1000
135.769971572834,1008,1000
135.773778130762,1008,1000
135.776518909726,1008,1000
135.801702689716,1008,1000
135.811413689716,1008,1000
135.814370480382,1008,1000
135.817102271048,1008,1000
135.819244566695,1008,1000
135.844489263883,1008,1000
135.845794054549,1008,1000
135.863300689716,1008,1000
135.865423566695,1008,1000
135.870798572546,1008,1000
135.881476689716,1008,1000
135.894777572546,1008,1000
135.950256713234,1008,1000
135.951444515598,1008,1000
135.953758317962,1008,1000
135.956567120326,1008,1000
136.026780784965,1008,1000
136.029917599053,1008,1000
136.042606613746,1008,1000
136.04556605601,1008,1000
136.077578713138,1008,1000
136.116637724918,1008,1000
136.133457724918,1008,1000
136.135014550786,1008,1000
136.140465202522,1008,1000
136.14102702839,1008,1000
136.141597854258,1008,1000
136.163572724918,1008,1000
136.176440724918,1008,1000
136.178992550786,1008,1000
136.179788376654,1008,1000
136.18231202839,1008,1000
136.188400680126,1008,1000
136.194933550786,1008,1000
136.212091232077,1008,1000
136.212734069767,1008,1000
136.219411220603,1008,1000
136.241281895983,1008,1000
136.255787922123,1008,1000
136.258185759813,1008,1000
136.259841597503,1008,1000
136.315713460089,1008,1000
136.322656984951,1008,1000
136.326827683915,1008,1000
136.331137382879,1008,1000
136.333054232361,1008,1000
136.333724081843,1008,1000
136.346121677893,1008,1000
136.354058598014,1008,1000
136.379922056751,1008,1000
136.389274906233,1008,1000
136.398510416227,1008,1000
136.404939820091,1008,1000
136.417805882732,1008,1000
136.42211448678,1008,1000
136.459863653455,1008,1000
136.462721514809,1008,1000
136.464116376163,1008,1000
136.469979643234,1008,1000
136.483543765562,1008,1000
136.489965643234,1008,1000
136.50096477231,1008,1000
136.514566649187,1008,1000
136.523189649187,1008,1000
136.534388268967,1008,1000
136.541805393371,1008,1000
136.552791759671,1008,1000
136.561575393371,1008,1000
136.597527405277,1008,1000
136.617237784182,1008,1000
136.617979669314,1008,1000
136.628171418701,1008,1000
136.631097303833,1008,1000
136.635404188965,1008,1000
136.664678784182,1008,1000
136.665222669314,1008,1000
136.665838554446,1008,1000
136.670891667012,1008,1000
136.687562667012,1008,1000
136.7169557959,1008,1000
136.71815269275,1008,1000
136.72216548645,1008,1000
136.741638440833,1008,1000
136.7518637959,1008,1000
136.75703069275,1008,1000
136.759664672871,1008,1000
136.77310957558,1008,1000
136.78089267873,1008,1000
136.797103030384,1008,1000
136.79955667873,1008,1000
136.810551684582,1008,1000
136.824667259664,1008,1000
136.83144476371,1008,1000
136.839848684582,1008,1000
136.850181464262,1008,1000
136.864849807604,1008,1000
136.894004716158,1008,1000
136.894548624712,1008,1000
136.901515560967,1008,1000
136.927519230993,1008,1000
136.930315151293,1008,1000
136.936194071593,1008,1000
136.940834487691,1008,1000
136.950329696307,1008,1000
136.98610173965,1008,1000
136.997538113823,1008,1000
136.998253034123,1008,1000
137.015333824358,1008,1000
137.030230552494,1008,1000
137.03813628063,1008,1000
137.068755831084,1008,1000
137.074161695152,1008,1000
137.099291423288,1008,1000
137.102953304963,1008,1000
137.131613786594,1008,1000
137.135276674138,1008,1000
137.137660561682,1008,1000
137.139865505454,1008,1000
137.141881449226,1008,1000
137.160701447919,1008,1000
137.193316786594,1008,1000
137.209628854612,1008,1000
137.224349281723,1008,1000
137.239540148409,1008,1000
137.248860015095,1008,1000
137.251798970657,1008,1000
137.255305926219,1008,1000
137.271273562863,1008,1000
137.272974518425,1008,1000
137.279244737442,1008,1000
137.295167515252,1008,1000
137.354207549084,1008,1000
137.365056866404,1008,1000
137.366433833758,1008,1000
137.366995801112,1008,1000
137.396322637882,1008,1000
137.398231605236,1008,1000
137.409758557758,1008,1000
137.414464495448,1008,1000
137.417784433138,1008,1000
137.421919412368,1008,1000
137.444230591942,1008,1000
137.48926885751,1008,1000
137.48999283674,1008,1000
137.498467274428,1008,1000
137.501527250741,1008,1000
137.521368890182,1008,1000
137.524400872446,1008,1000
137.55701015698,1008,1000
137.559120139244,1008,1000
137.578026881314,1008,1000
137.590273863578,1008,1000
137.594084845842,1008,1000
137.604850902064,1008,1000
137.629094028015,1008,1000
137.629782031029,1008,1000
137.631287010279,1008,1000
137.648376013293,1008,1000
137.686745902064,1008,1000
137.71001192603,1008,1000
137.711672940954,1008,1000
137.742383045422,1008,1000
137.74579307527,1008,1000
137.748577120042,1008,1000
137.753140164814,1008,1000
137.77378197367,1008,1000
137.774550988594,1008,1000
137.78959788348,1008,1000
137.797377913328,1008,1000
137.829695976004,1008,1000
137.83100992591,1008,1000
137.83246795277,1008,1000
137.83627400649,1008,1000
137.851007901264,1008,1000
137.851623928124,1008,1000
137.867884787202,1008,1000
137.87894211391,1008,1000
137.87967514077,1008,1000
137.89942127507,1008,1000
137.925128870669,1008,1000
137.926869897529,1008,1000
137.964944149025,1008,1000
137.9913329379,1008,1000
138.019747051672,1008,1000
138.040438204294,1008,1000
138.043566255168,1008,1000
138.045105306042,1008,1000
138.046671356916,1008,1000
138.068278560412,1008,1000
138.071046611286,1008,1000
138.07233366216,1008,1000
138.097673949924,1008,1000
138.099087000798,1008,1000
138.124646347499,1008,1000
138.152160024818,1008,1000
138.156373087702,1008,1000
138.157178150586,1008,1000
138.181928087702,1008,1000
138.223850369398,1008,1000
138.24082466919,1008,1000
138.242300744138,1008,1000
138.247299894034,1008,1000
138.280066493618,1008,1000
138.307635880428,1008,1000
138.336459141482,1008,1000
138.3406542285,1008,1000
138.341815315518,1008,1000
138.343642402536,1008,1000
138.347967576572,1008,1000
138.34870966359,1008,1000
138.363623607327,1008,1000
138.430399002752,1008,1000
138.443663300034,1008,1000
138.444468399128,1008,1000
138.480154795504,1008,1000
138.480725894598,1008,1000
138.557386010238,1008,1000
138.582950010238,1008,1000
138.584359121426,1008,1000
138.591351010238,1008,1000
138.625381145754,1008,1000
138.628667269106,1008,1000
138.630089392458,1008,1000
138.652339022402,1008,1000
138.67405051581,1008,1000
138.686662762514,1008,1000
138.688084885866,1008,1000
138.743816170014,1008,1000
138.768381034532,1008,1000
138.769096170014,1008,1000
138.769865305496,1008,1000
138.806101865679,1008,1000
138.813917456287,1008,1000
138.823462046895,1008,1000
138.855187080459,1008,1000
138.859139228111,1008,1000
138.865859375763,1008,1000
138.881328966371,1008,1000
138.900069409327,1008,1000
138.913041528193,1008,1000
138.913756688031,1008,1000
138.916043847869,1008,1000
138.954968446249,1008,1000
138.980669724953,1008,1000
138.983365884791,1008,1000
138.999101364305,1008,1000
139.021664218359,1008,1000
139.022834390389,1008,1000
139.032760422569,1008,1000
139.077663255403,1008,1000
139.099570759694,1008,1000
139.100150931724,1008,1000
139.111203940145,1008,1000
139.124876468479,1008,1000
139.2198549301,1008,1000
139.324507968571,1008,1000
139.326965386095,1008,1000
139.328144594857,1008,1000
139.371189112594,1008,1000
139.386171642639,1008,1000
139.386886851401,1008,1000
139.424718692617,1008,1000
139.462194124695,1008,1000
139.462783345793,1008,1000
139.471331888724,1008,1000
139.507179699411,1008,1000
139.516390399653,1008,1000
139.54513299881,1008,1000
139.57190916588,1008,1000
139.572588399294,1008,1000
139.61371118065,1008,1000
139.648703655186,1008,1000
139.659317900942,1008,1000
139.67764163821,1008,1000
139.706595317032,1008,1000
139.729812833316,1008,1000
139.748605018745,1008,1000
139.770696284683,1008,1000
139.771483542825,1008,1000
139.810224238636,1008,1000
139.830921591406,1008,1000
139.872225673622,1008,1000
139.872940944176,1008,1000
139.95791891541,1008,1000
139.974057034754,1008,1000
140.055767098877,1008,1000
140.059755394271,1008,1000
140.092977462029,1008,1000
140.118447071519,1008,1000
140.154064464911,1008,1000
140.205579952671,1008,1000
140.27002789905,1008,1000
140.289816116677,1008,1000
140.333806067919,1008,1000
140.338427733451,1008,1000
140.400548956989,1008,1000
140.455579502317,1008,1000
140.499452196102,1008,1000
140.501626547604,1008,1000
140.597751240955,1008,1000
140.607567975308,1008,1000
140.608229345624,1008,1000
140.647865182575,1008,1000
140.769469975406,1008,1000
140.798554415407,1008,1000
140.799242798265,1008,1000
140.943272634469,1008,1000
140.943835042435,1008,1000
141.094458951289,1008,1000
141.119569750207,1008,1000
141.231381282689,1008,1000
141.373961943522,1008,1000
141.378905401978,1008,1000
141.419669190742,1008,1000
141.46228607527,1008,1000
141.607190188141,1008,1000
141.631396677857,1008,1000
141.85506641886,1008,1000
142.004447693139,1008,1000
142.147713321331,1008,1000
142.149360881671,1008,1000
142.345358185242,1008,1000
142.396421654024,1008,1000
142.438876354304,1008,1000
143.010096518509,1008,1000
143.011300904211,1008,1000
143.011988289913,1008,1000
143.018939403513,1008,1000
143.037544403513,1008,1000
143.048693786395,1008,1000
143.052307284752,1008,1000
143.058939403513,1008,1000
143.069667396382,1008,1000
143.082043284752,1008,1000
143.089658396382,1008,1000
143.102616270506,1008,1000
143.109700389259,1008,1000
143.122184270506,1008,1000
143.129505389259,1008,1000
143.139709160459,1008,1000
143.149244160459,1008,1000
143.158930160459,1008,1000
143.169623153336,1008,1000
143.175337626986,1008,1000
143.178930153336,1008,1000
143.188930153336,1008,1000
143.202207669959,1008,1000
143.2089301462,1008,1000
143.2199741462,1008,1000
143.22579335482,1008,1000
143.2296551462,1008,1000
143.242417256234,1008,1000
143.2489301462,1008,1000
143.261572256234,1008,1000
143.268930139064,1008,1000
143.279713139064,1008,1000
143.29378623765,1008,1000
143.300285131928,1008,1000
143.309244131928,1008,1000
143.328930131928,1008,1000
143.339493131928,1008,1000
143.340838241962,1008,1000
143.348930131928,1008,1000
143.359880131928,1008,1000
143.36960935767,1008,1000
143.378930124792,1008,1000
143.396567241962,1008,1000
143.399070708411,1008,1000
143.41094622773,1008,1000
143.421931446356,1008,1000
143.429348350554,1008,1000
143.440789117676,1008,1000
143.45137722773,1008,1000
143.460293117676,1008,1000
143.47604611056,1008,1000
143.48199822773,1008,1000
143.500546103436,1008,1000
143.505852592293,1008,1000
143.511639213482,1008,1000
143.512317527914,1008,1000
143.519244103436,1008,1000
143.534649213482,1008,1000
143.536394527914,1008,1000
143.538930103436,1008,1000
143.542638047851,1008,1000
143.543271775639,1008,1000
143.549244103436,1008,1000
143.559983103436,1008,1000
143.57151661513,1008,1000
143.573430065222,1008,1000
143.583721725176,1008,1000
143.588529546778,1008,1000
143.591233213482,1008,1000
143.599244096312,1008,1000
143.608930089201,1008,1000
143.62183619926,1008,1000
143.631485293587,1008,1000
143.641130168329,1008,1000
143.649862089201,1008,1000
143.666575403633,1008,1000
143.668338703843,1008,1000
143.669116004053,1008,1000
143.67999208209,1008,1000
143.700425074963,1008,1000
143.708930074963,1008,1000
143.710467147696,1008,1000
143.719186265114,1008,1000
143.729077655213,1008,1000
143.729728941169,1008,1000
143.733134408974,1008,1000
143.739547074963,1008,1000
143.758605258003,1008,1000
143.759247543959,1008,1000
143.769776243749,1008,1000
143.780946185006,1008,1000
143.800192109955,1008,1000
143.80980306073,1008,1000
143.810355332474,1008,1000
143.81893006073,1008,1000
143.828917718227,1008,1000
143.835319261715,1008,1000
143.840234405429,1008,1000
143.84893006073,1008,1000
143.861314170794,1008,1000
143.872205442538,1008,1000
143.882548170794,1008,1000
143.889970053624,1008,1000
143.899825144545,1008,1000
143.911404156554,1008,1000
143.921512156554,1008,1000
143.930167046504,1008,1000
143.940964156554,1008,1000
143.950864046504,1008,1000
143.959196253712,1008,1000
143.969829284879,1008,1000
143.980275039384,1008,1000
143.989244039384,1008,1000
144.000973142374,1008,1000
144.026578142374,1008,1000
144.027382385698,1008,1000
144.030037032294,1008,1000
144.039288418123,1008,1000
144.049689172628,1008,1000
144.053650904895,1008,1000
144.058930032294,1008,1000
144.069244025204,1008,1000
144.080862268528,1008,1000
144.090152025204,1008,1000
144.100284151356,1008,1000
144.109844018112,1008,1000
144.121588018112,1008,1000
144.14130512819,1008,1000
144.14203735733,1008,1000
144.15081112819,1008,1000
144.160300144266,1008,1000
144.170261263326,1008,1000
144.194008130082,1008,1000
144.194825359222,1008,1000
144.199093143305,1008,1000
144.209244003907,1008,1000
144.218930003907,1008,1000
144.230227249123,1008,1000
144.239666368183,1008,1000
144.248930003907,1008,1000
144.258930003907,1008,1000
144.268929996794,1008,1000
144.279789996794,1008,1000
144.29393154015,1008,1000
144.299533346867,1008,1000
144.311558099806,1008,1000
144.324718099204,1008,1000
144.329775989715,1008,1000
144.341629099806,1008,1000
144.350167087459,1008,1000
144.361846099806,1008,1000
144.369640982636,1008,1000
144.381143099806,1008,1000
144.390164087988,1008,1000
144.400212066209,1008,1000
144.410175975544,1008,1000
144.420202163953,1008,1000
144.429964975544,1008,1000
144.438929975544,1008,1000
144.449243975544,1008,1000
144.459497164482,1008,1000
144.470504135611,1008,1000
144.483476085622,1008,1000
144.489571233355,1008,1000
144.499226044946,1008,1000
144.508929961356,1008,1000
144.518929961356,1008,1000
144.528929961356,1008,1000
144.539936197917,1008,1000
144.549631961356,1008,1000
144.560881961356,1008,1000
144.56892995426,1008,1000
144.57892995426,1008,1000
144.58892995426,1008,1000
144.59988895426,1008,1000
144.609206246044,1008,1000
144.618929947177,1008,1000
144.632150009483,1008,1000
144.638929947177,1008,1000
144.648929947177,1008,1000
144.661621057264,1008,1000
144.671647153518,1008,1000
144.681620057264,1008,1000
144.689798940094,1008,1000
144.698929940094,1008,1000
144.708929932997,1008,1000
144.719955932997,1008,1000
144.730377370094,1008,1000
144.744509187465,1008,1000
144.749243932997,1008,1000
144.759869974041,1008,1000
144.7689299259,1008,1000
144.7789299259,1008,1000
144.789360959847,1008,1000
144.799836396944,1008,1000
144.810124620098,1008,1000
144.818929918828,1008,1000
144.829256993819,1008,1000
144.838929918828,1008,1000
144.850927918828,1008,1000
144.858929918828,1008,1000
144.871446028926,1008,1000
144.879619632804,1008,1000
144.890257911756,1008,1000
144.898929911756,1008,1000
144.908929904694,1008,1000
144.919807904694,1008,1000
144.928929904694,1008,1000
144.938929904694,1008,1000
144.950846904694,1008,1000
144.9603789174,1008,1000
144.969883897632,1008,1000
144.979874897632,1008,1000
144.990184903276,1008,1000
144.998929897632,1008,1000
145.008929890576,1008,1000
145.04450900069,1008,1000
145.04638010233,1008,1000
145.04704020397,1008,1000
145.049324889158,1008,1000
145.06110700069,1008,1000
145.06948788352,1008,1000
145.07992888352,1008,1000
145.089464581635,1008,1000
145.101017986524,1008,1000
145.110121876437,1008,1000
145.118929876437,1008,1000
145.129243876437,1008,1000
145.140214962547,1008,1000
145.149270860907,1008,1000
145.164027986524,1008,1000
145.169888869354,1008,1000
145.179418846741,1008,1000
145.188929869354,1008,1000
145.201358972414,1008,1000
145.211017972414,1008,1000
145.218929862299,1008,1000
145.229243862299,1008,1000
145.240792972414,1008,1000
145.250936862299,1008,1000
145.259453344291,1008,1000
145.269243855244,1008,1000
145.279602264577,1008,1000
145.288929855244,1008,1000
145.299633266915,1008,1000
145.308929848195,1008,1000
145.318929848195,1008,1000
145.328929848195,1008,1000
145.338929848195,1008,1000
145.348929848195,1008,1000
145.358929848195,1008,1000
145.368929841146,1008,1000
145.378929841146,1008,1000
145.388929841146,1008,1000
145.399744841146,1008,1000
145.409870834095,1008,1000
145.418929834095,1008,1000
145.430234834095,1008,1000
145.438929834095,1008,1000
145.448929834095,1008,1000
145.461647834095,1008,1000
145.46920376914,1008,1000
145.479095762089,1008,1000
145.491553944214,1008,1000
145.501547755018,1008,1000
145.509559819973,1008,1000
145.518929819973,1008,1000
145.528929819973,1008,1000
145.538929819973,1008,1000
145.550741361193,1008,1000
145.559546819973,1008,1000
145.568929812902,1008,1000
145.578929812902,1008,1000
145.588929812902,1008,1000
145.600275805841,1008,1000
145.609502857272,1008,1000
145.620047267984,1008,1000
145.628929805841,1008,1000
145.638929805841,1008,1000
145.648929805841,1008,1000
145.659969805841,1008,1000
145.67112491595,1008,1000
145.67892979878,1008,1000
145.689308167714,1008,1000
145.69892979878,1008,1000
145.709829791728,1008,1000
145.719667791728,1008,1000
145.729392698519,1008,1000
145.740846901846,1008,1000
145.748929791728,1008,1000
145.761736901846,1008,1000
145.768929784676,1008,1000
145.779216677354,1008,1000
145.788929784676,1008,1000
145.798929784676,1008,1000
145.808929777647,1008,1000
145.818929777647,1008,1000
145.829243777647,1008,1000
145.838929777647,1008,1000
145.849748777647,1008,1000
145.858929777647,1008,1000
145.868929770618,1008,1000
145.878929770618,1008,1000
145.889613770618,1008,1000
145.901187873752,1008,1000
145.9089297636,1008,1000
145.919171642197,1008,1000
145.9297087636,1008,1000
145.9389297636,1008,1000
145.9499787636,1008,1000
145.9589297636,1008,1000
145.973806731284,1008,1000
145.979879756582,1008,1000
145.988929756582,1008,1000
145.998929756582,1008,1000
146.008929749564,1008,1000
146.019356614114,1008,1000
146.028929749564,1008,1000
146.039609749564,1008,1000
146.049275607096,1008,1000
146.058929749564,1008,1000
146.068929742546,1008,1000
146.078929742546,1008,1000
146.088929742546,1008,1000
146.098929742546,1008,1000
146.110289735513,1008,1000
146.118929735513,1008,1000
146.128929735513,1008,1000
146.138929735513,1008,1000
146.148929735513,1008,1000
146.160140500341,1008,1000
146.16962772848,1008,1000
146.18086484565,1008,1000
146.18892972848,1008,1000
146.19892972848,1008,1000
146.209937721478,1008,1000
146.218929721478,1008,1000
146.229410322769,1008,1000
146.239978721478,1008,1000
146.248929721478,1008,1000
146.258929721478,1008,1000
146.268929714476,1008,1000
146.279945536904,1008,1000
146.288929714476,1008,1000
146.298929714476,1008,1000
146.309194529886,1008,1000
146.318929707458,1008,1000
146.328929707458,1008,1000
146.34341281761,1008,1000
146.349206345312,1008,1000
146.363348626018,1008,1000
146.36892970044,1008,1000
146.37892970044,1008,1000
146.389904056708,1008,1000
146.39892970044,1008,1000
146.409838693449,1008,1000
146.419474693449,1008,1000
146.429689501857,1008,1000
146.439636693449,1008,1000
146.449870693449,1008,1000
146.459272851107,1008,1000
146.468929686458,1008,1000
146.480103480857,1008,1000
146.488929686458,1008,1000
146.498929686458,1008,1000
146.509645679453,1008,1000
146.519185473852,1008,1000
146.528934089053,1008,1000
146.538934089053,1008,1000
146.549903670859,1008,1000
146.561952789618,1008,1000
146.568934082048,1008,1000
146.578934082048,1008,1000
146.588934082048,1008,1000
146.598934082048,1008,1000
146.608934075066,1008,1000
146.621241723478,1008,1000
146.629248075066,1008,1000
146.638947873375,1008,1000
146.649802665466,1008,1000
146.658929665466,1008,1000
146.669117841482,1008,1000
146.680837775654,1008,1000
146.689378606308,1008,1000
146.698929658484,1008,1000
146.708929651498,1008,1000
146.719081417914,1008,1000
146.728929651498,1008,1000
146.739739651498,1008,1000
146.748929651498,1008,1000
146.75942523536,1008,1000
146.769555644512,1008,1000
146.778929644512,1008,1000
146.788929644512,1008,1000
146.798929644512,1008,1000
146.811412747694,1008,1000
146.818929637518,1008,1000
146.828929637518,1008,1000
146.838929637518,1008,1000
146.848929637518,1008,1000
146.859924637518,1008,1000
146.868929630524,1008,1000
146.879243630524,1008,1000
146.888929630524,1008,1000
146.899975136082,1008,1000
146.909726623538,1008,1000
146.918929623538,1008,1000
146.929284362006,1008,1000
146.941322733722,1008,1000
146.948929623538,1008,1000
146.958929623538,1008,1000
146.969406853584,1008,1000
146.979064587071,1008,1000
146.988929616552,1008,1000
147.000036616552,1008,1000
147.01190644425,1008,1000
147.02002789905,1008,1000
147.028929609578,1008,1000
147.038929609578,1008,1000
147.048929609578,1008,1000
147.058929609578,1008,1000
147.069414320106,1008,1000
147.078929602604,1008,1000
147.090114382561,1008,1000
147.098929602604,1008,1000
147.108948581748,1008,1000
147.11892959566,1008,1000
147.131304705886,1008,1000
147.140288689151,1008,1000
147.14892959566,1008,1000
147.159330079171,1008,1000
147.168929588716,1008,1000
147.178929588716,1008,1000
147.189883588716,1008,1000
147.199243588716,1008,1000
147.211295692012,1008,1000
147.218929581779,1008,1000
147.229556568736,1008,1000
147.239690581779,1008,1000
147.248929581779,1008,1000
147.26002789905,1008,1000
147.269852574842,1008,1000
147.279243574842,1008,1000
147.289568574842,1008,1000
147.298929574842,1008,1000
147.308929567891,1008,1000
147.318929567891,1008,1000
147.33091867811,1008,1000
147.339194243683,1008,1000
147.348929567891,1008,1000
147.358929567891,1008,1000
147.369173774025,1008,1000
147.37981656094,1008,1000
147.38892956094,1008,1000
147.39892956094,1008,1000
147.408929553995,1008,1000
147.418929553995,1008,1000
147.428929553995,1008,1000
147.44277666422,1008,1000
147.449626215885,1008,1000
147.459600553995,1008,1000
147.46892954705,1008,1000
147.47892954705,1008,1000
147.48892954705,1008,1000
147.49964954705,1008,1000
147.509243540099,1008,1000
147.520900540099,1008,1000
147.528929540099,1008,1000
147.538929540099,1008,1000
147.548929540099,1008,1000
147.558929540099,1008,1000
147.568929533148,1008,1000
147.578929533148,1008,1000
147.591718650318,1008,1000
147.598929533148,1008,1000
147.609487526208,1008,1000
147.618929526208,1008,1000
147.629852526208,1008,1000
147.638929526208,1008,1000
147.649627526208,1008,1000
147.659243526208,1008,1000
147.668929519268,1008,1000
147.679991519268,1008,1000
147.688929519268,1008,1000
147.699817883814,1008,1000
147.70985651233,1008,1000
147.719905714988,1008,1000
147.72892951233,1008,1000
147.73892951233,1008,1000
147.749414132548,1008,1000
147.75980251233,1008,1000
147.769258490156,1008,1000
147.779342118672,1008,1000
147.78937332133,1008,1000
147.798929505392,1008,1000
147.808929498486,1008,1000
147.818929498486,1008,1000
147.831473821466,1008,1000
147.83937641208,1008,1000
147.849564498486,1008,1000
147.858929498486,1008,1000
147.87098160875,1008,1000
147.87892949158,1008,1000
147.88892949158,1008,1000
147.899574704296,1008,1000
147.908929484675,1008,1000
147.918929484675,1008,1000
147.928929484675,1008,1000
147.938929484675,1008,1000
147.950041848575,1008,1000
147.959546484675,1008,1000
147.96892947777,1008,1000
147.97892947777,1008,1000
147.98960447777,1008,1000
147.998931325375,1008,1000
148.008929470876,1008,1000
148.019396056501,1008,1000
148.028929470876,1008,1000
148.038929470876,1008,1000
148.048929470876,1008,1000
148.059843470876,1008,1000
148.069559463982,1008,1000
148.082825400012,1008,1000
148.088929463982,1008,1000
148.098929463982,1008,1000
148.10996402979,1008,1000
148.118929457074,1008,1000
148.1292120289,1008,1000
148.138940665496,1008,1000
148.151841567336,1008,1000
148.158929457074,1008,1000
148.169312656472,1008,1000
148.179386580906,1008,1000
148.188929450166,1008,1000
148.199874248302,1008,1000
148.208929443273,1008,1000
148.218929443273,1008,1000
148.228929443273,1008,1000
148.238929443273,1008,1000
148.250074125129,1008,1000
148.258929443273,1008,1000
148.269260785632,1008,1000
148.27999643638,1008,1000
148.28892943638,1008,1000
148.29892943638,1008,1000
148.30971405033,1008,1000
148.319406655574,1008,1000
148.328929429495,1008,1000
148.338929429495,1008,1000
148.349337966825,1008,1000
148.359874429495,1008,1000
148.36892942261,1008,1000
148.37907357389,1008,1000
148.38892942261,1008,1000
148.39892942261,1008,1000
148.408929415756,1008,1000
148.418929415756,1008,1000
148.429260946201,1008,1000
148.438929415756,1008,1000
148.448929415756,1008,1000
148.458929415756,1008,1000
148.468929408902,1008,1000
148.478929408902,1008,1000
148.488929408902,1008,1000
148.499726408902,1008,1000
148.508929402031,1008,1000
148.518929402031,1008,1000
148.530005402031,1008,1000
148.538929402031,1008,1000
148.548929402031,1008,1000
148.558929402031,1008,1000
148.568959905012,1008,1000
148.57892939516,1008,1000
148.58892939516,1008,1000
148.60095449866,1008,1000
148.608929388325,1008,1000
148.618929388325,1008,1000
148.628929388325,1008,1000
148.639317232955,1008,1000
148.648929388325,1008,1000
148.658929388325,1008,1000
148.66988838149,1008,1000
148.67892938149,1008,1000
148.68892938149,1008,1000
148.69892938149,1008,1000
148.708929374639,1008,1000
148.718929374639,1008,1000
148.728929374639,1008,1000
148.739328857079,1008,1000
148.749704773977,1008,1000
148.758929374639,1008,1000
148.769256850228,1008,1000
148.778929367788,1008,1000
148.788929367788,1008,1000
148.798929367788,1008,1000
148.808929360973,1008,1000
148.818929360973,1008,1000
148.828945629947,1008,1000
148.838929360973,1008,1000
148.848993415619,1008,1000
148.858929360973,1008,1000
148.868929354158,1008,1000
148.879775354158,1008,1000
148.889793354158,1008,1000
148.899906354158,1008,1000
148.908929347359,1008,1000
148.918929347359,1008,1000
148.928929347359,1008,1000
148.938929347359,1008,1000
148.949125802467,1008,1000
148.959179802467,1008,1000
148.970210795668,1008,1000
148.97892934056,1008,1000
148.98892934056,1008,1000
148.99892934056,1008,1000
149.009522205485,1008,1000
149.018929333756,1008,1000
149.028929333756,1008,1000
149.039444230374,1008,1000
149.048929333756,1008,1000
149.058929333756,1008,1000
149.068929326952,1008,1000
149.078929326952,1008,1000
149.088929326952,1008,1000
149.098929326952,1008,1000
149.109537803437,1008,1000
149.118929320176,1008,1000
149.128929320176,1008,1000
149.138929320176,1008,1000
149.148929320176,1008,1000
149.158929320176,1008,1000
149.1689293134,1008,1000
149.1789293134,1008,1000
149.1889293134,1008,1000
149.1989293134,1008,1000
149.20952830661,1008,1000
149.21892930661,1008,1000
149.22892930661,1008,1000
149.23892930661,1008,1000
149.25002789905,1008,1000
149.25892930661,1008,1000
149.26892929982,1008,1000
149.27892929982,1008,1000
149.28892929982,1008,1000
149.29892929982,1008,1000
149.309523309688,1008,1000
149.319242700594,1008,1000
149.328929293034,1008,1000
149.338929293034,1008,1000
149.348929293034,1008,1000
149.358929293034,1008,1000
149.368929286248,1008,1000
149.378929286248,1008,1000
149.388929286248,1008,1000
149.398929286248,1008,1000
149.409870279486,1008,1000
149.418929279486,1008,1000
149.428929279486,1008,1000
149.438929279486,1008,1000
149.448929279486,1008,1000
149.459564171052,1008,1000
149.468929272724,1008,1000
149.480990389894,1008,1000
149.488929272724,1008,1000
149.498929272724,1008,1000
149.508929265966,1008,1000
149.518929265966,1008,1000
149.528929265966,1008,1000
149.538929265966,1008,1000
149.548929265966,1008,1000
149.559672265966,1008,1000
149.568929259208,1008,1000
149.578929259208,1008,1000
149.588929259208,1008,1000
149.598929259208,1008,1000
149.608929252477,1008,1000
149.618929252477,1008,1000
149.628929252477,1008,1000
149.638929252477,1008,1000
149.648929252477,1008,1000
149.658929252477,1008,1000
149.669839138458,1008,1000
149.678929245746,1008,1000
149.688929245746,1008,1000
149.698929245746,1008,1000
149.70892923901,1008,1000
149.71892923901,1008,1000
149.72892923901,1008,1000
149.740220478418,1008,1000
149.74892923901,1008,1000
149.75892923901,1008,1000
149.768929232274,1008,1000
149.778929232274,1008,1000
149.788929232274,1008,1000
149.798929232274,1008,1000
149.80967880493,1008,1000
149.818929225562,1008,1000
149.829616449927,1008,1000
149.838929225562,1008,1000
149.848929225562,1008,1000
149.862181947723,1008,1000
149.86892921885,1008,1000
149.87892921885,1008,1000
149.88892921885,1008,1000
149.89892921885,1008,1000
149.908929212167,1008,1000
149.919876191621,1008,1000
149.929600925632,1008,1000
149.938929212167,1008,1000
149.948929212167,1008,1000
149.960864322654,1008,1000
149.968929205484,1008,1000
149.978929205484,1008,1000
149.989118498055,1008,1000
149.998929205484,1008,1000
150.008929198804,1008,1000
150.018929198804,1008,1000
150.028929198804,1008,1000
150.038929198804,1008,1000
150.048929198804,1008,1000
150.058929198804,1008,1000
150.068929192124,1008,1000
150.078929192124,1008,1000
150.088929192124,1008,1000
150.098929192124,1008,1000
150.108929185462,1008,1000
150.118929185462,1008,1000
150.128929185462,1008,1000
150.138929185462,1008,1000
150.148929185462,1008,1000
150.158929185462,1008,1000
150.1689291788,1008,1000
150.1789291788,1008,1000
150.190236619365,1008,1000
150.1989291788,1008,1000
150.208929172152,1008,1000
150.218929172152,1008,1000
150.228929172152,1008,1000
150.238929172152,1008,1000
150.249897172152,1008,1000
150.259532892467,1008,1000
150.268929165504,1008,1000
150.278929165504,1008,1000
150.288929165504,1008,1000
150.299685165504,1008,1000
150.308929158852,1008,1000
150.319310431954,1008,1000
150.328929158852,1008,1000
150.340191983708,1008,1000
150.348938993763,1008,1000
150.358929158852,1008,1000
150.3689291522,1008,1000
150.3789291522,1008,1000
150.3889291522,1008,1000
150.399123571725,1008,1000
150.409677230214,1008,1000
150.418929145556,1008,1000
150.428929145556,1008,1000
150.438929145556,1008,1000
150.449085398706,1008,1000
150.458929145556,1008,1000
150.468929138912,1008,1000
150.478929138912,1008,1000
150.488929138912,1008,1000
150.49966967191,1008,1000
150.509987132293,1008,1000
150.518929132293,1008,1000
150.529897132293,1008,1000
150.538929132293,1008,1000
150.548929132293,1008,1000
150.558929132293,1008,1000
150.568929125674,1008,1000
150.579274358917,1008,1000
150.588929125674,1008,1000
150.601114193991,1008,1000
150.608929119099,1008,1000
150.618929119099,1008,1000
150.629771119099,1008,1000
150.638929119099,1008,1000
150.648929119099,1008,1000
150.658929119099,1008,1000
150.669206076821,1008,1000
150.678929112524,1008,1000
150.688929112524,1008,1000
150.699157332573,1008,1000
150.708929105957,1008,1000
150.718929105957,1008,1000
150.72928965665,1008,1000
150.738929105957,1008,1000
150.748929105957,1008,1000
150.758929105957,1008,1000
150.76892909939,1008,1000
150.77892909939,1008,1000
150.78892909939,1008,1000
150.79892909939,1008,1000
150.808929092844,1008,1000
150.819803869918,1008,1000
150.828929092844,1008,1000
150.838929092844,1008,1000
150.848929092844,1008,1000
150.858929092844,1008,1000
150.869380211509,1008,1000
150.878929086298,1008,1000
150.889091057166,1008,1000
150.898929086298,1008,1000
150.908929079741,1008,1000
150.919825079741,1008,1000
150.928929079741,1008,1000
150.938929079741,1008,1000
150.948929079741,1008,1000
150.958929079741,1008,1000
150.968929073184,1008,1000
150.980936190354,1008,1000
150.989085253875,1008,1000
150.998929073184,1008,1000
151.009992108083,1008,1000
151.018929066646,1008,1000
151.028929066646,1008,1000
151.038929066646,1008,1000
151.048929066646,1008,1000
151.058929066646,1008,1000
151.068929060108,1008,1000
151.079324269141,1008,1000
151.088929060108,1008,1000
151.098929060108,1008,1000
151.108929053585,1008,1000
151.118929053585,1008,1000
151.128929053585,1008,1000
151.139915053585,1008,1000
151.148929053585,1008,1000
151.158929053585,1008,1000
151.168929047062,1008,1000
151.178929047062,1008,1000
151.188929047062,1008,1000
151.199172046978,1008,1000
151.209990195127,1008,1000
151.218929040592,1008,1000
151.228929040592,1008,1000
151.238929040592,1008,1000
151.248929040592,1008,1000
151.258929040592,1008,1000
151.268929034122,1008,1000
151.279358330199,1008,1000
151.288929034122,1008,1000
151.298929034122,1008,1000
151.308929027782,1008,1000
151.318929027782,1008,1000
151.328929027782,1008,1000
151.339528851816,1008,1000
151.348929027782,1008,1000
151.358929027782,1008,1000
151.368929021442,1008,1000
151.378929021442,1008,1000
151.388929021442,1008,1000
151.398929021442,1008,1000
151.408929015145,1008,1000
151.418929015145,1008,1000
151.429541015145,1008,1000
151.438929015145,1008,1000
151.450900126018,1008,1000
151.458929015145,1008,1000
151.468929528929,1008,1000
151.478929008848,1008,1000
151.488929008848,1008,1000
151.498929008848,1008,1000
151.508929002577,1008,1000
151.518929002577,1008,1000
151.528929002577,1008,1000
151.539644859424,1008,1000
151.548929002577,1008,1000
151.558929002577,1008,1000
151.568928996306,1008,1000
151.578928996306,1008,1000
151.588928996306,1008,1000
151.598928996306,1008,1000
151.608928990083,1008,1000
151.618928990083,1008,1000
151.628928990083,1008,1000
151.638928990083,1008,1000
151.648928990083,1008,1000
151.658928990083,1008,1000
151.669257631133,1008,1000
151.67892898386,1008,1000
151.68892898386,1008,1000
151.69892898386,1008,1000
151.708928977651,1008,1000
151.718928977651,1008,1000
151.728928977651,1008,1000
151.738928977651,1008,1000
151.748928977651,1008,1000
151.758928977651,1008,1000
151.768928971442,1008,1000
151.778928971442,1008,1000
151.788928971442,1008,1000
151.798928971442,1008,1000
151.809614493368,1008,1000
151.818928965259,1008,1000
151.828928965259,1008,1000
151.838928965259,1008,1000
151.848928965259,1008,1000
151.858928965259,1008,1000
151.868928959076,1008,1000
151.878928959076,1008,1000
151.888928959076,1008,1000
151.899545959076,1008,1000
151.908928952922,1008,1000
151.918928952922,1008,1000
151.928928952922,1008,1000
151.938928952922,1008,1000
151.948928952922,1008,1000
151.958928952922,1008,1000
151.968928946768,1008,1000
151.978928946768,1008,1000
151.988928946768,1008,1000
151.998928946768,1008,1000
152.008928940628,1008,1000
152.018928940628,1008,1000
152.028928940628,1008,1000
152.039671153234,1008,1000
152.048928940628,1008,1000
152.058928940628,1008,1000
152.068928934488,1008,1000
152.078928934488,1008,1000
152.088928934488,1008,1000
152.098928934488,1008,1000
152.108928928392,1008,1000
152.118928928392,1008,1000
152.128928928392,1008,1000
152.139532217491,1008,1000
152.148928928392,1008,1000
152.158928928392,1008,1000
152.168928922296,1008,1000
152.178928922296,1008,1000
152.188928922296,1008,1000
152.198928922296,1008,1000
152.208928916227,1008,1000
152.218928916227,1008,1000
152.228928916227,1008,1000
152.238928916227,1008,1000
152.248928916227,1008,1000
152.258928916227,1008,1000
152.268928910158,1008,1000
152.278928910158,1008,1000
152.288928910158,1008,1000
152.298928910158,1008,1000
152.308928904111,1008,1000
152.318928904111,1008,1000
152.329175887275,1008,1000
152.338928904111,1008,1000
152.349046043497,1008,1000
152.358928904111,1008,1000
152.368928898064,1008,1000
152.378928898064,1008,1000
152.388928898064,1008,1000
152.398928898064,1008,1000
152.408928892073,1008,1000
152.418928892073,1008,1000
152.428928892073,1008,1000
152.438928892073,1008,1000
152.448928892073,1008,1000
152.459581007271,1008,1000
152.468928886082,1008,1000
152.478928886082,1008,1000
152.488928886082,1008,1000
152.498928886082,1008,1000
152.508928880097,1008,1000
152.518928880097,1008,1000
152.528928880097,1008,1000
152.538928880097,1008,1000
152.548928880097,1008,1000
152.558928880097,1008,1000
152.568928874112,1008,1000
152.578928874112,1008,1000
152.588928874112,1008,1000
152.598928874112,1008,1000
152.608928868175,1008,1000
152.619598941454,1008,1000
152.628928868175,1008,1000
152.638928868175,1008,1000
152.648928868175,1008,1000
152.658928868175,1008,1000
152.668928862238,1008,1000
152.678928862238,1008,1000
152.688928862238,1008,1000
152.698928862238,1008,1000
152.708928856323,1008,1000
152.718928856323,1008,1000
152.728928856323,1008,1000
152.738928856323,1008,1000
152.748928856323,1008,1000
152.758928856323,1008,1000
152.768928850408,1008,1000
152.778928850408,1008,1000
152.788928850408,1008,1000
152.798928850408,1008,1000
152.808928844539,1008,1000
152.81904587034,1008,1000
152.828928844539,1008,1000
152.838928844539,1008,1000
152.848928844539,1008,1000
152.858928844539,1008,1000
152.86892883867,1008,1000
152.87892883867,1008,1000
152.88892883867,1008,1000
152.89892883867,1008,1000
152.908928832843,1008,1000
152.918928832843,1008,1000
152.928928832843,1008,1000
152.938928832843,1008,1000
152.948928832843,1008,1000
152.958969738468,1008,1000
152.968928827016,1008,1000
152.978928827016,1008,1000
152.988928827016,1008,1000
152.998928827016,1008,1000
153.008928821218,1008,1000
153.018928821218,1008,1000
153.028928821218,1008,1000
153.038928821218,1008,1000
153.048928821218,1008,1000
153.058928821218,1008,1000
153.06892881542,1008,1000
153.07892881542,1008,1000
153.08892881542,1008,1000
153.09892881542,1008,1000
153.108928809673,1008,1000
153.118928809673,1008,1000
153.128928809673,1008,1000
153.138928809673,1008,1000
153.148928809673,1008,1000
153.158928809673,1008,1000
153.168928803926,1008,1000
153.178928803926,1008,1000
153.188928803926,1008,1000
153.198928803926,1008,1000
153.208928798223,1008,1000
153.218928798223,1008,1000
153.228928798223,1008,1000
153.238928798223,1008,1000
153.248928798223,1008,1000
153.258928798223,1008,1000
153.26892879252,1008,1000
153.27892879252,1008,1000
153.28892879252,1008,1000
153.29892879252,1008,1000
153.308928786866,1008,1000
153.318928786866,1008,1000
153.328928786866,1008,1000
153.338928786866,1008,1000
153.348928786866,1008,1000
153.358928786866,1008,1000
153.368928781212,1008,1000
153.378928781212,1008,1000
153.388928781212,1008,1000
153.398928781212,1008,1000
153.408928775607,1008,1000
153.418928775607,1008,1000
153.428956382696,1008,1000
153.438928775607,1008,1000
153.448928775607,1008,1000
153.458928775607,1008,1000
153.468928770002,1008,1000
153.478928770002,1008,1000
153.488928770002,1008,1000
153.498928770002,1008,1000
153.508928764433,1008,1000
153.518928764433,1008,1000
153.528928764433,1008,1000
153.538928764433,1008,1000
153.549571623507,1008,1000
153.558928764433,1008,1000
153.568928758864,1008,1000
153.578928758864,1008,1000
153.588928758864,1008,1000
153.598928758864,1008,1000
153.608928753332,1008,1000
153.618928753332,1008,1000
153.628928753332,1008,1000
153.638928753332,1008,1000
153.648928753332,1008,1000
153.658928753332,1008,1000
153.6689287478,1008,1000
153.6789287478,1008,1000
153.6889287478,1008,1000
153.6989287478,1008,1000
153.708928742343,1008,1000
153.718928742343,1008,1000
153.728928742343,1008,1000
153.738928742343,1008,1000
153.748928742343,1008,1000
153.758928742343,1008,1000
153.768928736886,1008,1000
153.778928736886,1008,1000
153.788928736886,1008,1000
153.798928736886,1008,1000
153.808928731455,1008,1000
153.819634529754,1008,1000
153.828928731455,1008,1000
153.838928731455,1008,1000
153.848928731455,1008,1000
153.858928731455,1008,1000
153.868928726024,1008,1000
153.878928726024,1008,1000
153.888928726024,1008,1000
153.899330033442,1008,1000
153.908928720676,1008,1000
153.918928720676,1008,1000
153.928928720676,1008,1000
153.938928720676,1008,1000
153.948928720676,1008,1000
153.958928720676,1008,1000
153.971976746606,1008,1000
153.978928715328,1008,1000
153.988928715328,1008,1000
153.998928715328,1008,1000
154.008928710023,1008,1000
154.018928710023,1008,1000
154.028928710023,1008,1000
154.041515557579,1008,1000
154.048928710023,1008,1000
154.058928710023,1008,1000
154.068928704718,1008,1000
154.078928704718,1008,1000
154.088928704718,1008,1000
154.098928704718,1008,1000
154.108928699453,1008,1000
154.118928699453,1008,1000
154.128928699453,1008,1000
154.138928699453,1008,1000
154.148928699453,1008,1000
154.159410813593,1008,1000
154.168928694188,1008,1000
154.178928694188,1008,1000
154.188928694188,1008,1000
154.198928694188,1008,1000
154.208928688992,1008,1000
154.218928688992,1008,1000
154.229563515843,1008,1000
154.238928688992,1008,1000
154.248928688992,1008,1000
154.258928688992,1008,1000
154.268928683796,1008,1000
154.278928683796,1008,1000
154.288928683796,1008,1000
154.298928683796,1008,1000
154.308928678663,1008,1000
154.318928678663,1008,1000
154.328928678663,1008,1000
154.338928678663,1008,1000
154.348928678663,1008,1000
154.358928678663,1008,1000
154.36934367993,1008,1000
154.37892867353,1008,1000
154.38892867353,1008,1000
154.39892867353,1008,1000
154.408928668458,1008,1000
154.418928668458,1008,1000
154.428928668458,1008,1000
154.438928668458,1008,1000
154.448928668458,1008,1000
154.458928668458,1008,1000
154.469364329516,1008,1000
154.478928663386,1008,1000
154.488928663386,1008,1000
154.498928663386,1008,1000
154.50892865838,1008,1000
154.51892865838,1008,1000
154.52892865838,1008,1000
154.53892865838,1008,1000
154.54892865838,1008,1000
154.559468306149,1008,1000
154.568928653374,1008,1000
154.578928653374,1008,1000
154.588928653374,1008,1000
154.598928653374,1008,1000
154.608928648455,1008,1000
154.618928648455,1008,1000
154.628928648455,1008,1000
154.638928648455,1008,1000
154.648928648455,1008,1000
154.658928648455,1008,1000
154.668928643536,1008,1000
154.678928643536,1008,1000
154.688928643536,1008,1000
154.699171116494,1008,1000
154.708928638683,1008,1000
154.718928638683,1008,1000
154.728928638683,1008,1000
154.738928638683,1008,1000
154.748928638683,1008,1000
154.758928638683,1008,1000
154.76892863383,1008,1000
154.77892863383,1008,1000
154.78892863383,1008,1000
154.79892863383,1008,1000
154.808928629052,1008,1000
154.818928629052,1008,1000
154.828928629052,1008,1000
154.839546328037,1008,1000
154.848928629052,1008,1000
154.858928629052,1008,1000
154.868928624274,1008,1000
154.878928624274,1008,1000
154.888928624274,1008,1000
154.898928624274,1008,1000
154.908928619685,1008,1000
154.918928619685,1008,1000
154.928928619685,1008,1000
154.938928619685,1008,1000
154.948928619685,1008,1000
154.958928619685,1008,1000
154.968928615096,1008,1000
154.978928615096,1008,1000
154.988928615096,1008,1000
154.998928615096,1008,1000
155.008928610601,1008,1000
155.018928610601,1008,1000
155.028928610601,1008,1000
155.038928610601,1008,1000
155.048928610601,1008,1000
155.058928610601,1008,1000
155.069129248129,1008,1000
155.080809723276,1008,1000
155.088928606106,1008,1000
155.098928606106,1008,1000
155.108928601695,1008,1000
155.118928601695,1008,1000
155.128928601695,1008,1000
155.138928601695,1008,1000
155.148928601695,1008,1000
155.158928601695,1008,1000
155.169328724262,1008,1000
155.178928597284,1008,1000
155.189616115333,1008,1000
155.198928597284,1008,1000
155.208928592945,1008,1000
155.218928592945,1008,1000
155.228928592945,1008,1000
155.238928592945,1008,1000
155.248928592945,1008,1000
155.258928592945,1008,1000
155.268928588606,1008,1000
155.278928588606,1008,1000
155.288928588606,1008,1000
155.298928588606,1008,1000
155.308928584375,1008,1000
155.318928584375,1008,1000
155.328928584375,1008,1000
155.340131471815,1008,1000
155.348928584375,1008,1000
155.358928584375,1008,1000
155.368928580144,1008,1000
155.379225063733,1008,1000
155.388928580144,1008,1000
155.398928580144,1008,1000
155.409409148784,1008,1000
155.419828576019,1008,1000
155.428928576019,1008,1000
155.438928576019,1008,1000
155.448928576019,1008,1000
155.458928576019,1008,1000
155.468928571894,1008,1000
155.478928571894,1008,1000
155.489097248863,1008,1000
155.498928571894,1008,1000
155.508928567945,1008,1000
155.518928567945,1008,1000
155.528928567945,1008,1000
155.538928567945,1008,1000
155.548928567945,1008,1000
155.558928567945,1008,1000
155.568928563996,1008,1000
155.578928563996,1008,1000
155.588928563996,1008,1000
155.598928563996,1008,1000
155.608928560216,1008,1000
155.618928560216,1008,1000
155.628928560216,1008,1000
155.641952338874,1008,1000
155.648928560216,1008,1000
155.658928560216,1008,1000
155.668928556436,1008,1000
155.678928556436,1008,1000
155.689300992158,1008,1000
155.698928556436,1008,1000
155.708928552826,1008,1000
155.718928552826,1008,1000
155.728928552826,1008,1000
155.738928552826,1008,1000
155.748928552826,1008,1000
155.758928552826,1008,1000
155.768928549216,1008,1000
155.778928549216,1008,1000
155.788928549216,1008,1000
155.798928549216,1008,1000
155.808928545773,1008,1000
155.818928545773,1008,1000
155.828928545773,1008,1000
155.838928545773,1008,1000
155.848928545773,1008,1000
155.858928545773,1008,1000
155.86892854233,1008,1000
155.87892854233,1008,1000
155.88892854233,1008,1000
155.89892854233,1008,1000
155.91083665294,1008,1000
155.91892853905,1008,1000
155.92892853905,1008,1000
155.93892853905,1008,1000
155.94892853905,1008,1000
155.95892853905,1008,1000
155.96892853577,1008,1000
155.97892853577,1008,1000
155.98892853577,1008,1000
155.99892853577,1008,1000
156.008928532648,1008,1000
156.018928532648,1008,1000
156.028928532648,1008,1000
156.038928532648,1008,1000
156.048928532648,1008,1000
156.058928532648,1008,1000
156.068928529526,1008,1000
156.078928529526,1008,1000
156.088928529526,1008,1000
156.098928529526,1008,1000
156.10892852656,1008,1000
156.11892852656,1008,1000
156.12892852656,1008,1000
156.13892852656,1008,1000
156.14892852656,1008,1000
156.15892852656,1008,1000
156.168928523594,1008,1000
156.178928523594,1008,1000
156.188928523594,1008,1000
156.198928523594,1008,1000
156.20892852078,1008,1000
156.21892852078,1008,1000
156.22892852078,1008,1000
156.23892852078,1008,1000
156.24892852078,1008,1000
156.25892852078,1008,1000
156.268928517966,1008,1000
156.278928517966,1008,1000
156.288928517966,1008,1000
156.298928517966,1008,1000
156.308928515299,1008,1000
156.320845629802,1008,1000
156.328928515299,1008,1000
156.338928515299,1008,1000
156.348928515299,1008,1000
156.358928515299,1008,1000
156.368928512632,1008,1000
156.379597859633,1008,1000
156.388928512632,1008,1000
156.398928512632,1008,1000
156.408928510108,1008,1000
156.418928510108,1008,1000
156.428928510108,1008,1000
156.438928510108,1008,1000
156.448928510108,1008,1000
156.458928510108,1008,1000
156.468928507584,1008,1000
156.478928507584,1008,1000
156.488928507584,1008,1000
156.498928507584,1008,1000
156.508928505199,1008,1000
156.518928505199,1008,1000
156.528928505199,1008,1000
156.538928505199,1008,1000
156.548928505199,1008,1000
156.558928505199,1008,1000
156.568928502814,1008,1000
156.578928502814,1008,1000
156.588928502814,1008,1000
156.598928502814,1008,1000
156.608928500762,1008,1000
156.618928500762,1008,1000
156.628928500762,1008,1000
156.638928500762,1008,1000
156.648928500762,1008,1000
156.658928500762,1008,1000
156.66892849871,1008,1000
156.67892849871,1008,1000
156.68892849871,1008,1000
156.69892849871,1008,1000
156.708928496649,1008,1000
156.718928496649,1008,1000
156.728928496649,1008,1000
156.738928496649,1008,1000
156.748928496649,1008,1000
156.758928496649,1008,1000
156.768928494588,1008,1000
156.778928494588,1008,1000
156.7890163327,1008,1000
156.798928494588,1008,1000
156.808928492593,1008,1000
156.818928492593,1008,1000
156.828928492593,1008,1000
156.838928492593,1008,1000
156.848928492593,1008,1000
156.858928492593,1008,1000
156.868928490598,1008,1000
156.878928490598,1008,1000
156.888928490598,1008,1000
156.898928490598,1008,1000
156.909158785999,1008,1000
156.918928488682,1008,1000
156.929234915883,1008,1000
156.938928488682,1008,1000
156.948928488682,1008,1000
156.958928488682,1008,1000
156.968928486766,1008,1000
156.978928486766,1008,1000
156.988928486766,1008,1000
156.998928486766,1008,1000
157.008928484925,1008,1000
157.018928484925,1008,1000
157.028928484925,1008,1000
157.038928484925,1008,1000
157.048928484925,1008,1000
157.058928484925,1008,1000
157.068928483084,1008,1000
157.078928483084,1008,1000
157.088928483084,1008,1000
157.098928483084,1008,1000
157.108928481319,1008,1000
157.118928481319,1008,1000
157.128928481319,1008,1000
157.138928481319,1008,1000
157.148928481319,1008,1000
157.158928481319,1008,1000
157.168928479554,1008,1000
157.178928479554,1008,1000
157.188928479554,1008,1000
157.198928479554,1008,1000
157.20973275782,1008,1000
157.218928477877,1008,1000
157.228928477877,1008,1000
157.238928477877,1008,1000
157.248928477877,1008,1000
157.259215756055,1008,1000
157.2689284762,1008,1000
157.27901033497,1008,1000
157.2889284762,1008,1000
157.2989284762,1008,1000
157.308928474604,1008,1000
157.318928474604,1008,1000
157.328928474604,1008,1000
157.338928474604,1008,1000
157.348928474604,1008,1000
157.358928474604,1008,1000
157.368928473008,1008,1000
157.378928473008,1008,1000
157.388928473008,1008,1000
157.399401581739,1008,1000
157.408928471484,1008,1000
157.418928471484,1008,1000
157.428928471484,1008,1000
157.438928471484,1008,1000
157.448928471484,1008,1000
157.458928471484,1008,1000
157.46892846996,1008,1000
157.47892846996,1008,1000
157.48892846996,1008,1000
157.49892846996,1008,1000
157.508928468526,1008,1000
157.518928468526,1008,1000
157.528928468526,1008,1000
157.538928468526,1008,1000
157.548928468526,1008,1000
157.558928468526,1008,1000
157.568928467092,1008,1000
157.578928467092,1008,1000
157.588928467092,1008,1000
157.598928467092,1008,1000
157.608928465737,1008,1000
157.618928465737,1008,1000
157.628928465737,1008,1000
157.638928465737,1008,1000
157.648928465737,1008,1000
157.658928465737,1008,1000
157.668928464382,1008,1000
157.678928464382,1008,1000
157.688928464382,1008,1000
157.699071674327,1008,1000
157.708928463117,1008,1000
157.718928463117,1008,1000
157.730220415456,1008,1000
157.738928463117,1008,1000
157.748928463117,1008,1000
157.758928463117,1008,1000
157.768928461852,1008,1000
157.778928461852,1008,1000
157.788928461852,1008,1000
157.799641978258,1008,1000
157.808928460675,1008,1000
157.818928460675,1008,1000
157.828928460675,1008,1000
157.838928460675,1008,1000
157.848928460675,1008,1000
157.858928460675,1008,1000
157.869523247719,1008,1000
157.87963710682,1008,1000
157.888928459498,1008,1000
157.898928459498,1008,1000
157.908928458401,1008,1000
157.918928458401,1008,1000
157.928928458401,1008,1000
157.938928458401,1008,1000
157.948928458401,1008,1000
157.958928458401,1008,1000
157.968928457304,1008,1000
157.978928457304,1008,1000
157.988928457304,1008,1000
157.999498692079,1008,1000
158.008928456299,1008,1000
158.018928456299,1008,1000
158.028928456299,1008,1000
158.038928456299,1008,1000
158.048928456299,1008,1000
158.058928456299,1008,1000
158.068928455294,1008,1000
158.078928455294,1008,1000
158.09002789905,1008,1000
158.098928455294,1008,1000
158.108928454373,1008,1000
158.11904473779,1008,1000
158.128928454373,1008,1000
158.138928454373,1008,1000
158.148928454373,1008,1000
158.159235180906,1008,1000
158.168928453452,1008,1000
158.178928453452,1008,1000
158.188928453452,1008,1000
158.199431506173,1008,1000
158.208928452621,1008,1000
158.218928452621,1008,1000
158.228928452621,1008,1000
158.238928452621,1008,1000
158.248928452621,1008,1000
158.258928452621,1008,1000
158.26892845179,1008,1000
158.27892845179,1008,1000
158.28892845179,1008,1000
158.29892845179,1008,1000
158.308928451052,1008,1000
158.318928451052,1008,1000
158.328928451052,1008,1000
158.339545915862,1008,1000
158.348928451052,1008,1000
158.358928451052,1008,1000
158.368928450314,1008,1000
158.378928450314,1008,1000
158.388928450314,1008,1000
158.398928450314,1008,1000
158.408928449663,1008,1000
158.418928449663,1008,1000
158.428928449663,1008,1000
158.438928449663,1008,1000
158.448928449663,1008,1000
158.458928449663,1008,1000
158.468928449012,1008,1000
158.478928449012,1008,1000
158.488928449012,1008,1000
158.498928449012,1008,1000
158.508928448455,1008,1000
158.518928448455,1008,1000
158.528928448455,1008,1000
158.538928448455,1008,1000
158.548928448455,1008,1000
158.558928448455,1008,1000
158.568928447898,1008,1000
158.578928447898,1008,1000
158.588928447898,1008,1000
158.598928447898,1008,1000
158.60892844743,1008,1000
158.61892844743,1008,1000
158.62892844743,1008,1000
158.63892844743,1008,1000
158.64892844743,1008,1000
158.65892844743,1008,1000
158.669937327846,1008,1000
158.678928446962,1008,1000
158.688928446962,1008,1000
158.698928446962,1008,1000
158.708928446586,1008,1000
158.718928446586,1008,1000
158.728928446586,1008,1000
158.739349875382,1008,1000
158.748928446586,1008,1000
158.758928446586,1008,1000
158.76892844621,1008,1000
158.77892844621,1008,1000
158.78955844621,1008,1000
158.79892844621,1008,1000
158.809725445927,1008,1000
158.818928445927,1008,1000
158.828928445927,1008,1000
158.838928445927,1008,1000
158.848928445927,1008,1000
158.858928445927,1008,1000
158.868928445644,1008,1000
158.879787656285,1008,1000
158.888928445644,1008,1000
158.898928445644,1008,1000
158.908928445454,1008,1000
158.918928445454,1008,1000
158.928928445454,1008,1000
158.938928445454,1008,1000
158.949137202689,1008,1000
158.958928445454,1008,1000
158.968928445264,1008,1000
158.978928445264,1008,1000
158.988928445264,1008,1000
158.998928445264,1008,1000
159.008928445166,1008,1000
159.018928445166,1008,1000
159.028928445166,1008,1000
159.040182028467,1008,1000
159.048928445166,1008,1000
159.058928445166,1008,1000
159.069840654666,1008,1000
159.078928445068,1008,1000
159.088928445068,1008,1000
159.098928445068,1008,1000
159.10946857448,1008,1000
159.118928445063,1008,1000
159.128928445063,1008,1000
159.139767863867,1008,1000
159.148928445063,1008,1000
159.158928445063,1008,1000
159.168928445058,1008,1000
159.178928445058,1008,1000
159.188928445058,1008,1000
159.198928445058,1008,1000
159.209099409961,1008,1000
159.218928445144,1008,1000
159.228928445144,1008,1000
159.238928445144,1008,1000
159.248928445144,1008,1000
159.258928445144,1008,1000
159.26892844523,1008,1000
159.27892844523,1008,1000
159.28964741696,1008,1000
159.29892844523,1008,1000
159.30892844541,1008,1000
159.31892844541,1008,1000
159.32892844541,1008,1000
159.33892844541,1008,1000
159.34892844541,1008,1000
159.35892844541,1008,1000
159.36892844559,1008,1000
159.37892844559,1008,1000
159.38892844559,1008,1000
159.39892844559,1008,1000
159.408928446089,1008,1000
159.418928446089,1008,1000
159.428928446089,1008,1000
159.438928446089,1008,1000
159.448928446089,1008,1000
159.458928446089,1008,1000
159.468928446588,1008,1000
159.478928446588,1008,1000
159.488928446588,1008,1000
159.498956313604,1008,1000
159.508928447283,1008,1000
159.518928447283,1008,1000
159.528928447283,1008,1000
159.539540779412,1008,1000
159.548928447283,1008,1000
159.558928447283,1008,1000
159.568928447978,1008,1000
159.579674018699,1008,1000
159.588928447978,1008,1000
159.598928447978,1008,1000
159.608928448761,1008,1000
159.618928448761,1008,1000
159.628928448761,1008,1000
159.638928448761,1008,1000
159.648928448761,1008,1000
159.658928448761,1008,1000
159.668928449544,1008,1000
159.678928449544,1008,1000
159.689820162223,1008,1000
159.698928449544,1008,1000
159.70892845042,1008,1000
159.71892845042,1008,1000
159.72892845042,1008,1000
159.73892845042,1008,1000
159.74892845042,1008,1000
159.759187713593,1008,1000
159.768928451296,1008,1000
159.778928451296,1008,1000
159.789489672082,1008,1000
159.798928451296,1008,1000
159.808928452262,1008,1000
159.819125673048,1008,1000
159.828928452262,1008,1000
159.838928452262,1008,1000
159.848928452262,1008,1000
159.858928452262,1008,1000
159.868928453228,1008,1000
159.878928453228,1008,1000
159.888928453228,1008,1000
159.898928453228,1008,1000
159.908928454278,1008,1000
159.918928454278,1008,1000
159.928928454278,1008,1000
159.938928454278,1008,1000
159.948928454278,1008,1000
159.959157902234,1008,1000
159.968928455328,1008,1000
159.978928455328,1008,1000
159.988928455328,1008,1000
159.998928455328,1008,1000
160.008928456465,1008,1000
160.018928456465,1008,1000
160.028928456465,1008,1000
160.038928456465,1008,1000
160.048928456465,1008,1000
160.058928456465,1008,1000
160.068928457602,1008,1000
160.078928457602,1008,1000
160.089426690739,1008,1000
160.098928457602,1008,1000
160.10894149969,1008,1000
160.118928458826,1008,1000
160.128928458826,1008,1000
160.138928458826,1008,1000
160.148928458826,1008,1000
160.158928458826,1008,1000
160.16892846005,1008,1000
160.17892846005,1008,1000
160.18892846005,1008,1000
160.19892846005,1008,1000
160.208928461359,1008,1000
160.218928461359,1008,1000
160.228928461359,1008,1000
160.238928461359,1008,1000
160.248928461359,1008,1000
160.258928461359,1008,1000
160.268928462668,1008,1000
160.278928462668,1008,1000
160.288928462668,1008,1000
160.298928462668,1008,1000
160.308928464066,1008,1000
160.318928464066,1008,1000
160.328928464066,1008,1000
160.338928464066,1008,1000
160.348928464066,1008,1000
160.358928464066,1008,1000
160.368928465464,1008,1000
160.378928465464,1008,1000
160.388928465464,1008,1000
160.398928465464,1008,1000
160.408928466945,1008,1000
160.418928466945,1008,1000
160.429117581518,1008,1000
160.438928466945,1008,1000
160.448928466945,1008,1000
160.458928466945,1008,1000
160.468928468426,1008,1000
160.478928468426,1008,1000
160.488928468426,1008,1000
160.498928468426,1008,1000
160.508928469992,1008,1000
160.519090917331,1008,1000
160.528928469992,1008,1000
160.538928469992,1008,1000
160.548928469992,1008,1000
160.558928469992,1008,1000
160.568928471558,1008,1000
160.578928471558,1008,1000
160.588928471558,1008,1000
160.598928471558,1008,1000
160.608928473206,1008,1000
160.618928473206,1008,1000
160.628928473206,1008,1000
160.638928473206,1008,1000
160.648928473206,1008,1000
160.658928473206,1008,1000
160.668928474854,1008,1000
160.678928474854,1008,1000
160.688928474854,1008,1000
160.698928474854,1008,1000
160.708928476583,1008,1000
160.718928476583,1008,1000
160.728928476583,1008,1000
160.738928476583,1008,1000
160.748928476583,1008,1000
160.759161745361,1008,1000
160.768928478312,1008,1000
160.778928478312,1008,1000
160.788928478312,1008,1000
160.798928478312,1008,1000
160.808928480113,1008,1000
160.818928480113,1008,1000
160.828928480113,1008,1000
160.838928480113,1008,1000
160.848928480113,1008,1000
160.858928480113,1008,1000
160.868928481914,1008,1000
160.878928481914,1008,1000
160.888928481914,1008,1000
160.899257260997,1008,1000
160.908928483797,1008,1000
160.918928483797,1008,1000
160.928928483797,1008,1000
160.938928483797,1008,1000
160.948928483797,1008,1000
160.959916742373,1008,1000
160.96892848568,1008,1000
160.97892848568,1008,1000
160.98892848568,1008,1000
160.99892848568,1008,1000
161.008928487646,1008,1000
161.018928487646,1008,1000
161.029356330969,1008,1000
161.038928487646,1008,1000
161.048928487646,1008,1000
161.058928487646,1008,1000
161.068928489612,1008,1000
161.078928489612,1008,1000
161.088928489612,1008,1000
161.098928489612,1008,1000
161.108928491644,1008,1000
161.118928491644,1008,1000
161.128928491644,1008,1000
161.138928491644,1008,1000
161.148928491644,1008,1000
161.158928491644,1008,1000
161.168928493676,1008,1000
161.178928493676,1008,1000
161.188928493676,1008,1000
161.198928493676,1008,1000
161.208928495779,1008,1000
161.218928495779,1008,1000
161.229363570682,1008,1000
161.238928495779,1008,1000
161.248928495779,1008,1000
161.258928495779,1008,1000
161.268928497882,1008,1000
161.278928497882,1008,1000
161.288928497882,1008,1000
161.298928497882,1008,1000
161.30892850007,1008,1000
161.31892850007,1008,1000
161.329588812801,1008,1000
161.33892850007,1008,1000
161.34892850007,1008,1000
161.359498814904,1008,1000
161.369468943904,1008,1000
161.378928502258,1008,1000
161.388928502258,1008,1000
161.398928502258,1008,1000
161.40892850452,1008,1000
161.41892850452,1008,1000
161.42892850452,1008,1000
161.43892850452,1008,1000
161.44892850452,1008,1000
161.45892850452,1008,1000
161.468928506782,1008,1000
161.478928506782,1008,1000
161.488928506782,1008,1000
161.498928506782,1008,1000
161.508928509114,1008,1000
161.518928509114,1008,1000
161.528928509114,1008,1000
161.538928509114,1008,1000
161.548928509114,1008,1000
161.558928509114,1008,1000
161.568928511446,1008,1000
161.579629914158,1008,1000
161.588928511446,1008,1000
161.598928511446,1008,1000
161.608928513842,1008,1000
161.618928513842,1008,1000
161.628928513842,1008,1000
161.638924859827,1008,1000
161.649626513842,1008,1000
161.658928513842,1008,1000
161.668928516238,1008,1000
161.678928516238,1008,1000
161.688928516238,1008,1000
161.699368275157,1008,1000
161.708928518703,1008,1000
161.720827638338,1008,1000
161.728928518703,1008,1000
161.738928518703,1008,1000
161.748928518703,1008,1000
161.758928518703,1008,1000
161.769458372893,1008,1000
161.778928521168,1008,1000
161.788928521168,1008,1000
161.798928521168,1008,1000
161.808928523698,1008,1000
161.818928523698,1008,1000
161.828928523698,1008,1000
161.839662628624,1008,1000
161.848928523698,1008,1000
161.858928523698,1008,1000
161.868928526228,1008,1000
161.878928526228,1008,1000
161.889615895224,1008,1000
161.898928526228,1008,1000
161.908928528821,1008,1000
161.918928528821,1008,1000
161.928928528821,1008,1000
161.938928528821,1008,1000
161.948928528821,1008,1000
161.958928528821,1008,1000
161.968928531414,1008,1000
161.978928531414,1008,1000
161.988928531414,1008,1000
161.998928531414,1008,1000
162.008928534063,1008,1000
162.018928534063,1008,1000
162.028928534063,1008,1000
162.038928534063,1008,1000
162.048928534063,1008,1000
162.058928534063,1008,1000
162.068928536712,1008,1000
162.078928536712,1008,1000
162.089727602645,1008,1000
162.099790651055,1008,1000
162.108928539431,1008,1000
162.118928539431,1008,1000
162.128928539431,1008,1000
162.138928539431,1008,1000
162.148928539431,1008,1000
162.159016377543,1008,1000
162.169050294155,1008,1000
162.17892854215,1008,1000
162.18892854215,1008,1000
162.19892854215,1008,1000
162.208928544929,1008,1000
162.218928544929,1008,1000
162.228928544929,1008,1000
162.238928544929,1008,1000
162.248928544929,1008,1000
162.258928544929,1008,1000
162.268928547708,1008,1000
162.278928547708,1008,1000
162.288928547708,1008,1000
162.298928547708,1008,1000
162.308928550552,1008,1000
162.318928550552,1008,1000
162.328928550552,1008,1000
162.338928550552,1008,1000
162.348928550552,1008,1000
162.358928550552,1008,1000
162.368928553396,1008,1000
162.378928553396,1008,1000
162.388928553396,1008,1000
162.398934054466,1008,1000
162.408928556293,1008,1000
162.418928556293,1008,1000
162.429914640879,1008,1000
162.438928556293,1008,1000
162.448928556293,1008,1000
162.458928556293,1008,1000
162.46892855919,1008,1000
162.47892855919,1008,1000
162.48892855919,1008,1000
162.499210301019,1008,1000
162.508928562143,1008,1000
162.518928562143,1008,1000
162.528928562143,1008,1000
162.538928562143,1008,1000
162.548928562143,1008,1000
162.558928562143,1008,1000
162.568928565096,1008,1000
162.578928565096,1008,1000
162.588928565096,1008,1000
162.598928565096,1008,1000
162.608928568116,1008,1000
162.618928568116,1008,1000
162.628928568116,1008,1000
162.640899688306,1008,1000
162.6489427596,1008,1000
162.658928568116,1008,1000
162.668928571136,1008,1000
162.678928571136,1008,1000
162.688928571136,1008,1000
162.699778029458,1008,1000
162.708928574199,1008,1000
162.718928574199,1008,1000
162.728928574199,1008,1000
162.738928574199,1008,1000
162.748928574199,1008,1000
162.758928574199,1008,1000
162.770232625296,1008,1000
162.778928577262,1008,1000
162.788928577262,1008,1000
162.798928577262,1008,1000
162.808928580389,1008,1000
162.818928580389,1008,1000
162.828928580389,1008,1000
162.839546306635,1008,1000
162.849189053983,1008,1000
162.858928580389,1008,1000
162.868928583516,1008,1000
162.878928583516,1008,1000
162.888928583516,1008,1000
162.898928583516,1008,1000
162.90892858669,1008,1000
162.919930543259,1008,1000
162.929007887127,1008,1000
162.93892858669,1008,1000
162.94892858669,1008,1000
162.95892858669,1008,1000
162.969898415796,1008,1000
162.978928589864,1008,1000
162.989280234073,1008,1000
162.998928589864,1008,1000
163.008928593096,1008,1000
163.018928593096,1008,1000
163.028928593096,1008,1000
163.039248109842,1008,1000
163.048928593096,1008,1000
163.058928593096,1008,1000
163.068928596328,1008,1000
163.078928596328,1008,1000
163.089679104822,1008,1000
163.098928596328,1008,1000
163.108928599606,1008,1000
163.119816426106,1008,1000
163.128928599606,1008,1000
163.138928599606,1008,1000
163.148928599606,1008,1000
163.158928599606,1008,1000
163.168928602884,1008,1000
163.178928602884,1008,1000
163.18922912994,1008,1000
163.198928602884,1008,1000
163.208928606218,1008,1000
163.218928606218,1008,1000
163.228928606218,1008,1000
163.238928606218,1008,1000
163.248928606218,1008,1000
163.258928606218,1008,1000
163.268928609552,1008,1000
163.278928609552,1008,1000
163.288928609552,1008,1000
163.298928609552,1008,1000
163.308928612937,1008,1000
163.319036147777,1008,1000
163.328928612937,1008,1000
163.338928612937,1008,1000
163.348928612937,1008,1000
163.358928612937,1008,1000
163.368928616322,1008,1000
163.378928616322,1008,1000
163.389815616322,1008,1000
163.398928616322,1008,1000
163.408928619745,1008,1000
163.418928619745,1008,1000
163.428928619745,1008,1000
163.438928619745,1008,1000
163.448928619745,1008,1000
163.459300337017,1008,1000
163.468928623168,1008,1000
163.478928623168,1008,1000
163.488928623168,1008,1000
163.498928623168,1008,1000
163.510077795382,1008,1000
163.518928626653,1008,1000
163.528928626653,1008,1000
163.538928626653,1008,1000
163.548928626653,1008,1000
163.558928626653,1008,1000
163.568928630138,1008,1000
163.57949952647,1008,1000
163.588928630138,1008,1000
163.598928630138,1008,1000
163.608928633644,1008,1000
163.618928633644,1008,1000
163.628928633644,1008,1000
163.638928633644,1008,1000
163.648928633644,1008,1000
163.658928633644,1008,1000
163.66892863715,1008,1000
163.67892863715,1008,1000
163.68892863715,1008,1000
163.69892863715,1008,1000
163.708928640706,1008,1000
163.718928640706,1008,1000
163.728928640706,1008,1000
163.738963724393,1008,1000
163.748928640706,1008,1000
163.758928640706,1008,1000
163.768928644262,1008,1000
163.778928644262,1008,1000
163.788928644262,1008,1000
163.798928644262,1008,1000
163.808928647876,1008,1000
163.819544251914,1008,1000
163.828928647876,1008,1000
163.838928647876,1008,1000
163.849163950909,1008,1000
163.858928647876,1008,1000
163.86892865149,1008,1000
163.87892865149,1008,1000
163.88892865149,1008,1000
163.89892865149,1008,1000
163.908928655137,1008,1000
163.918928655137,1008,1000
163.929288351502,1008,1000
163.938928655137,1008,1000
163.949364802414,1008,1000
163.958928655137,1008,1000
163.968928658784,1008,1000
163.978928658784,1008,1000
163.988928658784,1008,1000
163.998928658784,1008,1000
164.008928662462,1008,1000
164.018928662462,1008,1000
164.028928662462,1008,1000
164.038928662462,1008,1000
164.048928662462,1008,1000
164.058928662462,1008,1000
164.06892866614,1008,1000
164.07892866614,1008,1000
164.08892866614,1008,1000
164.09892866614,1008,1000
164.108928669851,1008,1000
164.118939434351,1008,1000
164.128928669851,1008,1000
164.138928669851,1008,1000
164.148928669851,1008,1000
164.158928669851,1008,1000
164.168928673562,1008,1000
164.178928673562,1008,1000
164.188928673562,1008,1000
164.198928673562,1008,1000
164.208928677334,1008,1000
164.218928677334,1008,1000
164.228928677334,1008,1000
164.238928677334,1008,1000
164.248928677334,1008,1000
164.25921484425,1008,1000
164.268928681106,1008,1000
164.278928681106,1008,1000
164.288928681106,1008,1000
164.298928681106,1008,1000
164.309445362397,1008,1000
164.318928684887,1008,1000
164.328928684887,1008,1000
164.338928684887,1008,1000
164.348928684887,1008,1000
164.358928684887,1008,1000
164.368928688668,1008,1000
164.378928688668,1008,1000
164.388928688668,1008,1000
164.399490381293,1008,1000
164.408928692484,1008,1000
164.418928692484,1008,1000
164.428928692484,1008,1000
164.438928692484,1008,1000
164.448928692484,1008,1000
164.458928692484,1008,1000
164.4689286963,1008,1000
164.479563733669,1008,1000
164.4889286963,1008,1000
164.4989286963,1008,1000
164.508928700175,1008,1000
164.518928700175,1008,1000
164.528928700175,1008,1000
164.538928700175,1008,1000
164.548928700175,1008,1000
164.558928700175,1008,1000
164.56892870405,1008,1000
164.57892870405,1008,1000
164.58892870405,1008,1000
164.59892870405,1008,1000
164.608928707954,1008,1000
164.618928707954,1008,1000
164.628928707954,1008,1000
164.638928707954,1008,1000
164.648928707954,1008,1000
164.658928707954,1008,1000
164.668928711858,1008,1000
164.678928711858,1008,1000
164.688928711858,1008,1000
164.698928711858,1008,1000
164.708928715788,1008,1000
164.718928715788,1008,1000
164.729183574587,1008,1000
164.738928715788,1008,1000
164.748928715788,1008,1000
164.758928715788,1008,1000
164.768928719718,1008,1000
164.778928719718,1008,1000
164.788928719718,1008,1000
164.800210979693,1008,1000
164.808928723674,1008,1000
164.818928723674,1008,1000
164.828928723674,1008,1000
164.83959848218,1008,1000
164.848928723674,1008,1000
164.858928723674,1008,1000
164.869675731395,1008,1000
164.880040883464,1008,1000
164.88892872763,1008,1000
164.89892872763,1008,1000
164.908928731617,1008,1000
164.918928731617,1008,1000
164.928928731617,1008,1000
164.938928731617,1008,1000
164.950106716031,1008,1000
164.958928731617,1008,1000
164.968928735604,1008,1000
164.978928735604,1008,1000
164.988928735604,1008,1000
164.998928735604,1008,1000
165.00892873963,1008,1000
165.019393556611,1008,1000
165.02892873963,1008,1000
165.03892873963,1008,1000
165.04997273963,1008,1000
165.05892873963,1008,1000
165.068928743656,1008,1000
165.078928743656,1008,1000
165.088928743656,1008,1000
165.098928743656,1008,1000
165.108928747704,1008,1000
165.119367588284,1008,1000
165.128928747704,1008,1000
165.138928747704,1008,1000
165.148928747704,1008,1000
165.158928747704,1008,1000
165.168928751752,1008,1000
165.178928751752,1008,1000
165.188928751752,1008,1000
165.199557303233,1008,1000
165.208928755845,1008,1000
165.218928755845,1008,1000
165.228928755845,1008,1000
165.238928755845,1008,1000
165.248928755845,1008,1000
165.258928755845,1008,1000
165.268928759938,1008,1000
165.278928759938,1008,1000
165.290059899232,1008,1000
165.298928759938,1008,1000
165.30892876405,1008,1000
165.31892876405,1008,1000
165.32892876405,1008,1000
165.33892876405,1008,1000
165.34892876405,1008,1000
165.359535764232,1008,1000
165.368928768162,1008,1000
165.378928768162,1008,1000
165.388928768162,1008,1000
165.398928768162,1008,1000
165.409144623576,1008,1000
165.418928772294,1008,1000
165.428928772294,1008,1000
165.438928772294,1008,1000
165.448928772294,1008,1000
165.458928772294,1008,1000
165.468928776426,1008,1000
165.478928776426,1008,1000
165.488928776426,1008,1000
165.498928776426,1008,1000
165.508928780611,1008,1000
165.518928780611,1008,1000
165.528928780611,1008,1000
165.538928780611,1008,1000
165.548928780611,1008,1000
165.559886416412,1008,1000
165.568928784796,1008,1000
165.578928784796,1008,1000
165.588928784796,1008,1000
165.598928784796,1008,1000
165.608928788988,1008,1000
165.618928788988,1008,1000
165.62933530635,1008,1000
165.638928788988,1008,1000
165.648928788988,1008,1000
165.658928788988,1008,1000
165.67098991035,1008,1000
165.67892879318,1008,1000
165.68892879318,1008,1000
165.69892879318,1008,1000
165.708928797397,1008,1000
165.718928797397,1008,1000
165.728928797397,1008,1000
165.738928797397,1008,1000
165.748928797397,1008,1000
165.758928797397,1008,1000
165.768928801614,1008,1000
165.778928801614,1008,1000
165.789711801614,1008,1000
165.798928801614,1008,1000
165.808928805829,1008,1000
165.818928805829,1008,1000
165.828928805829,1008,1000
165.838928805829,1008,1000
165.848928805829,1008,1000
165.858928805829,1008,1000
165.868928810044,1008,1000
165.879207744987,1008,1000
165.889760744987,1008,1000
165.898928810044,1008,1000
165.908928814172,1008,1000
165.918928814172,1008,1000
165.928928814172,1008,1000
165.938928814172,1008,1000
165.948928814172,1008,1000
165.959016652284,1008,1000
165.9689288183,1008,1000
165.9789288183,1008,1000
165.9889288183,1008,1000
165.9989288183,1008,1000
166.009553773886,1008,1000
166.018928822344,1008,1000
166.028928822344,1008,1000
166.038928822344,1008,1000
166.049078659372,1008,1000
166.058928822344,1008,1000
166.068928826388,1008,1000
166.078928826388,1008,1000
166.088928826388,1008,1000
166.098928826388,1008,1000
166.108928830336,1008,1000
166.118928830336,1008,1000
166.128928830336,1008,1000
166.138928830336,1008,1000
166.148928830336,1008,1000
166.158928830336,1008,1000
166.168928834284,1008,1000
166.178928834284,1008,1000
166.188928834284,1008,1000
166.199000129377,1008,1000
166.208928838134,1008,1000
166.218928838134,1008,1000
166.228928838134,1008,1000
166.238928838134,1008,1000
166.248928838134,1008,1000
166.258928838134,1008,1000
166.268928841984,1008,1000
166.278928841984,1008,1000
166.288928841984,1008,1000
166.298928841984,1008,1000
166.308928845733,1008,1000
166.318928845733,1008,1000
166.328928845733,1008,1000
166.338928845733,1008,1000
166.349016683845,1008,1000
166.358928845733,1008,1000
166.368928849482,1008,1000
166.378928849482,1008,1000
166.388928849482,1008,1000
166.398928849482,1008,1000
166.4089288529,1008,1000
166.4189288529,1008,1000
166.4299598529,1008,1000
166.4389288529,1008,1000
166.449589832749,1008,1000
166.4589288529,1008,1000
166.468928856318,1008,1000
166.478928856318,1008,1000
166.489071779604,1008,1000
166.499273810168,1008,1000
166.508928859981,1008,1000
166.518928859981,1008,1000
166.528928859981,1008,1000
166.538928859981,1008,1000
166.548928859981,1008,1000
166.558928859981,1008,1000
166.5700518492,1008,1000
166.578928863644,1008,1000
166.588928863644,1008,1000
166.598928863644,1008,1000
166.60892886732,1008,1000
166.619427910015,1008,1000
166.62892886732,1008,1000
166.63927581747,1008,1000
166.64892886732,1008,1000
166.65892886732,1008,1000
166.668928870996,1008,1000
166.678928870996,1008,1000
166.688928870996,1008,1000
166.698928870996,1008,1000
166.708928874686,1008,1000
166.718928874686,1008,1000
166.728928874686,1008,1000
166.739706349314,1008,1000
166.748938795913,1008,1000
166.758928874686,1008,1000
166.768928878376,1008,1000
166.778928878376,1008,1000
166.788934349644,1008,1000
166.798928878376,1008,1000
166.808928882088,1008,1000
166.818928882088,1008,1000
166.828928882088,1008,1000
166.838928882088,1008,1000
166.848928882088,1008,1000
166.858928882088,1008,1000
166.8689288858,1008,1000
166.8789288858,1008,1000
166.8889288858,1008,1000
166.8989288858,1008,1000
166.908928889506,1008,1000
166.918928889506,1008,1000
166.928928889506,1008,1000
166.938928889506,1008,1000
166.948928889506,1008,1000
166.959130470786,1008,1000
166.968928893212,1008,1000
166.978928893212,1008,1000
166.988928893212,1008,1000
166.998928893212,1008,1000
167.008928896957,1008,1000
167.018928896957,1008,1000
167.028928896957,1008,1000
167.038928896957,1008,1000
167.048928896957,1008,1000
167.058928896957,1008,1000
167.069511262437,1008,1000
167.078928900702,1008,1000
167.088928900702,1008,1000
167.098928900702,1008,1000
167.108928904436,1008,1000
167.118928904436,1008,1000
167.128928904436,1008,1000
167.138928904436,1008,1000
167.148928904436,1008,1000
167.158928904436,1008,1000
167.16892890817,1008,1000
167.17892890817,1008,1000
167.18892890817,1008,1000
167.19892890817,1008,1000
167.208928911926,1008,1000
167.219608043602,1008,1000
167.228928911926,1008,1000
167.238928911926,1008,1000
167.248928911926,1008,1000
167.258928911926,1008,1000
167.268928915682,1008,1000
167.27984846784,1008,1000
167.289617194036,1008,1000
167.298928915682,1008,1000
167.308928919457,1008,1000
167.318928919457,1008,1000
167.328928919457,1008,1000
167.338928919457,1008,1000
167.349216488247,1008,1000
167.358928919457,1008,1000
167.368928923232,1008,1000
167.379770923232,1008,1000
167.388928923232,1008,1000
167.398928923232,1008,1000
167.408928927002,1008,1000
167.418928927002,1008,1000
167.430499162301,1008,1000
167.438928927002,1008,1000
167.449255951184,1008,1000
167.458928927002,1008,1000
167.468928930772,1008,1000
167.478928930772,1008,1000
167.488928930772,1008,1000
167.501700412226,1008,1000
167.508928934586,1008,1000
167.518928934586,1008,1000
167.52966211143,1008,1000
167.538928934586,1008,1000
167.548928934586,1008,1000
167.558928934586,1008,1000
167.569819295056,1008,1000
167.5789289384,1008,1000
167.5889289384,1008,1000
167.5989289384,1008,1000
167.608928942218,1008,1000
167.618928942218,1008,1000
167.629759292588,1008,1000
167.639957338224,1008,1000
167.648928942218,1008,1000
167.658928942218,1008,1000
167.668928946036,1008,1000
167.678928946036,1008,1000
167.688928946036,1008,1000
167.699091339574,1008,1000
167.709199389045,1008,1000
167.719828949871,1008,1000
167.728928949871,1008,1000
167.739797949871,1008,1000
167.748928949871,1008,1000
167.759259927829,1008,1000
167.768928953706,1008,1000
167.778928953706,1008,1000
167.789152004527,1008,1000
167.798928953706,1008,1000
167.809175008343,1008,1000
167.818928957522,1008,1000
167.828928957522,1008,1000
167.838928957522,1008,1000
167.848928957522,1008,1000
167.858928957522,1008,1000
167.868928961338,1008,1000
167.878928961338,1008,1000
167.888928961338,1008,1000
167.899607850319,1008,1000
167.908928965176,1008,1000
167.921726922599,1008,1000
167.928928965176,1008,1000
167.938928965176,1008,1000
167.948928965176,1008,1000
167.958928965176,1008,1000
167.968928969014,1008,1000
167.978928969014,1008,1000
167.989701805429,1008,1000
167.998928969014,1008,1000
168.008928972884,1008,1000
168.018928972884,1008,1000
168.028928972884,1008,1000
168.038928972884,1008,1000
168.048928972884,1008,1000
168.059549972884,1008,1000
168.068928976754,1008,1000
168.078928976754,1008,1000
168.088928976754,1008,1000
168.098960212088,1008,1000
168.108928980607,1008,1000
168.118928980607,1008,1000
168.128928980607,1008,1000
168.138928980607,1008,1000
168.148928980607,1008,1000
168.158928980607,1008,1000
168.16892898446,1008,1000
168.17892898446,1008,1000
168.18892898446,1008,1000
168.19892898446,1008,1000
168.21002789905,1008,1000
168.218928988346,1008,1000
168.229471658251,1008,1000
168.238928988346,1008,1000
168.248928988346,1008,1000
168.258928988346,1008,1000
168.268928992232,1008,1000
168.279265081528,1008,1000
168.288928992232,1008,1000
168.298928992232,1008,1000
168.30892899612,1008,1000
168.31892899612,1008,1000
168.32892899612,1008,1000
168.33892899612,1008,1000
168.34892899612,1008,1000
168.35892899612,1008,1000
168.369504542389,1008,1000
168.379437315206,1008,1000
168.388929000008,1008,1000
168.398929000008,1008,1000
168.408929003908,1008,1000
168.418929003908,1008,1000
168.428929003908,1008,1000
168.438929003908,1008,1000
168.448929003908,1008,1000
168.458929003908,1008,1000
168.468929007808,1008,1000
168.478929007808,1008,1000
168.488929007808,1008,1000
168.498929007808,1008,1000
168.508929011727,1008,1000
168.518929011727,1008,1000
168.528929011727,1008,1000
168.538929011727,1008,1000
168.548929011727,1008,1000
168.559517957865,1008,1000
168.568929015646,1008,1000
168.578929015646,1008,1000
168.588929015646,1008,1000
168.598929015646,1008,1000
168.608929019543,1008,1000
168.619789019543,1008,1000
168.628929019543,1008,1000
168.638929019543,1008,1000
168.648929019543,1008,1000
168.658929019543,1008,1000
168.66892902344,1008,1000
168.679662385493,1008,1000
168.689247143933,1008,1000
168.69949438557,1008,1000
168.70892902738,1008,1000
168.71892902738,1008,1000
168.72892902738,1008,1000
168.73892902738,1008,1000
168.74892902738,1008,1000
168.75892902738,1008,1000
168.76892903132,1008,1000
168.77892903132,1008,1000
168.78892903132,1008,1000
168.79892903132,1008,1000
168.808929035256,1008,1000
168.818929035256,1008,1000
168.828929035256,1008,1000
168.838929035256,1008,1000
168.848929035256,1008,1000
168.859761416966,1008,1000
168.868929039192,1008,1000
168.878929039192,1008,1000
168.888929039192,1008,1000
168.898929039192,1008,1000
168.908929043118,1008,1000
168.918929043118,1008,1000
168.929039561034,1008,1000
168.938929043118,1008,1000
168.948929043118,1008,1000
168.958929043118,1008,1000
168.968929047044,1008,1000
168.978929047044,1008,1000
168.988929047044,1008,1000
168.998929047044,1008,1000
169.008929050983,1008,1000
169.018929050983,1008,1000
169.028929050983,1008,1000
169.038929050983,1008,1000
169.048929050983,1008,1000
169.058929050983,1008,1000
169.068929054922,1008,1000
169.078929054922,1008,1000
169.088929054922,1008,1000
169.098929054922,1008,1000
169.10892905888,1008,1000
169.11892905888,1008,1000
169.12892905888,1008,1000
169.13892905888,1008,1000
169.14892905888,1008,1000
169.159446487794,1008,1000
169.168929062838,1008,1000
169.178929062838,1008,1000
169.188929062838,1008,1000
169.198929062838,1008,1000
169.209039032157,1008,1000
169.219622066795,1008,1000
169.228929066795,1008,1000
169.238929066795,1008,1000
169.248929066795,1008,1000
169.258929066795,1008,1000
169.268929070752,1008,1000
169.278929070752,1008,1000
169.288929070752,1008,1000
169.298929070752,1008,1000
169.308929074722,1008,1000
169.318929074722,1008,1000
169.329617531339,1008,1000
169.338929074722,1008,1000
169.348929074722,1008,1000
169.360000074722,1008,1000
169.368929078692,1008,1000
169.379262551176,1008,1000
169.388929078692,1008,1000
169.398929078692,1008,1000
169.408929082682,1008,1000
169.418929082682,1008,1000
169.429296258354,1008,1000
169.438929082682,1008,1000
169.448929082682,1008,1000
169.460041082682,1008,1000
169.468929086672,1008,1000
169.479685086672,1008,1000
169.488929086672,1008,1000
169.498929086672,1008,1000
169.508929090682,1008,1000
169.518940900861,1008,1000
169.529364274314,1008,1000
169.538929090682,1008,1000
169.548929090682,1008,1000
169.558929090682,1008,1000
169.569528094692,1008,1000
169.578929094692,1008,1000
169.588929094692,1008,1000
169.598929094692,1008,1000
169.608929098708,1008,1000
169.618929098708,1008,1000
169.628929098708,1008,1000
169.638929098708,1008,1000
169.648929098708,1008,1000
169.658929098708,1008,1000
169.668929102724,1008,1000
169.679640102724,1008,1000
169.688929102724,1008,1000
169.699686405378,1008,1000
169.709070370642,1008,1000
169.718929106735,1008,1000
169.728929106735,1008,1000
169.738929106735,1008,1000
169.748929106735,1008,1000
169.758929106735,1008,1000
169.768929110746,1008,1000
169.779483110746,1008,1000
169.788929110746,1008,1000
169.799739110746,1008,1000
169.808929114749,1008,1000
169.818929114749,1008,1000
169.828929114749,1008,1000
169.838929114749,1008,1000
169.849384655311,1008,1000
169.858929114749,1008,1000
169.869026330448,1008,1000
169.878929118752,1008,1000
169.888929118752,1008,1000
169.898929118752,1008,1000
169.908929122796,1008,1000
169.918929122796,1008,1000
169.928929122796,1008,1000
169.938929122796,1008,1000
169.948929122796,1008,1000
169.958929122796,1008,1000
169.96892912684,1008,1000
169.97892912684,1008,1000
169.98969412684,1008,1000
169.99892912684,1008,1000
170.008929130881,1008,1000
170.018929130881,1008,1000
170.028929130881,1008,1000
170.038929130881,1008,1000
170.048929130881,1008,1000
170.058929130881,1008,1000
170.068929134922,1008,1000
170.078929134922,1008,1000
170.09002789905,1008,1000
170.098929134922,1008,1000
170.108929138974,1008,1000
170.119726376818,1008,1000
170.129680723847,1008,1000
170.138929138974,1008,1000
170.148929138974,1008,1000
170.159472374846,1008,1000
170.168938835122,1008,1000
170.178929143026,1008,1000
170.188986620794,1008,1000
170.198929143026,1008,1000
170.208929147077,1008,1000
170.218929147077,1008,1000
170.228929147077,1008,1000
170.238929147077,1008,1000
170.248929147077,1008,1000
170.259969147077,1008,1000
170.268929151128,1008,1000
170.278929151128,1008,1000
170.288929151128,1008,1000
170.299906151128,1008,1000
170.30892915517,1008,1000
170.31892915517,1008,1000
170.329454403197,1008,1000
170.338952188806,1008,1000
170.34892915517,1008,1000
170.35892915517,1008,1000
170.36935541129,1008,1000
170.378929159212,1008,1000
170.388929159212,1008,1000
170.398929159212,1008,1000
170.408929163279,1008,1000
170.418929163279,1008,1000
170.428929163279,1008,1000
170.438929163279,1008,1000
170.449599800773,1008,1000
170.459283282658,1008,1000
170.469541167346,1008,1000
170.478929167346,1008,1000
170.488929167346,1008,1000
170.498929167346,1008,1000
170.508929171406,1008,1000
170.518929171406,1008,1000
170.528929171406,1008,1000
170.538929171406,1008,1000
170.548929171406,1008,1000
170.558929171406,1008,1000
170.568929175466,1008,1000
170.578929175466,1008,1000
170.588929175466,1008,1000
170.598929175466,1008,1000
170.608929179545,1008,1000
170.618929179545,1008,1000
170.628929179545,1008,1000
170.639631179545,1008,1000
170.648929179545,1008,1000
170.658929179545,1008,1000
170.668929183624,1008,1000
170.678929183624,1008,1000
170.688929183624,1008,1000
170.698929183624,1008,1000
170.708929187693,1008,1000
170.718929187693,1008,1000
170.728929187693,1008,1000
170.738929187693,1008,1000
170.748929187693,1008,1000
170.758929187693,1008,1000
170.768929191762,1008,1000
170.778929191762,1008,1000
170.789219294653,1008,1000
170.798929191762,1008,1000
170.808929195837,1008,1000
170.818929195837,1008,1000
170.828929195837,1008,1000
170.838929195837,1008,1000
170.848929195837,1008,1000
170.858929195837,1008,1000
170.868929199912,1008,1000
170.878929199912,1008,1000
170.888929199912,1008,1000
170.898929199912,1008,1000
170.909743918836,1008,1000
170.918929204017,1008,1000
170.929386975781,1008,1000
170.938929204017,1008,1000
170.948929204017,1008,1000
170.958929204017,1008,1000
170.968929208122,1008,1000
170.979238227908,1008,1000
170.988929208122,1008,1000
170.999829208122,1008,1000
171.008929212308,1008,1000
171.018929212308,1008,1000
171.028929212308,1008,1000
171.038929212308,1008,1000
171.049627212308,1008,1000
171.058929212308,1008,1000
171.069522811479,1008,1000
171.078929216494,1008,1000
171.088929216494,1008,1000
171.099640216494,1008,1000
171.108929220673,1008,1000
171.118929220673,1008,1000
171.129631220673,1008,1000
171.138929220673,1008,1000
171.148929220673,1008,1000
171.158929220673,1008,1000
171.168929224852,1008,1000
171.179554989447,1008,1000
171.188929224852,1008,1000
171.198929224852,1008,1000
171.208929229034,1008,1000
171.219654229034,1008,1000
171.228929229034,1008,1000
171.238929229034,1008,1000
171.248929229034,1008,1000
171.259170021205,1008,1000
171.268929233216,1008,1000
171.278929233216,1008,1000
171.288929233216,1008,1000
171.298929233216,1008,1000
171.308929237427,1008,1000
171.318929237427,1008,1000
171.328929237427,1008,1000
171.339559237427,1008,1000
171.348929237427,1008,1000
171.358929237427,1008,1000
171.369951241638,1008,1000
171.378929241638,1008,1000
171.388929241638,1008,1000
171.399499665274,1008,1000
171.408929245842,1008,1000
171.418929245842,1008,1000
171.428929245842,1008,1000
171.43944558843,1008,1000
171.450154048188,1008,1000
171.459744245842,1008,1000
171.468929250046,1008,1000
171.478929250046,1008,1000
171.488948299913,1008,1000
171.498929250046,1008,1000
171.50892925425,1008,1000
171.519567403388,1008,1000
171.529085601042,1008,1000
171.53994625425,1008,1000
171.54892925425,1008,1000
171.55892925425,1008,1000
171.569032358499,1008,1000
171.578929258454,1008,1000
171.588929258454,1008,1000
171.598929258454,1008,1000
171.609386617883,1008,1000
171.618929262683,1008,1000
171.628929262683,1008,1000
171.638929262683,1008,1000
171.648929262683,1008,1000
171.658929262683,1008,1000
171.668929266912,1008,1000
171.678929266912,1008,1000
171.688929266912,1008,1000
171.698929266912,1008,1000
171.70892927113,1008,1000
171.71892927113,1008,1000
171.729336757066,1008,1000
171.73892927113,1008,1000
171.74892927113,1008,1000
171.759810014266,1008,1000
171.768929275348,1008,1000
171.779730744001,1008,1000
171.788929275348,1008,1000
171.798929275348,1008,1000
171.808929279568,1008,1000
171.819708279568,1008,1000
171.829178394784,1008,1000
171.838929279568,1008,1000
171.849189124519,1008,1000
171.858929279568,1008,1000
171.869946283788,1008,1000
171.879834283788,1008,1000
171.888929283788,1008,1000
171.898929283788,1008,1000
171.909978288036,1008,1000
171.918929288036,1008,1000
171.929685288036,1008,1000
171.939359672774,1008,1000
171.949175672774,1008,1000
171.959510288036,1008,1000
171.968929292284,1008,1000
171.97947268127,1008,1000
171.988929292284,1008,1000
171.998929292284,1008,1000
172.008929296528,1008,1000
172.018929296528,1008,1000
172.028929296528,1008,1000
172.038929296528,1008,1000
172.048929296528,1008,1000
172.058929296528,1008,1000
172.068929300772,1008,1000
172.078929300772,1008,1000
172.089483300772,1008,1000
172.098929300772,1008,1000
172.108929304995,1008,1000
172.119861304995,1008,1000
172.128929304995,1008,1000
172.138929304995,1008,1000
172.148929304995,1008,1000
172.159591304995,1008,1000
172.168929309218,1008,1000
172.178929309218,1008,1000
172.189139715163,1008,1000
172.201134434874,1008,1000
172.208929313461,1008,1000
172.218929313461,1008,1000
172.228929313461,1008,1000
172.238929313461,1008,1000
172.248929313461,1008,1000
172.258929313461,1008,1000
172.268929317704,1008,1000
172.278929317704,1008,1000
172.288929317704,1008,1000
172.298929317704,1008,1000
172.308929321948,1008,1000
172.319721321948,1008,1000
172.328929321948,1008,1000
172.341510834464,1008,1000
172.348929321948,1008,1000
172.358929321948,1008,1000
172.368929326192,1008,1000
172.380145669537,1008,1000
172.38913474909,1008,1000
172.400801451832,1008,1000
172.408998721529,1008,1000
172.418929330427,1008,1000
172.429762330427,1008,1000
172.438929330427,1008,1000
172.449397100914,1008,1000
172.458929330427,1008,1000
172.468929334662,1008,1000
172.478929334662,1008,1000
172.488929334662,1008,1000
172.499157766039,1008,1000
172.508929338907,1008,1000
172.518929338907,1008,1000
172.528929338907,1008,1000
172.538929338907,1008,1000
172.548929338907,1008,1000
172.558929338907,1008,1000
172.568929343152,1008,1000
172.580032343152,1008,1000
172.588929343152,1008,1000
172.599874343152,1008,1000
172.608929347419,1008,1000
172.618929347419,1008,1000
172.630032347419,1008,1000
172.638929347419,1008,1000
172.650990468856,1008,1000
172.658929347419,1008,1000
172.669251795788,1008,1000
172.678929351686,1008,1000
172.689996351686,1008,1000
172.699463800055,1008,1000
172.708929355941,1008,1000
172.718929355941,1008,1000
172.728929355941,1008,1000
172.738929355941,1008,1000
172.748929355941,1008,1000
172.760837477366,1008,1000
172.768929360196,1008,1000
172.778929360196,1008,1000
172.788929360196,1008,1000
172.798929360196,1008,1000
172.809954747027,1008,1000
172.818929364465,1008,1000
172.828929364465,1008,1000
172.838929364465,1008,1000
172.848929364465,1008,1000
172.858929364465,1008,1000
172.868929368734,1008,1000
172.879431216711,1008,1000
172.888929368734,1008,1000
172.898929368734,1008,1000
172.908929372997,1008,1000
172.918929372997,1008,1000
172.928929372997,1008,1000
172.938929372997,1008,1000
172.948929372997,1008,1000
172.958929372997,1008,1000
172.96892937726,1008,1000
172.97892937726,1008,1000
172.98892937726,1008,1000
172.99892937726,1008,1000
173.008929381519,1008,1000
173.019003721209,1008,1000
173.028929381519,1008,1000
173.038929381519,1008,1000
173.048929381519,1008,1000
173.058929381519,1008,1000
173.068929385778,1008,1000
173.081287502948,1008,1000
173.088929385778,1008,1000
173.098929385778,1008,1000
173.108929390047,1008,1000
173.119649390047,1008,1000
173.128929390047,1008,1000
173.138929390047,1008,1000
173.148929390047,1008,1000
173.158929390047,1008,1000
173.168929394316,1008,1000
173.178929394316,1008,1000
173.188929394316,1008,1000
173.198929394316,1008,1000
173.208929398604,1008,1000
173.218929398604,1008,1000
173.228929398604,1008,1000
173.239895345693,1008,1000
173.248929398604,1008,1000
173.258929398604,1008,1000
173.268929402892,1008,1000
173.278929402892,1008,1000
173.288929402892,1008,1000
173.298929402892,1008,1000
173.309362853815,1008,1000
173.318929407172,1008,1000
173.328929407172,1008,1000
173.338929407172,1008,1000
173.348929407172,1008,1000
173.358929407172,1008,1000
173.368929411452,1008,1000
173.378929411452,1008,1000
173.388929411452,1008,1000
173.398929411452,1008,1000
173.408929415756,1008,1000
173.418929415756,1008,1000
173.429563280123,1008,1000
173.440005415756,1008,1000
173.448929415756,1008,1000
173.458929415756,1008,1000
173.46892942006,1008,1000
173.47892942006,1008,1000
173.489242411085,1008,1000
173.49892942006,1008,1000
173.509337941042,1008,1000
173.518929424336,1008,1000
173.528929424336,1008,1000
173.538929424336,1008,1000
173.549947767219,1008,1000
173.558929424336,1008,1000
173.568929428612,1008,1000
173.578929428612,1008,1000
173.589978428612,1008,1000
173.598929428612,1008,1000
173.608929432928,1008,1000
173.619253301097,1008,1000
173.628929432928,1008,1000
173.638929432928,1008,1000
173.649919432928,1008,1000
173.65922096249,1008,1000
173.669503617854,1008,1000
173.678929437244,1008,1000
173.688929437244,1008,1000
173.698929437244,1008,1000
173.709807441536,1008,1000
173.719395975414,1008,1000
173.728929441536,1008,1000
173.738929441536,1008,1000
173.748929441536,1008,1000
173.758929441536,1008,1000
173.768929445828,1008,1000
173.779175988314,1008,1000
173.788929445828,1008,1000
173.798929445828,1008,1000
173.80961865656,1008,1000
173.820009450126,1008,1000
173.831062450126,1008,1000
173.838929450126,1008,1000
173.848929450126,1008,1000
173.860864571594,1008,1000
173.868929454424,1008,1000
173.878929454424,1008,1000
173.8895040055,1008,1000
173.898929454424,1008,1000
173.908929458744,1008,1000
173.919771458744,1008,1000
173.928929458744,1008,1000
173.938929458744,1008,1000
173.949816458744,1008,1000
173.959193105322,1008,1000
173.968929463064,1008,1000
173.978929463064,1008,1000
173.991685703942,1008,1000
173.998929463064,1008,1000
174.008929467362,1008,1000
174.02148458883,1008,1000
174.028929467362,1008,1000
174.038929467362,1008,1000
174.048929467362,1008,1000
174.05941759107,1008,1000
174.06892947166,1008,1000
174.07892947166,1008,1000
174.08924347166,1008,1000
174.09892947166,1008,1000
174.108929475985,1008,1000
174.118929475985,1008,1000
174.128929475985,1008,1000
174.138929475985,1008,1000
174.148929475985,1008,1000
174.158929475985,1008,1000
174.169916187932,1008,1000
174.17974448031,1008,1000
174.18892948031,1008,1000
174.19892948031,1008,1000
174.208929484608,1008,1000
174.218929484608,1008,1000
174.229847484608,1008,1000
174.23921277349,1008,1000
174.249149065868,1008,1000
174.258929484608,1008,1000
174.268929488906,1008,1000
174.278929488906,1008,1000
174.289255415174,1008,1000
174.299342074464,1008,1000
174.308929493229,1008,1000
174.318929493229,1008,1000
174.328929493229,1008,1000
174.339546493229,1008,1000
174.349577493229,1008,1000
174.358929493229,1008,1000
174.368929497552,1008,1000
174.379537497552,1008,1000
174.388929497552,1008,1000
174.399726497552,1008,1000
174.408929501864,1008,1000
174.418929501864,1008,1000
174.429458799613,1008,1000
174.439870501864,1008,1000
174.448929501864,1008,1000
174.458929501864,1008,1000
174.469041104678,1008,1000
174.478929506176,1008,1000
174.48990510899,1008,1000
174.498929506176,1008,1000
174.509302113302,1008,1000
174.519586510488,1008,1000
174.529937510488,1008,1000
174.538929510488,1008,1000
174.55089163197,1008,1000
174.559363720428,1008,1000
174.57104110159,1008,1000
174.5789295148,1008,1000
174.5889295148,1008,1000
174.599369694251,1008,1000
174.60991315169,1008,1000
174.618929519133,1008,1000
174.628929519133,1008,1000
174.639159988753,1008,1000
174.64943796582,1008,1000
174.658929519133,1008,1000
174.668929523466,1008,1000
174.679308776106,1008,1000
174.689496523466,1008,1000
174.698929523466,1008,1000
174.708929527797,1008,1000
174.718929527797,1008,1000
174.728929527797,1008,1000
174.738929527797,1008,1000
174.748929527797,1008,1000
174.760864649298,1008,1000
174.768929532128,1008,1000
174.779960532128,1008,1000
174.788929532128,1008,1000
174.798929532128,1008,1000
174.809595536468,1008,1000
174.818929536468,1008,1000
174.828929536468,1008,1000
174.838929536468,1008,1000
174.850229169546,1008,1000
174.858929536468,1008,1000
174.869546540808,1008,1000
174.878929540808,1008,1000
174.888929540808,1008,1000
174.899490489664,1008,1000
174.908929545147,1008,1000
174.921479815643,1008,1000
174.928929545147,1008,1000
174.938929545147,1008,1000
174.948929545147,1008,1000
174.961530545147,1008,1000
174.968929549486,1008,1000
174.978929549486,1008,1000
174.991178666656,1008,1000
175.001196675324,1008,1000
175.00892955382,1008,1000
175.01892955382,1008,1000
175.02892955382,1008,1000
175.03892955382,1008,1000
175.04892955382,1008,1000
175.05924355382,1008,1000
175.069243558154,1008,1000
175.078929558154,1008,1000
175.088929558154,1008,1000
175.101763684042,1008,1000
175.108929562513,1008,1000
175.118929562513,1008,1000
175.128929562513,1008,1000
175.138929562513,1008,1000
175.15002789905,1008,1000
175.159609997891,1008,1000
175.169243566872,1008,1000
175.178929566872,1008,1000
175.188929566872,1008,1000
175.198929566872,1008,1000
175.208929571224,1008,1000
175.219856234687,1008,1000
175.229737455057,1008,1000
175.238929571224,1008,1000
175.248929571224,1008,1000
175.258929571224,1008,1000
175.268929575576,1008,1000
175.278929575576,1008,1000
175.289251911213,1008,1000
175.299215886487,1008,1000
175.308929579962,1008,1000
175.318929579962,1008,1000
175.328929579962,1008,1000
175.338929579962,1008,1000
175.348929579962,1008,1000
175.358929579962,1008,1000
175.368929584348,1008,1000
175.378929584348,1008,1000
175.388929584348,1008,1000
175.398929584348,1008,1000
175.409676588729,1008,1000
175.419852588729,1008,1000
175.428929588729,1008,1000
175.438929588729,1008,1000
175.448929588729,1008,1000
175.458929588729,1008,1000
175.46892959311,1008,1000
175.47892959311,1008,1000
175.489203282789,1008,1000
175.501318835655,1008,1000
175.508929597488,1008,1000
175.518937866712,1008,1000
175.529726597488,1008,1000
175.538929597488,1008,1000
175.548929597488,1008,1000
175.558929597488,1008,1000
175.569356718485,1008,1000
175.579946601866,1008,1000
175.588929601866,1008,1000
175.59957682485,1008,1000
175.608929606229,1008,1000
175.618929606229,1008,1000
175.629870606229,1008,1000
175.638929606229,1008,1000
175.649360309045,1008,1000
175.659243606229,1008,1000
175.668929610592,1008,1000
175.679721610592,1008,1000
175.688929610592,1008,1000
175.699221317771,1008,1000
175.708929614956,1008,1000
175.718929614956,1008,1000
175.728934540826,1008,1000
175.738929614956,1008,1000
175.748982326498,1008,1000
175.758929614956,1008,1000
175.768959106758,1008,1000
175.77892961932,1008,1000
175.78892961932,1008,1000
175.79964061932,1008,1000
175.808929623699,1008,1000
175.821169745248,1008,1000
175.828929623699,1008,1000
175.840048878769,1008,1000
175.849942623699,1008,1000
175.858929623699,1008,1000
175.868929628078,1008,1000
175.878929628078,1008,1000
175.890844474276,1008,1000
175.898929628078,1008,1000
175.91157646727,1008,1000
175.919275357152,1008,1000
175.928929632503,1008,1000
175.941152632503,1008,1000
175.948929632503,1008,1000
175.958929632503,1008,1000
175.969721636928,1008,1000
175.9795783501,1008,1000
175.988929636928,1008,1000
175.999784636928,1008,1000
176.008929641346,1008,1000
176.018929641346,1008,1000
176.028929641346,1008,1000
176.038937379224,1008,1000
176.049865641346,1008,1000
176.058929641346,1008,1000
176.069986383642,1008,1000
176.079973645764,1008,1000
176.089538251944,1008,1000
176.098929645764,1008,1000
176.108929650173,1008,1000
176.119225392469,1008,1000
176.130141844034,1008,1000
176.139313230581,1008,1000
176.149225396887,1008,1000
176.158929650173,1008,1000
176.168929654582,1008,1000
176.178929654582,1008,1000
176.188929654582,1008,1000
176.208335481116,1008,1000
176.209545362666,1008,1000
176.2212417806,1008,1000
176.230029720545,1008,1000
176.238929659006,1008,1000
176.249474659006,1008,1000
176.258929659006,1008,1000
176.269595363946,1008,1000
176.27892966343,1008,1000
176.28924366343,1008,1000
176.299992484925,1008,1000
176.310397667869,1008,1000
176.318929667869,1008,1000
176.328929667869,1008,1000
176.338929667869,1008,1000
176.348929667869,1008,1000
176.358929667869,1008,1000
176.369262258183,1008,1000
176.379613441127,1008,1000
176.388929672308,1008,1000
176.398929672308,1008,1000
176.411359676725,1008,1000
176.419802676725,1008,1000
176.428929676725,1008,1000
176.438929676725,1008,1000
176.448929676725,1008,1000
176.458929676725,1008,1000
176.468929681142,1008,1000
176.478929681142,1008,1000
176.490202458817,1008,1000
176.498929681142,1008,1000
176.509780685556,1008,1000
176.51912054811,1008,1000
176.530243689029,1008,1000
176.538929685556,1008,1000
176.548929685556,1008,1000
176.562010245323,1008,1000
176.56892968997,1008,1000
176.579203476476,1008,1000
176.58964968997,1008,1000
176.599820957006,1008,1000
176.608929694415,1008,1000
176.618929694415,1008,1000
176.628929694415,1008,1000
176.638929694415,1008,1000
176.649681694415,1008,1000
176.661854694415,1008,1000
176.669297756816,1008,1000
176.67892969886,1008,1000
176.68892969886,1008,1000
176.69892969886,1008,1000
176.708929703295,1008,1000
176.720365703295,1008,1000
176.728929703295,1008,1000
176.738929703295,1008,1000
176.749730703295,1008,1000
176.758929703295,1008,1000
176.76969070773,1008,1000
176.77961870773,1008,1000
176.790441511975,1008,1000
176.79892970773,1008,1000
176.808929712196,1008,1000
176.820067516441,1008,1000
176.828977349834,1008,1000
176.838929712196,1008,1000
176.848929712196,1008,1000
176.860782325121,1008,1000
176.869690716662,1008,1000
176.878929716662,1008,1000
176.890156334053,1008,1000
176.898929716662,1008,1000
176.908929721123,1008,1000
176.918929721123,1008,1000
176.931035842754,1008,1000
176.938929721123,1008,1000
176.948929721123,1008,1000
176.959408156126,1008,1000
176.970041725584,1008,1000
176.978929725584,1008,1000
176.989242238652,1008,1000
176.998929725584,1008,1000
177.009708730057,1008,1000
177.018929730057,1008,1000
177.028929730057,1008,1000
177.039383556591,1008,1000
177.048929730057,1008,1000
177.058929730057,1008,1000
177.06970373453,1008,1000
177.07892973453,1008,1000
177.08892973453,1008,1000
177.09892973453,1008,1000
177.108929738967,1008,1000
177.118929738967,1008,1000
177.128929738967,1008,1000
177.139892738967,1008,1000
177.148929738967,1008,1000
177.160837738967,1008,1000
177.169374578884,1008,1000
177.178929743404,1008,1000
177.188929743404,1008,1000
177.20002789905,1008,1000
177.209954587795,1008,1000
177.218929747878,1008,1000
177.228929747878,1008,1000
177.238929747878,1008,1000
177.250891869522,1008,1000
177.258929747878,1008,1000
177.269234596706,1008,1000
177.281483441097,1008,1000
177.288929752352,1008,1000
177.299919752352,1008,1000
177.309730756798,1008,1000
177.319564756798,1008,1000
177.328929756798,1008,1000
177.339667756798,1008,1000
177.348929756798,1008,1000
177.35994783332,1008,1000
177.37231159391,1008,1000
177.378982618992,1008,1000
177.388929761244,1008,1000
177.398929761244,1008,1000
177.410036765721,1008,1000
177.419550765721,1008,1000
177.430095699991,1008,1000
177.438929765721,1008,1000
177.449708765721,1008,1000
177.459246933694,1008,1000
177.468929770198,1008,1000
177.479999636869,1008,1000
177.489505770198,1008,1000
177.500891575584,1008,1000
177.508929774643,1008,1000
177.518929774643,1008,1000
177.532579896258,1008,1000
177.541780158825,1008,1000
177.549494512462,1008,1000
177.559915774643,1008,1000
177.569483779088,1008,1000
177.578929779088,1008,1000
177.588929779088,1008,1000
177.599690779088,1008,1000
177.609309046106,1008,1000
177.622169783539,1008,1000
177.629275659132,1008,1000
177.638929783539,1008,1000
177.656499789649,1008,1000
177.665796783539,1008,1000
177.66892978799,1008,1000
177.67892978799,1008,1000
177.68892978799,1008,1000
177.69892978799,1008,1000
177.708929792448,1008,1000
177.721421914076,1008,1000
177.729694792448,1008,1000
177.738929792448,1008,1000
177.748929792448,1008,1000
177.758929792448,1008,1000
177.768929796906,1008,1000
177.778929796906,1008,1000
177.790076796906,1008,1000
177.801187923014,1008,1000
177.808929801375,1008,1000
177.819694801375,1008,1000
177.828929801375,1008,1000
177.838929801375,1008,1000
177.850045801375,1008,1000
177.859436699231,1008,1000
177.869243805844,1008,1000
177.879537805844,1008,1000
177.889825805844,1008,1000
177.902223810324,1008,1000
177.910527810324,1008,1000
177.920130712649,1008,1000
177.930009810324,1008,1000
177.939879376682,1008,1000
177.948929810324,1008,1000
177.961889931974,1008,1000
177.969872596796,1008,1000
177.980013726078,1008,1000
177.989481628403,1008,1000
178.00039173054,1008,1000
178.009212296898,1008,1000
178.018991601992,1008,1000
178.029243819266,1008,1000
178.040945940898,1008,1000
178.049427646294,1008,1000
178.058929819266,1008,1000
178.070828940898,1008,1000
178.078929823728,1008,1000
178.089526568518,1008,1000
178.099775823728,1008,1000
178.108929828173,1008,1000
178.118929828173,1008,1000
178.128929828173,1008,1000
178.138929828173,1008,1000
178.148929828173,1008,1000
178.158929828173,1008,1000
178.169252757296,1008,1000
178.179541832618,1008,1000
178.189748832618,1008,1000
178.198929832618,1008,1000
178.209780837083,1008,1000
178.218929837083,1008,1000
178.229703837083,1008,1000
178.238929837083,1008,1000
178.251633896751,1008,1000
178.261035958718,1008,1000
178.269879841548,1008,1000
178.279275779581,1008,1000
178.288929841548,1008,1000
178.303115846003,1008,1000
178.309586846003,1008,1000
178.319437784036,1008,1000
178.328929846003,1008,1000
178.341719788501,1008,1000
178.349586846003,1008,1000
178.363815914581,1008,1000
178.368929850458,1008,1000
178.378929850458,1008,1000
178.388929850458,1008,1000
178.400098319294,1008,1000
178.408956779769,1008,1000
178.418929854928,1008,1000
178.432007976568,1008,1000
178.438929854928,1008,1000
178.449685854928,1008,1000
178.459703854928,1008,1000
178.469593279642,1008,1000
178.478929859398,1008,1000
178.490470892794,1008,1000
178.503276985478,1008,1000
178.508929863853,1008,1000
178.519754700403,1008,1000
178.528929863853,1008,1000
178.538929863853,1008,1000
178.548929863853,1008,1000
178.559857857597,1008,1000
178.571472868308,1008,1000
178.579546868308,1008,1000
178.589708669661,1008,1000
178.598956467626,1008,1000
178.608929872777,1008,1000
178.618929872777,1008,1000
178.629109831324,1008,1000
178.643215928463,1008,1000
178.648929872777,1008,1000
178.659577872777,1008,1000
178.668929877246,1008,1000
178.681458994416,1008,1000
178.688929877246,1008,1000
178.700164280505,1008,1000
178.712228003308,1008,1000
178.718929881692,1008,1000
178.729615950785,1008,1000
178.738929881692,1008,1000
178.751022018864,1008,1000
178.76002789905,1008,1000
178.770123267593,1008,1000
178.779243886138,1008,1000
178.788929886138,1008,1000
178.798929886138,1008,1000
178.808929890586,1008,1000
178.818954434218,1008,1000
178.831788012204,1008,1000
178.839978259129,1008,1000
178.848929890586,1008,1000
178.863213890586,1008,1000
178.874510459786,1008,1000
178.878929895034,1008,1000
178.889843895034,1008,1000
178.898929895034,1008,1000
178.909230259592,1008,1000
178.918929899513,1008,1000
178.931593626143,1008,1000
178.943640021625,1008,1000
178.949564899513,1008,1000
178.959221895497,1008,1000
178.968929903992,1008,1000
178.978929903992,1008,1000
178.989510903992,1008,1000
179.000971635569,1008,1000
179.01305303013,1008,1000
179.018929908476,1008,1000
179.029861908476,1008,1000
179.04157503013,1008,1000
179.048929908476,1008,1000
179.059919908476,1008,1000
179.06892991296,1008,1000
179.07892991296,1008,1000
179.08997391296,1008,1000
179.100189922386,1008,1000
179.109243917426,1008,1000
179.118929917426,1008,1000
179.129279926852,1008,1000
179.138929917426,1008,1000
179.148929917426,1008,1000
179.160062931336,1008,1000
179.170883039062,1008,1000
179.185244921892,1008,1000
179.189739921892,1008,1000
179.198929921892,1008,1000
179.208929926349,1008,1000
179.219780926349,1008,1000
179.231025958635,1008,1000
179.238929926349,1008,1000
179.248929926349,1008,1000
179.263352098117,1008,1000
179.268929930806,1008,1000
179.280347930806,1008,1000
179.289140958105,1008,1000
179.301360056888,1008,1000
179.308929935262,1008,1000
179.318929935262,1008,1000
179.330830985403,1008,1000
179.338929935262,1008,1000
179.349599967018,1008,1000
179.359802935262,1008,1000
179.369505939718,1008,1000
179.378929939718,1008,1000
179.390027939718,1008,1000
179.406470197367,1008,1000
179.409040138254,1008,1000
179.420189944204,1008,1000
179.429936980416,1008,1000
179.438929944204,1008,1000
179.448929944204,1008,1000
179.460909495963,1008,1000
179.478324247007,1008,1000
179.479074413817,1008,1000
179.492308160654,1008,1000
179.499207030056,1008,1000
179.509604953155,1008,1000
179.518929953155,1008,1000
179.530005953155,1008,1000
179.538929953155,1008,1000
179.55089207479,1008,1000
179.559414047949,1008,1000
179.56892995762,1008,1000
179.58105395762,1008,1000
179.58892995762,1008,1000
179.602007200812,1008,1000
179.609483962069,1008,1000
179.618929962069,1008,1000
179.628929962069,1008,1000
179.642537083688,1008,1000
179.649933962069,1008,1000
179.659789962069,1008,1000
179.670108083642,1008,1000
179.679586966518,1008,1000
179.688929966518,1008,1000
179.714149092568,1008,1000
179.717952286086,1008,1000
179.719866033977,1008,1000
179.729159033977,1008,1000
179.740991092568,1008,1000
179.748929970958,1008,1000
179.758929970958,1008,1000
179.771414092568,1008,1000
179.779243975398,1008,1000
179.789334110325,1008,1000
179.798929975398,1008,1000
179.808929979847,1008,1000
179.822957979847,1008,1000
179.829595979847,1008,1000
179.839532979847,1008,1000
179.850554979847,1008,1000
179.858929979847,1008,1000
179.868929984296,1008,1000
179.879519984296,1008,1000
179.888929984296,1008,1000
179.899897984296,1008,1000
179.908929988739,1008,1000
179.922825321654,1008,1000
179.928929988739,1008,1000
179.941512988739,1008,1000
179.952993110352,1008,1000
179.958929988739,1008,1000
179.97027220751,1008,1000
179.983980985823,1008,1000
179.989243993182,1008,1000
179.999874993182,1008,1000
180.00892999762,1008,1000
180.02013999762,1008,1000
180.02987999762,1008,1000
180.040928119228,1008,1000
180.04892999762,1008,1000
180.05892999762,1008,1000
180.06910009619,1008,1000
180.081224119228,1008,1000
180.093829100628,1008,1000
180.099105100628,1008,1000
180.111628226689,1008,1000
180.119866006511,1008,1000
180.128930006511,1008,1000
180.141528227835,1008,1000
180.149960006511,1008,1000
180.159899975951,1008,1000
180.171468520335,1008,1000
180.181249338603,1008,1000
180.189136118425,1008,1000
180.202612137034,1008,1000
180.212066137034,1008,1000
180.223474375018,1008,1000
180.235101375018,1008,1000
180.240204407615,1008,1000
180.249763015414,1008,1000
180.259799015414,1008,1000
180.268930019864,1008,1000
180.279244019864,1008,1000
180.2932769189,1008,1000
180.302689262314,1008,1000
180.309483532895,1008,1000
180.32222338761,1008,1000
180.329051140694,1008,1000
180.34002789905,1008,1000
180.352117383128,1008,1000
180.35979002433,1008,1000
180.368930028796,1008,1000
180.381810145966,1008,1000
180.395062517356,1008,1000
180.398930028796,1008,1000
180.409240158524,1008,1000
180.420001033244,1008,1000
180.429195158524,1008,1000
180.439515033244,1008,1000
180.45113428016,1008,1000
180.460847154862,1008,1000
180.472152154862,1008,1000
180.478930037692,1008,1000
180.489271171886,1008,1000
180.499691037692,1008,1000
180.508930042161,1008,1000
180.519700042161,1008,1000
180.529619042161,1008,1000
180.540208042161,1008,1000
180.551449306911,1008,1000
180.559533042161,1008,1000
180.57545742855,1008,1000
180.57957404663,1008,1000
180.59277304663,1008,1000
180.59893004663,1008,1000
180.617123458921,1008,1000
180.62087417266,1008,1000
180.63635032467,1008,1000
180.63924405106,1008,1000
180.64998805106,1008,1000
180.66321817266,1008,1000
180.66972147225,1008,1000
180.67893005549,1008,1000
180.68893005549,1008,1000
180.703120600068,1008,1000
180.710510059879,1008,1000
180.722962181438,1008,1000
180.729244059879,1008,1000
180.742008181438,1008,1000
180.748930059879,1008,1000
180.765170333489,1008,1000
180.777691463826,1008,1000
180.781611181438,1008,1000
180.791036064268,1008,1000
180.80239919021,1008,1000
180.809893068654,1008,1000
180.819898959478,1008,1000
180.828930068654,1008,1000
180.845135351042,1008,1000
180.85251719021,1008,1000
180.858930068654,1008,1000
180.87011307304,1008,1000
180.883205242644,1008,1000
180.890308133468,1008,1000
180.89967307304,1008,1000
180.908930077425,1008,1000
180.919704077425,1008,1000
180.928930077425,1008,1000
180.940211251415,1008,1000
180.948930077425,1008,1000
180.959785311843,1008,1000
180.96997008181,1008,1000
180.97893008181,1008,1000
180.99042008181,1008,1000
180.99893008181,1008,1000
181.01405851647,1008,1000
181.0212070862,1008,1000
181.029190498993,1008,1000
181.03939326896,1008,1000
181.0489300862,1008,1000
181.06212120776,1008,1000
181.06996109059,1008,1000
181.0821953993,1008,1000
181.08893009059,1008,1000
181.09985709059,1008,1000
181.111143216598,1008,1000
181.119727095009,1008,1000
181.128930095009,1008,1000
181.139384286549,1008,1000
181.148930095009,1008,1000
181.159583095009,1008,1000
181.171405216598,1008,1000
181.179969099428,1008,1000
181.189078295387,1008,1000
181.205398103846,1008,1000
181.208930103846,1008,1000
181.225644103846,1008,1000
181.231522103846,1008,1000
181.240492103846,1008,1000
181.253834304224,1008,1000
181.259700103846,1008,1000
181.269659108264,1008,1000
181.282921225434,1008,1000
181.289300693821,1008,1000
181.298930108264,1008,1000
181.31196723425,1008,1000
181.318930112672,1008,1000
181.330492112672,1008,1000
181.3408199058,1008,1000
181.349244112672,1008,1000
181.358930112672,1008,1000
181.36893011708,1008,1000
181.380207754299,1008,1000
181.389664101718,1008,1000
181.399807330702,1008,1000
181.414288587134,1008,1000
181.420371121501,1008,1000
181.432439587134,1008,1000
181.439754121501,1008,1000
181.44956797675,1008,1000
181.461881243092,1008,1000
181.47632466587,1008,1000
181.485024814006,1008,1000
181.493762636702,1008,1000
181.501680251906,1008,1000
181.50987035278,1008,1000
181.521485251906,1008,1000
181.531783251906,1008,1000
181.541305251906,1008,1000
181.554394045285,1008,1000
181.558930130329,1008,1000
181.568962556533,1008,1000
181.579914588466,1008,1000
181.589244134736,1008,1000
181.608383844857,1008,1000
181.609244139145,1008,1000
181.618930139145,1008,1000
181.628930139145,1008,1000
181.638930139145,1008,1000
181.649310828561,1008,1000
181.659569139145,1008,1000
181.670119515803,1008,1000
181.678930143554,1008,1000
181.691447536661,1008,1000
181.698930143554,1008,1000
181.708930147972,1008,1000
181.719619147972,1008,1000
181.733876147972,1008,1000
181.741116764725,1008,1000
181.756095518482,1008,1000
181.760309423909,1008,1000
181.76982615239,1008,1000
181.77987115239,1008,1000
181.795118662235,1008,1000
181.804343278368,1008,1000
181.829624681653,1008,1000
181.833075052163,1008,1000
181.833753431481,1008,1000
181.843719278368,1008,1000
181.85556616877,1008,1000
181.858930156794,1008,1000
181.880256278368,1008,1000
181.880835657686,1008,1000
181.889871161198,1008,1000
181.905050287186,1008,1000
181.909947165607,1008,1000
181.922902553743,1008,1000
181.928930165607,1008,1000
181.939244165607,1008,1000
181.950141924243,1008,1000
181.960964287186,1008,1000
181.970068170016,1008,1000
181.979244436573,1008,1000
181.990388436573,1008,1000
181.999511170016,1008,1000
182.00981217442,1008,1000
182.021130253548,1008,1000
182.02984417442,1008,1000
182.042186295994,1008,1000
182.04893017442,1008,1000
182.060989711943,1008,1000
182.078399692938,1008,1000
182.082408454194,1008,1000
182.099686575768,1008,1000
182.100499977124,1008,1000
182.110475183236,1008,1000
182.119623183236,1008,1000
182.132403710586,1008,1000
182.174027265722,1008,1000
182.17480867149,1008,1000
182.175572077258,1008,1000
182.181257471834,1008,1000
182.182920877602,1008,1000
182.197622116354,1008,1000
182.204425313668,1008,1000
182.208930192073,1008,1000
182.219889579401,1008,1000
182.229481162792,1008,1000
182.243835606691,1008,1000
182.249763192073,1008,1000
182.264062907212,1008,1000
182.271419960752,1008,1000
182.278930196498,1008,1000
182.293596275626,1008,1000
182.298930196498,1008,1000
182.313132908546,1008,1000
182.329636379831,1008,1000
182.331974794449,1008,1000
182.354543322482,1008,1000
182.355302745914,1008,1000
182.360393200905,1008,1000
182.371635322482,1008,1000
182.379565205312,1008,1000
182.389497205312,1008,1000
182.414095331326,1008,1000
182.415462763602,1008,1000
182.428466056598,1008,1000
182.431810331326,1008,1000
182.438930209734,1008,1000
182.451950209734,1008,1000
182.463061209734,1008,1000
182.472016331326,1008,1000
182.480005214156,1008,1000
182.488930214156,1008,1000
182.499947214156,1008,1000
182.513215218566,1008,1000
182.518930218566,1008,1000
182.528930218566,1008,1000
182.539244218566,1008,1000
182.549248533672,1008,1000
182.559921790299,1008,1000
182.572429340146,1008,1000
182.579583222976,1008,1000
182.589601222976,1008,1000
182.599628222976,1008,1000
182.615865349013,1008,1000
182.61893022741,1008,1000
182.629372118659,1008,1000
182.655164918325,1008,1000
182.655978368289,1008,1000
182.66053763701,1008,1000
182.670167091408,1008,1000
182.683063091406,1008,1000
182.706610357914,1008,1000
182.714870357914,1008,1000
182.722853932282,1008,1000
182.724509391146,1008,1000
182.730869383853,1008,1000
182.739657838252,1008,1000
182.752236388286,1008,1000
182.758930236294,1008,1000
182.770799240744,1008,1000
182.788133356248,1008,1000
182.791689357914,1008,1000
182.798930240744,1008,1000
182.811027245158,1008,1000
182.818930245158,1008,1000
182.832213366742,1008,1000
182.844943586852,1008,1000
182.848930245158,1008,1000
182.858930245158,1008,1000
182.869754249572,1008,1000
182.878930249572,1008,1000
182.888930249572,1008,1000
182.904661730506,1008,1000
182.909817253986,1008,1000
182.922903730506,1008,1000
182.932893730506,1008,1000
182.940312604508,1008,1000
182.949767253986,1008,1000
182.958930253986,1008,1000
182.97216537557,1008,1000
182.98149537557,1008,1000
182.992319643017,1008,1000
183.005227384462,1008,1000
183.012512453716,1008,1000
183.019046617782,1008,1000
183.033006262846,1008,1000
183.040237744621,1008,1000
183.050501262846,1008,1000
183.059308530293,1008,1000
183.068930267292,1008,1000
183.080132336546,1008,1000
183.092565869874,1008,1000
183.105143635521,1008,1000
183.112118117296,1008,1000
183.121891393328,1008,1000
183.129799271725,1008,1000
183.148693393328,1008,1000
183.150199709221,1008,1000
183.160946393328,1008,1000
183.172369393328,1008,1000
183.179902276158,1008,1000
183.195077393328,1008,1000
183.206061411302,1008,1000
183.209578280603,1008,1000
183.219668090774,1008,1000
183.230225774881,1008,1000
183.238930280603,1008,1000
183.258619488184,1008,1000
183.259244280603,1008,1000
183.272499625942,1008,1000
183.281050285048,1008,1000
183.288930285048,1008,1000
183.305329411072,1008,1000
183.308930289475,1008,1000
183.321422411072,1008,1000
183.329718289475,1008,1000
183.341500411072,1008,1000
183.353542675473,1008,1000
183.360474289475,1008,1000
183.375411293902,1008,1000
183.378930293902,1008,1000
183.391996590444,1008,1000
183.399987684327,1008,1000
183.408930298324,1008,1000
183.420497298324,1008,1000
183.434952419916,1008,1000
183.441143419916,1008,1000
183.46598550338,1008,1000
183.466772024246,1008,1000
183.470037088023,1008,1000
183.478930302746,1008,1000
183.491260419916,1008,1000
183.503017307171,1008,1000
183.510068307171,1008,1000
183.531837428766,1008,1000
183.532506958482,1008,1000
183.540792496144,1008,1000
183.555654307171,1008,1000
183.564464828037,1008,1000
183.571172311596,1008,1000
183.581161428766,1008,1000
183.589830311596,1008,1000
183.634104514796,1008,1000
183.663028514796,1008,1000
183.663815053378,1008,1000
183.66735259196,1008,1000
183.671836437632,1008,1000
183.678731976214,1008,1000
183.68795759196,1008,1000
183.695094669124,1008,1000
183.696786207706,1008,1000
183.72552544652,1008,1000
183.72916554146,1008,1000
183.73071540207,1008,1000
183.740122324906,1008,1000
183.774339181032,1008,1000
183.774936728502,1008,1000
183.776592275972,1008,1000
183.78306499399,1008,1000
183.79158232935,1008,1000
183.806582384286,1008,1000
183.810923759652,1008,1000
183.818930333796,1008,1000
183.846501710718,1008,1000
183.856196428736,1008,1000
183.870514768542,1008,1000
183.872808324903,1008,1000
183.882813198844,1008,1000
183.889614338242,1008,1000
183.899520338242,1008,1000
183.909574342688,1008,1000
183.918930342688,1008,1000
183.930124161888,1008,1000
183.942290596633,1008,1000
183.949506161887,1008,1000
183.959687161888,1008,1000
183.968935166334,1008,1000
183.979678166334,1008,1000
183.991440464304,1008,1000
184.002827047422,1008,1000
184.012908473236,1008,1000
184.022658744984,1008,1000
184.0298753516,1008,1000
184.0400283516,1008,1000
184.0495243516,1008,1000
184.0592443516,1008,1000
184.074779504438,1008,1000
184.082552473236,1008,1000
184.097152708938,1008,1000
184.103267065266,1008,1000
184.110793482158,1008,1000
184.121314482158,1008,1000
184.128930360527,1008,1000
184.165112648374,1008,1000
184.165764231482,1008,1000
184.171982948096,1008,1000
184.179244364988,1008,1000
184.190543364988,1008,1000
184.198972873624,1008,1000
184.216028491096,1008,1000
184.220140369457,1008,1000
184.245217491096,1008,1000
184.263687491096,1008,1000
184.265100083142,1008,1000
184.2689273485,1008,1000
184.271531491096,1008,1000
184.287233267234,1008,1000
184.294390844333,1008,1000
184.303290365389,1008,1000
184.316564378392,1008,1000
184.31989397937,1008,1000
184.333691101006,1008,1000
184.355228562484,1008,1000
184.357434163462,1008,1000
184.392051422271,1008,1000
184.394680023249,1008,1000
184.40645850897,1008,1000
184.42829272881,1008,1000
184.42957533873,1008,1000
184.43402450897,1008,1000
184.43469411889,1008,1000
184.440207387329,1008,1000
184.453859630445,1008,1000
184.46203550897,1008,1000
184.4692443918,1008,1000
184.49682800172,1008,1000
184.49742561164,1008,1000
184.514048804768,1008,1000
184.514876494451,1008,1000
184.523340517727,1008,1000
184.529902396252,1008,1000
184.541540006172,1008,1000
184.549880396252,1008,1000
184.559893209711,1008,1000
184.584721996105,1008,1000
184.585463614929,1008,1000
184.593106019381,1008,1000
184.600210194757,1008,1000
184.610443405141,1008,1000
184.619258902343,1008,1000
184.644932526748,1008,1000
184.645530154446,1008,1000
184.66034712102,1008,1000
184.663411748718,1008,1000
184.670910526748,1008,1000
184.680730915669,1008,1000
184.688930409578,1008,1000
184.703780486176,1008,1000
184.710167414028,1008,1000
184.721780669424,1008,1000
184.735897272596,1008,1000
184.741212041726,1008,1000
184.751722314922,1008,1000
184.770213041726,1008,1000
184.771899314922,1008,1000
184.794390188852,1008,1000
184.795740741384,1008,1000
184.821550838795,1008,1000
184.822103484283,1008,1000
184.825393129771,1008,1000
184.828930422923,1008,1000
184.840000202197,1008,1000
184.852728544538,1008,1000
184.858930422923,1008,1000
184.868930427368,1008,1000
184.880515427368,1008,1000
184.888972971,1008,1000
184.899700427368,1008,1000
184.928779553436,1008,1000
184.930471207822,1008,1000
184.933232431817,1008,1000
184.942966553436,1008,1000
184.958536923293,1008,1000
184.962401722793,1008,1000
184.968930436266,1008,1000
184.985597030488,1008,1000
184.990107436266,1008,1000
185.001685749505,1008,1000
185.009558440733,1008,1000
185.05038346387,1008,1000
185.05678279051,1008,1000
185.06378822569,1008,1000
185.069397977949,1008,1000
185.085011986883,1008,1000
185.106222361205,1008,1000
185.109035033455,1008,1000
185.1218275713,1008,1000
185.12512624355,1008,1000
185.1267639158,1008,1000
185.1489895713,1008,1000
185.14974924355,1008,1000
185.1538432603,1008,1000
185.158930449665,1008,1000
185.1831515713,1008,1000
185.19037945413,1008,1000
185.203877580218,1008,1000
185.210113458589,1008,1000
185.221761580218,1008,1000
185.245303580218,1008,1000
185.249558458589,1008,1000
185.290157580218,1008,1000
185.300300946994,1008,1000
185.302956637042,1008,1000
185.30565632709,1008,1000
185.306254017138,1008,1000
185.335734944405,1008,1000
185.336359634453,1008,1000
185.342227324501,1008,1000
185.342789014549,1008,1000
185.350185467488,1008,1000
185.360241829824,1008,1000
185.37305520992,1008,1000
185.384082852024,1008,1000
185.388930471928,1008,1000
185.408937530726,1008,1000
185.413473591908,1008,1000
185.420460044847,1008,1000
185.432320407183,1008,1000
185.438930476409,1008,1000
185.456170429383,1008,1000
185.460231476409,1008,1000
185.482929811576,1008,1000
185.486502510586,1008,1000
185.498115626687,1008,1000
185.49971848089,1008,1000
185.509614485349,1008,1000
185.524186184359,1008,1000
185.529718062708,1008,1000
185.551666606978,1008,1000
185.561783606978,1008,1000
185.562336314906,1008,1000
185.573584606978,1008,1000
185.581762489808,1008,1000
185.590429489808,1008,1000
185.600104653466,1008,1000
185.609488491621,1008,1000
185.626361199549,1008,1000
185.634941907477,1008,1000
185.640438491621,1008,1000
185.656034793933,1008,1000
185.684214322158,1008,1000
185.687784033712,1008,1000
185.701233619578,1008,1000
185.704442340106,1008,1000
185.706206060634,1008,1000
185.713170619578,1008,1000
185.72382868125,1008,1000
185.737559497921,1008,1000
185.740937619578,1008,1000
185.761386619578,1008,1000
185.761930340106,1008,1000
185.772066222936,1008,1000
185.781305619578,1008,1000
185.810463105757,1008,1000
185.827785628534,1008,1000
185.832962087502,1008,1000
185.834986816986,1008,1000
185.844028358018,1008,1000
185.850810227414,1008,1000
185.880382628534,1008,1000
185.885066816986,1008,1000
185.900663009919,1008,1000
185.902102748365,1008,1000
185.902664486811,1008,1000
185.916532375942,1008,1000
185.920416515845,1008,1000
185.932137637496,1008,1000
185.940194515845,1008,1000
185.953176704297,1008,1000
185.975727846533,1008,1000
185.976819584979,1008,1000
185.998619637496,1008,1000
185.999208375942,1008,1000
186.005337613725,1008,1000
186.011215646474,1008,1000
186.021797646474,1008,1000
186.031973272239,1008,1000
186.045125393898,1008,1000
186.064369272239,1008,1000
186.074253496555,1008,1000
186.091126646474,1008,1000
186.091751393898,1008,1000
186.099516155069,1008,1000
186.115242028639,1008,1000
186.135092149022,1008,1000
186.1558391672,1008,1000
186.162564436394,1008,1000
186.16442194919,1008,1000
186.177593294676,1008,1000
186.179618051074,1008,1000
186.22773733679,1008,1000
186.231125664442,1008,1000
186.235608358307,1008,1000
186.247562664442,1008,1000
186.249101429834,1008,1000
186.258857299173,1008,1000
186.267410299173,1008,1000
186.271437197508,1008,1000
186.287609078056,1008,1000
186.298259139624,1008,1000
186.304792245633,1008,1000
186.309558551768,1008,1000
186.324968447818,1008,1000
186.354236673434,1008,1000
186.362963496166,1008,1000
186.36658502695,1008,1000
186.386397208982,1008,1000
186.387974983366,1008,1000
186.399861208982,1008,1000
186.410103328838,1008,1000
186.416519335112,1008,1000
186.447730032298,1008,1000
186.44911181561,1008,1000
186.453074127352,1008,1000
186.459244560728,1008,1000
186.478628465674,1008,1000
186.482980032298,1008,1000
186.552824275956,1008,1000
186.55665186056,1008,1000
186.571449691352,1008,1000
186.585589691352,1008,1000
186.60617170028,1008,1000
186.62513830274,1008,1000
186.62784070643,1008,1000
186.62854650766,1008,1000
186.63647611012,1008,1000
186.64135070028,1008,1000
186.64408250151,1008,1000
186.64481530274,1008,1000
186.64548510397,1008,1000
186.6480999052,1008,1000
186.64996270643,1008,1000
186.66203470028,1008,1000
186.69905058926,1008,1000
186.703770205142,1008,1000
186.70446701532,1008,1000
186.754221709228,1008,1000
186.754864519406,1008,1000
186.755435329584,1008,1000
186.757442139762,1008,1000
186.770940139762,1008,1000
186.783349518506,1008,1000
186.788144328684,1008,1000
186.789890138862,1008,1000
186.79066794904,1008,1000
186.801476406702,1008,1000
186.812276406702,1008,1000
186.821151415634,1008,1000
186.831630415634,1008,1000
186.845005872964,1008,1000
186.858684330294,1008,1000
186.871663646514,1008,1000
186.874768465624,1008,1000
186.913920727122,1008,1000
186.914554555194,1008,1000
186.946992172045,1008,1000
186.947689000117,1008,1000
186.949992605471,1008,1000
186.965603555194,1008,1000
186.978192555194,1008,1000
186.982492727122,1008,1000
186.999275555194,1008,1000
187.017570736036,1008,1000
187.019285410172,1008,1000
187.02092824724,1008,1000
187.034156758444,1008,1000
187.03977661445,1008,1000
187.050901736118,1008,1000
187.061286442522,1008,1000
187.07192094473,1008,1000
187.092415499166,1008,1000
187.099772804206,1008,1000
187.100424645778,1008,1000
187.111606338852,1008,1000
187.119832184928,1008,1000
187.134876745126,1008,1000
187.142267745126,1008,1000
187.155146623452,1008,1000
187.189797067758,1008,1000
187.191754913834,1008,1000
187.216179754098,1008,1000
187.220550609146,1008,1000
187.221184464194,1008,1000
187.234337632442,1008,1000
187.245439632442,1008,1000
187.25013748749,1008,1000
187.25988280115,1008,1000
187.290448477312,1008,1000
187.301260763096,1008,1000
187.343196763096,1008,1000
187.355673953447,1008,1000
187.357937817493,1008,1000
187.364206545585,1008,1000
187.364921409631,1008,1000
187.367015784833,1008,1000
187.391530763096,1008,1000
187.395539355234,1008,1000
187.41810777206,1008,1000
187.450152282211,1008,1000
187.452871155221,1008,1000
187.458128028231,1008,1000
187.46171077206,1008,1000
187.465144242546,1008,1000
187.506579781064,1008,1000
187.524481663078,1008,1000
187.529909427106,1008,1000
187.53240730912,1008,1000
187.535049191134,1008,1000
187.535782073148,1008,1000
187.539244659392,1008,1000
187.609075790064,1008,1000
187.609637681078,1008,1000
187.641858681078,1008,1000
187.649222572092,1008,1000
187.653125463106,1008,1000
187.65616335412,1008,1000
187.659183245134,1008,1000
187.662520668394,1008,1000
187.683727668394,1008,1000
187.686027559408,1008,1000
187.70401492258,1008,1000
187.705128677363,1008,1000
187.71441157356,1008,1000
187.72411224807,1008,1000
187.735488460904,1008,1000
187.743622246648,1008,1000
187.76087457356,1008,1000
187.76147224807,1008,1000
187.77521459709,1008,1000
187.78261045639,1008,1000
187.7937351309,1008,1000
187.79893045639,1008,1000
187.808930451857,1008,1000
187.824066688221,1008,1000
187.842454564494,1008,1000
187.843178229938,1008,1000
187.856309009197,1008,1000
187.867737229938,1008,1000
187.870366447324,1008,1000
187.881548564494,1008,1000
187.895484236495,1008,1000
187.902392077105,1008,1000
187.909479442807,1008,1000
187.921672207061,1008,1000
187.93181055546,1008,1000
187.940958991081,1008,1000
187.951931164804,1008,1000
187.96127855546,1008,1000
187.972900018657,1008,1000
187.98480943829,1008,1000
187.98893043829,1008,1000
188.011710525797,1008,1000
188.013375173159,1008,1000
188.02612069952,1008,1000
188.029244433766,1008,1000
188.065581193774,1008,1000
188.066169841136,1008,1000
188.069694960617,1008,1000
188.070454607979,1008,1000
188.085376308956,1008,1000
188.092330546412,1008,1000
188.131497424716,1008,1000
188.145767245174,1008,1000
188.146575892536,1008,1000
188.147272530846,1008,1000
188.15179782557,1008,1000
188.163608072078,1008,1000
188.16995642019,1008,1000
188.179910745224,1008,1000
188.18961042019,1008,1000
188.200425415666,1008,1000
188.225119528312,1008,1000
188.226447157574,1008,1000
188.229619415666,1008,1000
188.246526936806,1008,1000
188.25023026184,1008,1000
188.260766415666,1008,1000
188.27246255702,1008,1000
188.28297366792,1008,1000
188.291348411142,1008,1000
188.31086975977,1008,1000
188.31166538001,1008,1000
188.321382769421,1008,1000
188.342218250381,1008,1000
188.35237351929,1008,1000
188.36711151929,1008,1000
188.39591813953,1008,1000
188.400599888216,1008,1000
188.415224730876,1008,1000
188.423964564506,1008,1000
188.425589175716,1008,1000
188.429244397605,1008,1000
188.444517008815,1008,1000
188.449991397605,1008,1000
188.485136652223,1008,1000
188.49477012147,1008,1000
188.49796073268,1008,1000
188.504820597334,1008,1000
188.517087720731,1008,1000
188.525056109521,1008,1000
188.529893388546,1008,1000
188.542318501172,1008,1000
188.549433530509,1008,1000
188.563705501172,1008,1000
188.580925705416,1008,1000
188.582550307538,1008,1000
188.591307192348,1008,1000
188.605825462,1008,1000
188.610149379462,1008,1000
188.619713379462,1008,1000
188.633805492092,1008,1000
188.66817067276,1008,1000
188.668822265802,1008,1000
188.671994937872,1008,1000
188.683546448376,1008,1000
188.689601374922,1008,1000
188.698930374922,1008,1000
188.711153483006,1008,1000
188.723896761191,1008,1000
188.730919483006,1008,1000
188.742463483006,1008,1000
188.754870066962,1008,1000
188.763935607205,1008,1000
188.768930365836,1008,1000
188.779583365836,1008,1000
188.808232473978,1008,1000
188.809573048906,1008,1000
188.810901473978,1008,1000
188.823232048906,1008,1000
188.833319473978,1008,1000
188.841671361322,1008,1000
188.848930361322,1008,1000
188.864240520206,1008,1000
188.875425670062,1008,1000
188.881944473978,1008,1000
188.891251931736,1008,1000
188.899749356808,1008,1000
188.908930352261,1008,1000
188.920955464884,1008,1000
188.943241431389,1008,1000
188.943874997223,1008,1000
188.949244352261,1008,1000
188.959244352261,1008,1000
188.969172805472,1008,1000
188.987711644143,1008,1000
188.994025464884,1008,1000
189.007105899925,1008,1000
189.010434343173,1008,1000
189.035732796384,1008,1000
189.040411343173,1008,1000
189.051882899925,1008,1000
189.061656899925,1008,1000
189.076584782755,1008,1000
189.092700339507,1008,1000
189.094499896259,1008,1000
189.099538338632,1008,1000
189.111486446766,1008,1000
189.122750446766,1008,1000
189.132938325953,1008,1000
189.138930334114,1008,1000
189.149821334114,1008,1000
189.158930334114,1008,1000
189.168930329596,1008,1000
189.179488329596,1008,1000
189.195003877312,1008,1000
189.20592797639,1008,1000
189.21302397639,1008,1000
189.22113443772,1008,1000
189.232645863743,1008,1000
189.238930325073,1008,1000
189.254729164644,1008,1000
189.263973755619,1008,1000
189.278873449694,1008,1000
189.28290843772,1008,1000
189.29097985922,1008,1000
189.30091042867,1008,1000
189.310028316025,1008,1000
189.32100042867,1008,1000
189.33915242867,1008,1000
189.33978595829,1008,1000
189.352652683757,1008,1000
189.362445276195,1008,1000
189.3692443115,1008,1000
189.38295790036,1008,1000
189.3889303115,1008,1000
189.404122827602,1008,1000
189.409272366234,1008,1000
189.424640419658,1008,1000
189.448338719444,1008,1000
189.452591778684,1008,1000
189.462723419658,1008,1000
189.465482940266,1008,1000
189.474408751648,1008,1000
189.498145460874,1008,1000
189.508882818561,1008,1000
189.513745297953,1008,1000
189.529225730341,1008,1000
189.531188410588,1008,1000
189.540808109335,1008,1000
189.552688410588,1008,1000
189.57405337585,1008,1000
189.575077628906,1008,1000
189.578930293418,1008,1000
189.597164613171,1008,1000
189.603115401568,1008,1000
189.610516263447,1008,1000
189.618930288908,1008,1000
189.632692578321,1008,1000
189.638930288908,1008,1000
189.651593401568,1008,1000
189.661251401568,1008,1000
189.673015786916,1008,1000
189.709608392516,1008,1000
189.710153392516,1008,1000
189.712852379448,1008,1000
189.715952872914,1008,1000
189.719244279872,1008,1000
189.731341392516,1008,1000
189.748033885982,1008,1000
189.752174773338,1008,1000
189.759244279872,1008,1000
189.769244275346,1008,1000
189.781458392516,1008,1000
189.790010275346,1008,1000
189.80248138345,1008,1000
189.810347270813,1008,1000
189.820127651635,1008,1000
189.828930270813,1008,1000
189.839992270813,1008,1000
189.855963764279,1008,1000
189.860216647109,1008,1000
189.86958726628,1008,1000
189.879680638043,1008,1000
189.89079338345,1008,1000
189.89893026628,1008,1000
189.909406633503,1008,1000
189.91893026174,1008,1000
189.93141437437,1008,1000
189.938961494531,1008,1000
189.95339637437,1008,1000
189.95953826174,1008,1000
189.97530173252,1008,1000
189.9901102572,1008,1000
189.99378120784,1008,1000
189.9995508152,1008,1000
190.04193383157,1008,1000
190.05593302772,1008,1000
190.05674649398,1008,1000
190.05743396024,1008,1000
190.06006808614,1008,1000
190.06969524814,1008,1000
190.08372936531,1008,1000
190.08893024814,1008,1000
190.108191243618,1008,1000
190.122970356266,1008,1000
190.126489813482,1008,1000
190.129356430708,1008,1000
190.141423356266,1008,1000
190.148930243618,1008,1000
190.161386356266,1008,1000
190.172476239096,1008,1000
190.180946356266,1008,1000
190.189244239096,1008,1000
190.198930239096,1008,1000
190.210168234583,1008,1000
190.22106334724,1008,1000
190.229244234583,1008,1000
190.24127934724,1008,1000
190.249995017691,1008,1000
190.258930234583,1008,1000
190.26980823007,1008,1000
190.28126034724,1008,1000
190.29170167826,1008,1000
190.311782338244,1008,1000
190.313068777438,1008,1000
190.319355344213,1008,1000
190.329835225572,1008,1000
190.343110995786,1008,1000
190.351986338244,1008,1000
190.358930225572,1008,1000
190.369754221074,1008,1000
190.380185221074,1008,1000
190.388930221074,1008,1000
190.403101543093,1008,1000
190.419354329238,1008,1000
190.419906759426,1008,1000
190.428930216571,1008,1000
190.443203759426,1008,1000
190.45387004999,1008,1000
190.466713283595,1008,1000
190.469884212068,1008,1000
190.478930212068,1008,1000
190.489339072444,1008,1000
190.501873320202,1008,1000
190.519544067926,1008,1000
190.525099928302,1008,1000
190.534455628702,1008,1000
190.542348320202,1008,1000
190.559774741354,1008,1000
190.563312162506,1008,1000
190.571629624184,1008,1000
190.580501203032,1008,1000
190.594526741354,1008,1000
190.601644311178,1008,1000
190.613161619672,1008,1000
190.61924419852,1008,1000
190.633119311178,1008,1000
190.63893019852,1008,1000
190.649726502502,1008,1000
190.663629311178,1008,1000
190.669682194008,1008,1000
190.681269311178,1008,1000
190.688930194008,1008,1000
190.699255608801,1008,1000
190.70893018949,1008,1000
190.718951792942,1008,1000
190.72987518949,1008,1000
190.74002789905,1008,1000
190.75217600471,1008,1000
190.766442398301,1008,1000
190.768930184972,1008,1000
190.778930184972,1008,1000
190.789907184972,1008,1000
190.801242293076,1008,1000
190.813107293076,1008,1000
190.821761286099,1008,1000
190.829889180439,1008,1000
190.839745180439,1008,1000
190.848930180439,1008,1000
190.869526293076,1008,1000
190.870114687102,1008,1000
190.882363569932,1008,1000
190.888930175906,1008,1000
190.902549284078,1008,1000
190.910805452796,1008,1000
190.919558171407,1008,1000
190.928930171407,1008,1000
190.939974959459,1008,1000
190.954019284078,1008,1000
190.959664171407,1008,1000
190.970101166908,1008,1000
190.989593439265,1008,1000
190.992386284078,1008,1000
191.000435127884,1008,1000
191.010505879972,1008,1000
191.020266162416,1008,1000
191.029700162416,1008,1000
191.041458806318,1008,1000
191.066743027182,1008,1000
191.069687386758,1008,1000
191.081215275094,1008,1000
191.08952742129,1008,1000
191.099898157924,1008,1000
191.109406684649,1008,1000
191.124462266096,1008,1000
191.133420905513,1008,1000
191.141359266096,1008,1000
191.149244153425,1008,1000
191.161170266096,1008,1000
191.1697084078,1008,1000
191.179839148926,1008,1000
191.189979148926,1008,1000
191.201863257038,1008,1000
191.209960144397,1008,1000
191.218930144397,1008,1000
191.229244144397,1008,1000
191.238930144397,1008,1000
191.249217394273,1008,1000
191.259222394273,1008,1000
191.269244139868,1008,1000
191.279257385215,1008,1000
191.290792139868,1008,1000
191.299244139868,1008,1000
191.309244135358,1008,1000
191.323458880198,1008,1000
191.334095484326,1008,1000
191.338930135358,1008,1000
191.355116248018,1008,1000
191.360449376176,1008,1000
191.388016716124,1008,1000
191.390343065092,1008,1000
191.39256541406,1008,1000
191.400900362666,1008,1000
191.409970126358,1008,1000
191.420835126358,1008,1000
191.432258239038,1008,1000
191.438930126358,1008,1000
191.451558239038,1008,1000
191.461311202942,1008,1000
191.476310585484,1008,1000
191.482204689164,1008,1000
191.493003223163,1008,1000
191.500985117373,1008,1000
191.511367412311,1008,1000
191.522150788359,1008,1000
191.533210421265,1008,1000
191.552501230048,1008,1000
191.553197561046,1008,1000
191.560926223042,1008,1000
191.570876331201,1008,1000
191.581704626139,1008,1000
191.592682980502,1008,1000
191.598930112878,1008,1000
191.608930108354,1008,1000
191.619244108354,1008,1000
191.636199432346,1008,1000
191.64525354295,1008,1000
191.648930108354,1008,1000
191.660272108354,1008,1000
191.66893010383,1008,1000
191.67893010383,1008,1000
191.69099110383,1008,1000
191.700873421283,1008,1000
191.710117421283,1008,1000
191.718930099333,1008,1000
191.730910212006,1008,1000
191.738930099333,1008,1000
191.75080818056,1008,1000
191.758930099333,1008,1000
191.768930094836,1008,1000
191.781717617069,1008,1000
191.78895385909,1008,1000
191.799379212006,1008,1000
191.811130169477,1008,1000
191.826505371859,1008,1000
191.829916090349,1008,1000
191.839875090349,1008,1000
191.851820808368,1008,1000
191.858930090349,1008,1000
191.8743627028,1008,1000
191.878930085862,1008,1000
191.889826085862,1008,1000
191.899132277161,1008,1000
191.910131272666,1008,1000
191.918930081367,1008,1000
191.928930081367,1008,1000
191.939979081367,1008,1000
191.949938081367,1008,1000
191.959834268179,1008,1000
191.971045194042,1008,1000
191.982279194042,1008,1000
191.988930076872,1008,1000
191.998930076872,1008,1000
192.012182549671,1008,1000
192.019235254679,1008,1000
192.029176441491,1008,1000
192.039808072362,1008,1000
192.052030185022,1008,1000
192.058930072362,1008,1000
192.069568536156,1008,1000
192.078930067852,1008,1000
192.089961067852,1008,1000
192.099578067852,1008,1000
192.109168236648,1008,1000
192.119244063336,1008,1000
192.13168417599,1008,1000
192.14119717599,1008,1000
192.149884063336,1008,1000
192.160140232138,1008,1000
192.16893005882,1008,1000
192.17893005882,1008,1000
192.19130605882,1008,1000
192.200213054333,1008,1000
192.209244054333,1008,1000
192.221801167016,1008,1000
192.229959387421,1008,1000
192.238930054333,1008,1000
192.248930054333,1008,1000
192.260042054333,1008,1000
192.270116473095,1008,1000
192.278930049846,1008,1000
192.289731049846,1008,1000
192.299373538217,1008,1000
192.309907045345,1008,1000
192.318930045345,1008,1000
192.329983200628,1008,1000
192.33945861939,1008,1000
192.348930045345,1008,1000
192.360005196141,1008,1000
192.368930040844,1008,1000
192.385821705067,1008,1000
192.388930040844,1008,1000
192.399424342422,1008,1000
192.408961127013,1008,1000
192.418930036328,1008,1000
192.430537198526,1008,1000
192.438930036328,1008,1000
192.454634583381,1008,1000
192.460033036328,1008,1000
192.470773005618,1008,1000
192.478930031812,1008,1000
192.488930031812,1008,1000
192.499933331288,1008,1000
192.508930027304,1008,1000
192.518930027304,1008,1000
192.529429164582,1008,1000
192.541446630412,1008,1000
192.548930027304,1008,1000
192.558930027304,1008,1000
192.569419455034,1008,1000
192.581693139966,1008,1000
192.589601022796,1008,1000
192.598930022796,1008,1000
192.609520508758,1008,1000
192.618930018312,1008,1000
192.630254018312,1008,1000
192.639487398458,1008,1000
192.649970018312,1008,1000
192.66255821981,1008,1000
192.669574013828,1008,1000
192.679745013828,1008,1000
192.689475013828,1008,1000
192.700846128588,1008,1000
192.710006009326,1008,1000
192.723722128588,1008,1000
192.73277623227,1008,1000
192.743119121994,1008,1000
192.749794124104,1008,1000
192.758930009326,1008,1000
192.770224234362,1008,1000
192.7794021151,1008,1000
192.789308327914,1008,1000
192.803062113024,1008,1000
192.810329000339,1008,1000
192.827844465975,1008,1000
192.832933214313,1008,1000
192.839458335651,1008,1000
192.848950545103,1008,1000
192.860483000339,1008,1000
192.868929995854,1008,1000
192.882396113024,1008,1000
192.892786113024,1008,1000
192.901768092652,1008,1000
192.909816991363,1008,1000
192.918929991363,1008,1000
192.929708092652,1008,1000
192.941197104042,1008,1000
192.948929991363,1008,1000
192.959243991363,1008,1000
192.969915986872,1008,1000
192.979267079185,1008,1000
192.991530104042,1008,1000
193.003598486984,1008,1000
193.009243982365,1008,1000
193.022160982365,1008,1000
193.032690095028,1008,1000
193.041318266165,1008,1000
193.048929982365,1008,1000
193.060175982365,1008,1000
193.071810095028,1008,1000
193.079595977858,1008,1000
193.091063977858,1008,1000
193.105076273018,1008,1000
193.113095340476,1008,1000
193.118929973361,1008,1000
193.135198602281,1008,1000
193.139784973361,1008,1000
193.149501973361,1008,1000
193.161990086034,1008,1000
193.172826155848,1008,1000
193.178929968864,1008,1000
193.189550968864,1008,1000
193.198929968864,1008,1000
193.209672038696,1008,1000
193.218929964385,1008,1000
193.232902077076,1008,1000
193.248896255102,1008,1000
193.249568964385,1008,1000
193.261170964385,1008,1000
193.271152959906,1008,1000
193.278929959906,1008,1000
193.291377077076,1008,1000
193.299950959906,1008,1000
193.311087133454,1008,1000
193.319478955428,1008,1000
193.329915955428,1008,1000
193.339609955428,1008,1000
193.349487955428,1008,1000
193.359277923578,1008,1000
193.370315011806,1008,1000
193.38091906812,1008,1000
193.38892995095,1008,1000
193.399150007328,1008,1000
193.412925106493,1008,1000
193.420167946441,1008,1000
193.428929946441,1008,1000
193.439621059197,1008,1000
193.448929946441,1008,1000
193.458929946441,1008,1000
193.471269059102,1008,1000
193.480811059102,1008,1000
193.490342989323,1008,1000
193.499717941932,1008,1000
193.509582937439,1008,1000
193.518929937439,1008,1000
193.530883050116,1008,1000
193.539243937439,1008,1000
193.550811050116,1008,1000
193.562345050116,1008,1000
193.569185975828,1008,1000
193.578929932946,1008,1000
193.590264122401,1008,1000
193.601305041112,1008,1000
193.609730928444,1008,1000
193.618929928444,1008,1000
193.629243928444,1008,1000
193.641130007572,1008,1000
193.652704070506,1008,1000
193.660182151795,1008,1000
193.670874041112,1008,1000
193.680170953336,1008,1000
193.689523923942,1008,1000
193.70121503216,1008,1000
193.708929919466,1008,1000
193.72099294886,1008,1000
193.729479172211,1008,1000
193.739969919466,1008,1000
193.749476973752,1008,1000
193.759789919466,1008,1000
193.78169203216,1008,1000
193.78247816527,1008,1000
193.7913159648,1008,1000
193.80004591499,1008,1000
193.810072930915,1008,1000
193.823055023178,1008,1000
193.831270248955,1008,1000
193.844666050567,1008,1000
193.849243910499,1008,1000
193.858929910499,1008,1000
193.869432921948,1008,1000
193.879513937873,1008,1000
193.890793023178,1008,1000
193.899290131785,1008,1000
193.909701928931,1008,1000
193.918929901542,1008,1000
193.929681901542,1008,1000
193.938929901542,1008,1000
193.951152901542,1008,1000
193.958929901542,1008,1000
193.969879897076,1008,1000
193.978929897076,1008,1000
193.988929897076,1008,1000
194.002814892599,1008,1000
194.008929892599,1008,1000
194.018929892599,1008,1000
194.028929892599,1008,1000
194.039995890625,1008,1000
194.049573892599,1008,1000
194.059658892599,1008,1000
194.073645987913,1008,1000
194.080428888122,1008,1000
194.088929888122,1008,1000
194.098929888122,1008,1000
194.109247875202,1008,1000
194.120143129849,1008,1000
194.130032883627,1008,1000
194.141187996302,1008,1000
194.151295996302,1008,1000
194.158929883627,1008,1000
194.168929879132,1008,1000
194.179897879132,1008,1000
194.190909996302,1008,1000
194.200279859241,1008,1000
194.209243874664,1008,1000
194.219243874664,1008,1000
194.234112075682,1008,1000
194.240891987366,1008,1000
194.249194854746,1008,1000
194.258929874664,1008,1000
194.269495830387,1008,1000
194.280172870196,1008,1000
194.288929870196,1008,1000
194.302429954041,1008,1000
194.308929865725,1008,1000
194.319459821421,1008,1000
194.331584865725,1008,1000
194.339595865725,1008,1000
194.350329836871,1008,1000
194.358929865725,1008,1000
194.368929861254,1008,1000
194.378929861254,1008,1000
194.388929861254,1008,1000
194.399523861254,1008,1000
194.40892985676,1008,1000
194.420954794581,1008,1000
194.430981969436,1008,1000
194.440010662865,1008,1000
194.44977185676,1008,1000
194.45892985676,1008,1000
194.468929852266,1008,1000
194.479847852266,1008,1000
194.490188747797,1008,1000
194.498929852266,1008,1000
194.51013161158,1008,1000
194.519266805475,1008,1000
194.531439960434,1008,1000
194.538929847765,1008,1000
194.549153800981,1008,1000
194.560435696512,1008,1000
194.570783960434,1008,1000
194.580684555794,1008,1000
194.593508904648,1008,1000
194.599243843264,1008,1000
194.608929838766,1008,1000
194.619861838766,1008,1000
194.629705636228,1008,1000
194.639771838766,1008,1000
194.65014349551,1008,1000
194.664952844364,1008,1000
194.668952751872,1008,1000
194.678929834268,1008,1000
194.693249003826,1008,1000
194.699802834268,1008,1000
194.709608769526,1008,1000
194.71943142627,1008,1000
194.72892982981,1008,1000
194.73961382981,1008,1000
194.749095765028,1008,1000
194.761367882198,1008,1000
194.76904576057,1008,1000
194.779717825352,1008,1000
194.790855942522,1008,1000
194.798929825352,1008,1000
194.808929820883,1008,1000
194.819645820883,1008,1000
194.828929820883,1008,1000
194.838929820883,1008,1000
194.85538974841,1008,1000
194.858929820883,1008,1000
194.868929816414,1008,1000
194.878929816414,1008,1000
194.890122816414,1008,1000
194.899708816414,1008,1000
194.90892981194,1008,1000
194.919601626766,1008,1000
194.932839924636,1008,1000
194.94387081194,1008,1000
194.94955981194,1008,1000
194.960963924636,1008,1000
194.968929807466,1008,1000
194.978929807466,1008,1000
194.990032807466,1008,1000
195.000428136144,1008,1000
195.009708803011,1008,1000
195.019771803011,1008,1000
195.029528803011,1008,1000
195.038929803011,1008,1000
195.055261915726,1008,1000
195.059275711427,1008,1000
195.071339052326,1008,1000
195.079838798556,1008,1000
195.089739702517,1008,1000
195.098929798556,1008,1000
195.110828906748,1008,1000
195.127162809463,1008,1000
195.129681794067,1008,1000
195.139708794067,1008,1000
195.149216693573,1008,1000
195.16302661421,1008,1000
195.172173906748,1008,1000
195.178929789578,1008,1000
195.191613692293,1008,1000
195.20204889784,1008,1000
195.209933785124,1008,1000
195.219987785124,1008,1000
195.229847785124,1008,1000
195.239243785124,1008,1000
195.249496785124,1008,1000
195.258929785124,1008,1000
195.27044278067,1008,1000
195.279230666744,1008,1000
195.289275666744,1008,1000
195.299909666744,1008,1000
195.308929776205,1008,1000
195.319717776205,1008,1000
195.332817650929,1008,1000
195.339685657825,1008,1000
195.348929776205,1008,1000
195.359883776205,1008,1000
195.369224539434,1008,1000
195.38000577174,1008,1000
195.389766648895,1008,1000
195.400909879998,1008,1000
195.408929767284,1008,1000
195.419510767284,1008,1000
195.429135644439,1008,1000
195.438929767284,1008,1000
195.449284639974,1008,1000
195.459198517129,1008,1000
195.468929762828,1008,1000
195.479586762828,1008,1000
195.488929762828,1008,1000
195.499970196373,1008,1000
195.51331530445,1008,1000
195.523087758341,1008,1000
195.529879758341,1008,1000
195.540092603067,1008,1000
195.550651758341,1008,1000
195.559901758341,1008,1000
195.569222051177,1008,1000
195.57954318728,1008,1000
195.588929753854,1008,1000
195.600135613145,1008,1000
195.626104608694,1008,1000
195.627389580668,1008,1000
195.629180608694,1008,1000
195.640271129571,1008,1000
195.649996749403,1008,1000
195.658929749403,1008,1000
195.669351459047,1008,1000
195.678929744952,1008,1000
195.688929744952,1008,1000
195.698929744952,1008,1000
195.70950497101,1008,1000
195.719446590842,1008,1000
195.728929740489,1008,1000
195.738929740489,1008,1000
195.748929740489,1008,1000
195.758929740489,1008,1000
195.770855853196,1008,1000
195.778929736026,1008,1000
195.788929736026,1008,1000
195.800999731555,1008,1000
195.808929731555,1008,1000
195.819604731555,1008,1000
195.828929731555,1008,1000
195.838929731555,1008,1000
195.849795045609,1008,1000
195.859888731555,1008,1000
195.868929727084,1008,1000
195.878929727084,1008,1000
195.889991727084,1008,1000
195.906746722614,1008,1000
195.909546722614,1008,1000
195.919154869173,1008,1000
195.929707555119,1008,1000
195.938929722614,1008,1000
195.951673835314,1008,1000
195.959468550648,1008,1000
195.969591718144,1008,1000
195.979928718144,1008,1000
195.993262771578,1008,1000
195.998929718144,1008,1000
196.009694713698,1008,1000
196.019243713698,1008,1000
196.031214826422,1008,1000
196.038929713698,1008,1000
196.050053532792,1008,1000
196.061847443367,1008,1000
196.068929709252,1008,1000
196.079784709252,1008,1000
196.089073189777,1008,1000
196.101767627732,1008,1000
196.108929704806,1008,1000
196.119413338548,1008,1000
196.129912321751,1008,1000
196.138929704806,1008,1000
196.150107515008,1008,1000
196.158929704806,1008,1000
196.169499510562,1008,1000
196.17892970036,1008,1000
196.18892970036,1008,1000
196.199695123061,1008,1000
196.208929695911,1008,1000
196.219368311869,1008,1000
196.228929695911,1008,1000
196.238929695911,1008,1000
196.250554695911,1008,1000
196.258929695911,1008,1000
196.268929691462,1008,1000
196.278929691462,1008,1000
196.288929691462,1008,1000
196.299748691462,1008,1000
196.309591687007,1008,1000
196.320999799722,1008,1000
196.328929687007,1008,1000
196.339969687007,1008,1000
196.349901687007,1008,1000
196.360266687007,1008,1000
196.369243474964,1008,1000
196.378929682552,1008,1000
196.388929682552,1008,1000
196.398929682552,1008,1000
196.41150379078,1008,1000
196.420526466038,1008,1000
196.430486466038,1008,1000
196.438929678081,1008,1000
196.450908678081,1008,1000
196.458929678081,1008,1000
196.46962267361,1008,1000
196.47947867361,1008,1000
196.49002789905,1008,1000
196.499828240598,1008,1000
196.517488669145,1008,1000
196.52196278185,1008,1000
196.533384669145,1008,1000
196.538929669145,1008,1000
196.548929669145,1008,1000
196.561179893493,1008,1000
196.569197006228,1008,1000
196.58000066468,1008,1000
196.58982966468,1008,1000
196.59951966468,1008,1000
196.608929660213,1008,1000
196.618929660213,1008,1000
196.629262771856,1008,1000
196.638929660213,1008,1000
196.649378425843,1008,1000
196.66002789905,1008,1000
196.668929655746,1008,1000
196.678929655746,1008,1000
196.689878145587,1008,1000
196.698929655746,1008,1000
196.708929651268,1008,1000
196.718929651268,1008,1000
196.729494141388,1008,1000
196.738929651268,1008,1000
196.748929651268,1008,1000
196.760245897805,1008,1000
196.76892964679,1008,1000
196.77892964679,1008,1000
196.78892964679,1008,1000
196.79892964679,1008,1000
196.808929642334,1008,1000
196.818929642334,1008,1000
196.829659641089,1008,1000
196.839519642334,1008,1000
196.848929642334,1008,1000
196.859987642334,1008,1000
196.868929637878,1008,1000
196.879636637878,1008,1000
196.889753637878,1008,1000
196.898929637878,1008,1000
196.908929633423,1008,1000
196.919969633423,1008,1000
196.93002789905,1008,1000
196.94002789905,1008,1000
196.948929633423,1008,1000
196.961412746138,1008,1000
196.969320099299,1008,1000
196.978929628968,1008,1000
196.989329363341,1008,1000
197.000030106625,1008,1000
197.009417196985,1008,1000
197.0189296245,1008,1000
197.0292436245,1008,1000
197.039429671837,1008,1000
197.0489296245,1008,1000
197.0597576245,1008,1000
197.069281827607,1008,1000
197.078929620032,1008,1000
197.088929620032,1008,1000
197.099865620032,1008,1000
197.108929615569,1008,1000
197.119953453681,1008,1000
197.129216341019,1008,1000
197.138929615569,1008,1000
197.148929615569,1008,1000
197.159221336551,1008,1000
197.169117332088,1008,1000
197.178929611106,1008,1000
197.189313165737,1008,1000
197.198929611106,1008,1000
197.2115927194,1008,1000
197.219645606668,1008,1000
197.229466588558,1008,1000
197.239829606668,1008,1000
197.252488825955,1008,1000
197.258929606668,1008,1000
197.26892960223,1008,1000
197.27924360223,1008,1000
197.289324897295,1008,1000
197.301521597767,1008,1000
197.315273305385,1008,1000
197.321547710474,1008,1000
197.328929597767,1008,1000
197.338929597767,1008,1000
197.348929597767,1008,1000
197.358929597767,1008,1000
197.369564593304,1008,1000
197.378929593304,1008,1000
197.389243593304,1008,1000
197.398929593304,1008,1000
197.408929588856,1008,1000
197.419667588856,1008,1000
197.428929588856,1008,1000
197.438929588856,1008,1000
197.448929588856,1008,1000
197.458929588856,1008,1000
197.468929584408,1008,1000
197.478929584408,1008,1000
197.489999046077,1008,1000
197.498929584408,1008,1000
197.508929579959,1008,1000
197.518929579959,1008,1000
197.529952794287,1008,1000
197.541269334914,1008,1000
197.551292632405,1008,1000
197.559322726986,1008,1000
197.56978457551,1008,1000
197.57978957551,1008,1000
197.58892957551,1008,1000
197.600397466295,1008,1000
197.610863006922,1008,1000
197.622414089139,1008,1000
197.628929571058,1008,1000
197.639198247518,1008,1000
197.649059247518,1008,1000
197.658929571058,1008,1000
197.669802133851,1008,1000
197.678929566606,1008,1000
197.690783683776,1008,1000
197.698929566606,1008,1000
197.70892956217,1008,1000
197.72002789905,1008,1000
197.72948356217,1008,1000
197.739080796971,1008,1000
197.74892956217,1008,1000
197.764270674904,1008,1000
197.768929557734,1008,1000
197.778929557734,1008,1000
197.789491590303,1008,1000
197.798929557734,1008,1000
197.808929553282,1008,1000
197.818929553282,1008,1000
197.831538666,1008,1000
197.838929553282,1008,1000
197.85205008129,1008,1000
197.859766553282,1008,1000
197.86892954883,1008,1000
197.879320203062,1008,1000
197.88892954883,1008,1000
197.89924354883,1008,1000
197.908929544392,1008,1000
197.918929544392,1008,1000
197.929135198624,1008,1000
197.940059217419,1008,1000
197.951224544392,1008,1000
197.958929544392,1008,1000
197.968929539954,1008,1000
197.979428185296,1008,1000
197.988929539954,1008,1000
197.998929539954,1008,1000
198.0094008539,1008,1000
198.018929535531,1008,1000
198.028929535531,1008,1000
198.038929535531,1008,1000
198.05018566729,1008,1000
198.061768284759,1008,1000
198.068929531108,1008,1000
198.079721531108,1008,1000
198.088929531108,1008,1000
198.098929531108,1008,1000
198.108929526677,1008,1000
198.119581294917,1008,1000
198.131451912386,1008,1000
198.138929526677,1008,1000
198.151079158735,1008,1000
198.162917639416,1008,1000
198.168929522246,1008,1000
198.179474157624,1008,1000
198.188929522246,1008,1000
198.198929522246,1008,1000
198.208929517788,1008,1000
198.218929517788,1008,1000
198.228929517788,1008,1000
198.238929517788,1008,1000
198.248929517788,1008,1000
198.258929517788,1008,1000
198.26892951333,1008,1000
198.27892951333,1008,1000
198.28892951333,1008,1000
198.29892951333,1008,1000
198.308929508877,1008,1000
198.318929508877,1008,1000
198.330032508877,1008,1000
198.339636508877,1008,1000
198.348929508877,1008,1000
198.359883508877,1008,1000
198.368929504424,1008,1000
198.379859866819,1008,1000
198.389559504424,1008,1000
198.399329114251,1008,1000
198.408929499999,1008,1000
198.418929499999,1008,1000
198.429315109826,1008,1000
198.43894471993,1008,1000
198.449219467768,1008,1000
198.458929499999,1008,1000
198.468929495574,1008,1000
198.478929495574,1008,1000
198.488929495574,1008,1000
198.498929495574,1008,1000
198.508929491136,1008,1000
198.518929491136,1008,1000
198.528929491136,1008,1000
198.539928491136,1008,1000
198.548929491136,1008,1000
198.560032491136,1008,1000
198.568929486698,1008,1000
198.579937486698,1008,1000
198.591133603868,1008,1000
198.599519486698,1008,1000
198.609378074349,1008,1000
198.618929482263,1008,1000
198.629325445079,1008,1000
198.638929482263,1008,1000
198.649180069911,1008,1000
198.659243482263,1008,1000
198.668929477828,1008,1000
198.680448653127,1008,1000
198.689879477828,1008,1000
198.698929477828,1008,1000
198.708929473397,1008,1000
198.718929473397,1008,1000
198.728929473397,1008,1000
198.738929473397,1008,1000
198.749673227474,1008,1000
198.760306052175,1008,1000
198.768929468966,1008,1000
198.778929468966,1008,1000
198.788929468966,1008,1000
198.798929468966,1008,1000
198.808929464524,1008,1000
198.818929464524,1008,1000
198.829755617649,1008,1000
198.838929464524,1008,1000
198.848929464524,1008,1000
198.858929464524,1008,1000
198.868929460082,1008,1000
198.879514460082,1008,1000
198.888929460082,1008,1000
198.900096178681,1008,1000
198.908929455654,1008,1000
198.918929455654,1008,1000
198.929879455654,1008,1000
198.938929455654,1008,1000
198.950860694888,1008,1000
198.958929455654,1008,1000
198.969311730857,1008,1000
198.979537451226,1008,1000
198.99002789905,1008,1000
198.999576606239,1008,1000
199.008929446801,1008,1000
199.018929446801,1008,1000
199.029546446801,1008,1000
199.039951446801,1008,1000
199.05138714808,1008,1000
199.060007998977,1008,1000
199.068929442376,1008,1000
199.078929442376,1008,1000
199.089717650623,1008,1000
199.098929442376,1008,1000
199.109940985697,1008,1000
199.11950602648,1008,1000
199.129403537873,1008,1000
199.138929437946,1008,1000
199.148929437946,1008,1000
199.159032189519,1008,1000
199.169609637338,1008,1000
199.179255520163,1008,1000
199.188929433516,1008,1000
199.199427649069,1008,1000
199.208929429078,1008,1000
199.218929429078,1008,1000
199.228929429078,1008,1000
199.239978429078,1008,1000
199.248929429078,1008,1000
199.258929429078,1008,1000
199.26892942464,1008,1000
199.27892942464,1008,1000
199.28892942464,1008,1000
199.29892942464,1008,1000
199.309274950261,1008,1000
199.3201904591,1008,1000
199.328929420233,1008,1000
199.338929420233,1008,1000
199.348929420233,1008,1000
199.358929420233,1008,1000
199.368929415826,1008,1000
199.378929415826,1008,1000
199.389468975876,1008,1000
199.399672415826,1008,1000
199.408929411429,1008,1000
199.418929411429,1008,1000
199.428929411429,1008,1000
199.438929411429,1008,1000
199.448929411429,1008,1000
199.459766411429,1008,1000
199.468929407032,1008,1000
199.478929407032,1008,1000
199.488929407032,1008,1000
199.498929407032,1008,1000
199.508929402623,1008,1000
199.518929402623,1008,1000
199.529994915002,1008,1000
199.538929402623,1008,1000
199.548929402623,1008,1000
199.559051833565,1008,1000
199.568929398214,1008,1000
199.579065518121,1008,1000
199.590891515384,1008,1000
199.599237414166,1008,1000
199.608929393823,1008,1000
199.618929393823,1008,1000
199.628929393823,1008,1000
199.639501393823,1008,1000
199.648929393823,1008,1000
199.658929393823,1008,1000
199.668929389432,1008,1000
199.678929389432,1008,1000
199.688929389432,1008,1000
199.698929389432,1008,1000
199.708929385021,1008,1000
199.718929385021,1008,1000
199.728929385021,1008,1000
199.738929385021,1008,1000
199.749537385021,1008,1000
199.758929385021,1008,1000
199.769727848762,1008,1000
199.77996438061,1008,1000
199.79003238061,1008,1000
199.79987438061,1008,1000
199.809521374838,1008,1000
199.81892937619,1008,1000
199.82892937619,1008,1000
199.839123325902,1008,1000
199.84938685775,1008,1000
199.85948185775,1008,1000
199.86911685333,1008,1000
199.87892937177,1008,1000
199.88892937177,1008,1000
199.89892937177,1008,1000
199.908929367386,1008,1000
199.918929367386,1008,1000
199.928929367386,1008,1000
199.938929367386,1008,1000
199.948929367386,1008,1000
199.958929367386,1008,1000
199.968929363002,1008,1000
199.978929363002,1008,1000
199.990013587399,1008,1000
199.998929363002,1008,1000
200.008929358618,1008,1000
200.019690358618,1008,1000
200.028941302004,1008,1000
200.039546358618,1008,1000
200.048929358618,1008,1000
200.060927471404,1008,1000
200.068929354234,1008,1000
200.078929354234,1008,1000
200.088929354234,1008,1000
200.099243354234,1008,1000
200.108929349824,1008,1000
200.118929349824,1008,1000
200.128929349824,1008,1000
200.138929349824,1008,1000
200.149381046064,1008,1000
200.158929349824,1008,1000
200.168929345414,1008,1000
200.178929345414,1008,1000
200.188929345414,1008,1000
200.198929345414,1008,1000
200.208929340992,1008,1000
200.218929340992,1008,1000
200.229658340992,1008,1000
200.238929340992,1008,1000
200.248929340992,1008,1000
200.258929340992,1008,1000
200.26892933657,1008,1000
200.27892933657,1008,1000
200.28953733657,1008,1000
200.29892933657,1008,1000
200.308929332178,1008,1000
200.318929332178,1008,1000
200.328929332178,1008,1000
200.338929332178,1008,1000
200.348929332178,1008,1000
200.358929332178,1008,1000
200.368929327786,1008,1000
200.379721327786,1008,1000
200.391613341782,1008,1000
200.398929327786,1008,1000
200.408929323375,1008,1000
200.418929323375,1008,1000
200.429721323375,1008,1000
200.439726323375,1008,1000
200.449080752111,1008,1000
200.458929323375,1008,1000
200.468929318964,1008,1000
200.478929318964,1008,1000
200.488929318964,1008,1000
200.498954743289,1008,1000
200.509166738904,1008,1000
200.518929314579,1008,1000
200.529850043597,1008,1000
200.538929314579,1008,1000
200.548929314579,1008,1000
200.558929314579,1008,1000
200.568929310194,1008,1000
200.579856310194,1008,1000
200.588929310194,1008,1000
200.599200454741,1008,1000
200.60892930582,1008,1000
200.61892930582,1008,1000
200.62960030582,1008,1000
200.64003630582,1008,1000
200.650828418616,1008,1000
200.65892930582,1008,1000
200.668929301446,1008,1000
200.678929301446,1008,1000
200.688929301446,1008,1000
200.698929301446,1008,1000
200.70931470382,1008,1000
200.71965429705,1008,1000
200.72892929705,1008,1000
200.73952829705,1008,1000
200.74892929705,1008,1000
200.75892929705,1008,1000
200.768929292654,1008,1000
200.778929292654,1008,1000
200.788929292654,1008,1000
200.798929292654,1008,1000
200.808929288279,1008,1000
200.818929288279,1008,1000
200.828929288279,1008,1000
200.838929288279,1008,1000
200.849654288279,1008,1000
200.858929288279,1008,1000
200.868929283904,1008,1000
200.878929283904,1008,1000
200.888929283904,1008,1000
200.90002789905,1008,1000
200.908929279528,1008,1000
200.918929279528,1008,1000
200.928929279528,1008,1000
200.938929279528,1008,1000
200.948929279528,1008,1000
200.958929279528,1008,1000
200.969238660006,1008,1000
200.979074148902,1008,1000
200.988929275152,1008,1000
200.998929275152,1008,1000
201.008952097684,1008,1000
201.018929270757,1008,1000
201.029883270757,1008,1000
201.039816270757,1008,1000
201.048929270757,1008,1000
201.058929270757,1008,1000
201.068929266362,1008,1000
201.078929266362,1008,1000
201.088929266362,1008,1000
201.099206638069,1008,1000
201.109238633698,1008,1000
201.118929261991,1008,1000
201.128929261991,1008,1000
201.138929261991,1008,1000
201.149847261991,1008,1000
201.158929261991,1008,1000
201.169298705989,1008,1000
201.17978025762,1008,1000
201.18989225762,1008,1000
201.19892925762,1008,1000
201.208929253224,1008,1000
201.219062616165,1008,1000
201.228929253224,1008,1000
201.238929253224,1008,1000
201.249017091336,1008,1000
201.259107611794,1008,1000
201.268929248828,1008,1000
201.278929248828,1008,1000
201.288929248828,1008,1000
201.298929248828,1008,1000
201.309870244444,1008,1000
201.319942244444,1008,1000
201.328929244444,1008,1000
201.338929244444,1008,1000
201.348929244444,1008,1000
201.358929244444,1008,1000
201.36892924006,1008,1000
201.379094585454,1008,1000
201.389193585454,1008,1000
201.39962724006,1008,1000
201.408929235669,1008,1000
201.418929235669,1008,1000
201.428929235669,1008,1000
201.438929235669,1008,1000
201.448929235669,1008,1000
201.458929235669,1008,1000
201.468929231278,1008,1000
201.478929231278,1008,1000
201.488929231278,1008,1000
201.498929231278,1008,1000
201.508929226903,1008,1000
201.518929226903,1008,1000
201.528929226903,1008,1000
201.538929226903,1008,1000
201.548929226903,1008,1000
201.558929226903,1008,1000
201.568929222528,1008,1000
201.578929222528,1008,1000
201.588929222528,1008,1000
201.598929222528,1008,1000
201.608929218151,1008,1000
201.619964218151,1008,1000
201.628929218151,1008,1000
201.638929218151,1008,1000
201.648929218151,1008,1000
201.658929218151,1008,1000
201.668929213774,1008,1000
201.678929213774,1008,1000
201.689368532875,1008,1000
201.698929213774,1008,1000
201.7089292094,1008,1000
201.7189292094,1008,1000
201.7299102094,1008,1000
201.739328905838,1008,1000
201.7489292094,1008,1000
201.7589292094,1008,1000
201.768929205026,1008,1000
201.779559205026,1008,1000
201.788929205026,1008,1000
201.799332515376,1008,1000
201.80892920066,1008,1000
201.819653934156,1008,1000
201.82892920066,1008,1000
201.83892920066,1008,1000
201.84892920066,1008,1000
201.85892920066,1008,1000
201.868929196294,1008,1000
201.879514196294,1008,1000
201.888929196294,1008,1000
201.899401912318,1008,1000
201.908929191922,1008,1000
201.918929191922,1008,1000
201.928929191922,1008,1000
201.938929191922,1008,1000
201.948929191922,1008,1000
201.958929191922,1008,1000
201.96892918755,1008,1000
201.97892918755,1008,1000
201.98892918755,1008,1000
201.99892918755,1008,1000
202.008929183204,1008,1000
202.018929183204,1008,1000
202.028929183204,1008,1000
202.038929183204,1008,1000
202.048929183204,1008,1000
202.058929183204,1008,1000
202.068929178858,1008,1000
202.078929178858,1008,1000
202.088966156746,1008,1000
202.099928178858,1008,1000
202.11109493877,1008,1000
202.119125927936,1008,1000
202.128929174516,1008,1000
202.139852174516,1008,1000
202.148929174516,1008,1000
202.159627174516,1008,1000
202.169233449982,1008,1000
202.178929170174,1008,1000
202.188929170174,1008,1000
202.198929170174,1008,1000
202.209103441284,1008,1000
202.219910165818,1008,1000
202.229672165818,1008,1000
202.238929165818,1008,1000
202.248929165818,1008,1000
202.258929165818,1008,1000
202.268929161462,1008,1000
202.278929161462,1008,1000
202.28920642823,1008,1000
202.298929161462,1008,1000
202.309665105854,1008,1000
202.318929157114,1008,1000
202.328929157114,1008,1000
202.338929157114,1008,1000
202.348929157114,1008,1000
202.360036157114,1008,1000
202.368929152766,1008,1000
202.378929152766,1008,1000
202.388929152766,1008,1000
202.398933562366,1008,1000
202.408933558014,1008,1000
202.418933558014,1008,1000
202.429381816078,1008,1000
202.438933558014,1008,1000
202.448933558014,1008,1000
202.458933558014,1008,1000
202.468933553662,1008,1000
202.478933553662,1008,1000
202.488933553662,1008,1000
202.498933553662,1008,1000
202.51002789905,1008,1000
202.51892913971,1008,1000
202.52892913971,1008,1000
202.53892913971,1008,1000
202.54892913971,1008,1000
202.55892913971,1008,1000
202.568929135358,1008,1000
202.579233376018,1008,1000
202.588929135358,1008,1000
202.599942135358,1008,1000
202.608929131028,1008,1000
202.618929131028,1008,1000
202.628929131028,1008,1000
202.638929131028,1008,1000
202.648929131028,1008,1000
202.658929131028,1008,1000
202.669409363006,1008,1000
202.678929126698,1008,1000
202.690792243868,1008,1000
202.698929126698,1008,1000
202.708929122372,1008,1000
202.718929122372,1008,1000
202.728929122372,1008,1000
202.739056623439,1008,1000
202.748929122372,1008,1000
202.758929122372,1008,1000
202.768929118046,1008,1000
202.778929118046,1008,1000
202.788929118046,1008,1000
202.798929118046,1008,1000
202.808929113716,1008,1000
202.818929113716,1008,1000
202.828929113716,1008,1000
202.838929113716,1008,1000
202.848929113716,1008,1000
202.859653668878,1008,1000
202.869654109386,1008,1000
202.878929109386,1008,1000
202.888929109386,1008,1000
202.898929109386,1008,1000
202.908929105045,1008,1000
202.918929105045,1008,1000
202.928929105045,1008,1000
202.938929105045,1008,1000
202.948929105045,1008,1000
202.958929105045,1008,1000
202.968929100704,1008,1000
202.978929100704,1008,1000
202.988929100704,1008,1000
202.998929100704,1008,1000
203.008929096385,1008,1000
203.018929096385,1008,1000
203.028929096385,1008,1000
203.038929096385,1008,1000
203.048929096385,1008,1000
203.058929096385,1008,1000
203.069613092066,1008,1000
203.078929092066,1008,1000
203.088929092066,1008,1000
203.098929092066,1008,1000
203.108929087755,1008,1000
203.118929087755,1008,1000
203.130918200614,1008,1000
203.139133763769,1008,1000
203.148929087755,1008,1000
203.158929087755,1008,1000
203.168929083444,1008,1000
203.180123155067,1008,1000
203.188929083444,1008,1000
203.198929083444,1008,1000
203.208929079127,1008,1000
203.218929079127,1008,1000
203.228929079127,1008,1000
203.238929079127,1008,1000
203.249500335144,1008,1000
203.259564237132,1008,1000
203.26892907481,1008,1000
203.27892907481,1008,1000
203.28892907481,1008,1000
203.29892907481,1008,1000
203.308929070504,1008,1000
203.318929070504,1008,1000
203.328929070504,1008,1000
203.338929070504,1008,1000
203.348929070504,1008,1000
203.358929070504,1008,1000
203.368929066198,1008,1000
203.378929066198,1008,1000
203.388929066198,1008,1000
203.398929066198,1008,1000
203.408929061912,1008,1000
203.418929061912,1008,1000
203.430210300588,1008,1000
203.438929061912,1008,1000
203.448929061912,1008,1000
203.458929061912,1008,1000
203.468929057626,1008,1000
203.478929057626,1008,1000
203.488929057626,1008,1000
203.499623459164,1008,1000
203.508929053318,1008,1000
203.519019491926,1008,1000
203.528929053318,1008,1000
203.539613053318,1008,1000
203.548929053318,1008,1000
203.558929053318,1008,1000
203.56892904901,1008,1000
203.57957304901,1008,1000
203.58892904901,1008,1000
203.59892904901,1008,1000
203.609964044723,1008,1000
203.618929044723,1008,1000
203.628929044723,1008,1000
203.638929044723,1008,1000
203.648929044723,1008,1000
203.658929044723,1008,1000
203.668929040436,1008,1000
203.680603002397,1008,1000
203.688929040436,1008,1000
203.698929040436,1008,1000
203.709671440397,1008,1000
203.720041036168,1008,1000
203.728929036168,1008,1000
203.738929036168,1008,1000
203.749836139515,1008,1000
203.758929036168,1008,1000
203.7689290319,1008,1000
203.780215823267,1008,1000
203.789454169018,1008,1000
203.7989290319,1008,1000
203.808929027629,1008,1000
203.819078268094,1008,1000
203.828929027629,1008,1000
203.838929027629,1008,1000
203.849646951846,1008,1000
203.858929027629,1008,1000
203.868929023358,1008,1000
203.878929023358,1008,1000
203.888929023358,1008,1000
203.898929023358,1008,1000
203.908947315789,1008,1000
203.918929019089,1008,1000
203.928929019089,1008,1000
203.938929019089,1008,1000
203.948929019089,1008,1000
203.958929019089,1008,1000
203.969563380606,1008,1000
203.97892901482,1008,1000
203.98892901482,1008,1000
203.99892901482,1008,1000
204.008929010553,1008,1000
204.018929010553,1008,1000
204.03002789905,1008,1000
204.038929010553,1008,1000
204.048929010553,1008,1000
204.058929010553,1008,1000
204.068929006286,1008,1000
204.078929006286,1008,1000
204.089100342195,1008,1000
204.099233117789,1008,1000
204.108929002027,1008,1000
204.118929002027,1008,1000
204.128929002027,1008,1000
204.138929002027,1008,1000
204.148929002027,1008,1000
204.158929002027,1008,1000
204.168928997768,1008,1000
204.178928997768,1008,1000
204.188928997768,1008,1000
204.198928997768,1008,1000
204.208928993497,1008,1000
204.218928993497,1008,1000
204.228928993497,1008,1000
204.238928993497,1008,1000
204.248928993497,1008,1000
204.258928993497,1008,1000
204.268928989226,1008,1000
204.279500168952,1008,1000
204.288928989226,1008,1000
204.298928989226,1008,1000
204.308928984981,1008,1000
204.319648984981,1008,1000
204.328928984981,1008,1000
204.338928984981,1008,1000
204.348928984981,1008,1000
204.358928984981,1008,1000
204.368928980736,1008,1000
204.378928980736,1008,1000
204.388928980736,1008,1000
204.398928980736,1008,1000
204.408928976489,1008,1000
204.418928976489,1008,1000
204.428928976489,1008,1000
204.438928976489,1008,1000
204.448928976489,1008,1000
204.458928976489,1008,1000
204.468928972242,1008,1000
204.4802255047,1008,1000
204.488928972242,1008,1000
204.498928972242,1008,1000
204.508928968003,1008,1000
204.518928968003,1008,1000
204.528928968003,1008,1000
204.538928968003,1008,1000
204.549701573653,1008,1000
204.558928968003,1008,1000
204.569046199357,1008,1000
204.578928963764,1008,1000
204.58895783521,1008,1000
204.598928963764,1008,1000
204.608928959524,1008,1000
204.620607439191,1008,1000
204.628928959524,1008,1000
204.638928959524,1008,1000
204.648928959524,1008,1000
204.659134976411,1008,1000
204.668928955284,1008,1000
204.678928955284,1008,1000
204.689885495425,1008,1000
204.698928955284,1008,1000
204.708928951046,1008,1000
204.718928951046,1008,1000
204.728928951046,1008,1000
204.738928951046,1008,1000
204.748928951046,1008,1000
204.759172547421,1008,1000
204.768928946808,1008,1000
204.778928946808,1008,1000
204.788928946808,1008,1000
204.798928946808,1008,1000
204.808928942583,1008,1000
204.818928942583,1008,1000
204.828928942583,1008,1000
204.838928942583,1008,1000
204.848928942583,1008,1000
204.859464155269,1008,1000
204.868928938358,1008,1000
204.878928938358,1008,1000
204.888928938358,1008,1000
204.898928938358,1008,1000
204.908928934126,1008,1000
204.918928934126,1008,1000
204.928928934126,1008,1000
204.938928934126,1008,1000
204.948928934126,1008,1000
204.958928934126,1008,1000
204.968928929894,1008,1000
204.978928929894,1008,1000
204.988928929894,1008,1000
204.998928929894,1008,1000
205.00892892567,1008,1000
205.01892892567,1008,1000
205.02892892567,1008,1000
205.03892892567,1008,1000
205.04892892567,1008,1000
205.05892892567,1008,1000
205.068928921446,1008,1000
205.078928921446,1008,1000
205.089752921446,1008,1000
205.098928921446,1008,1000
205.108928917568,1008,1000
205.118928917568,1008,1000
205.128928917568,1008,1000
205.138928917568,1008,1000
205.148928917568,1008,1000
205.15901675568,1008,1000
205.16892891369,1008,1000
205.17892891369,1008,1000
205.18892891369,1008,1000
205.19892891369,1008,1000
205.208928910038,1008,1000
205.218928910038,1008,1000
205.229453128034,1008,1000
205.238928910038,1008,1000
205.250138970609,1008,1000
205.258928910038,1008,1000
205.268928906386,1008,1000
205.278928906386,1008,1000
205.288928906386,1008,1000
205.298928906386,1008,1000
205.308928902773,1008,1000
205.319497974332,1008,1000
205.328928902773,1008,1000
205.338928902773,1008,1000
205.348928902773,1008,1000
205.358928902773,1008,1000
205.368951932796,1008,1000
205.37988789916,1008,1000
205.38892889916,1008,1000
205.39892889916,1008,1000
205.408928895556,1008,1000
205.418928895556,1008,1000
205.428928895556,1008,1000
205.438928895556,1008,1000
205.449318895666,1008,1000
205.458928895556,1008,1000
205.468928891952,1008,1000
205.478928891952,1008,1000
205.488928891952,1008,1000
205.498928891952,1008,1000
205.508928888356,1008,1000
205.518928888356,1008,1000
205.529670994934,1008,1000
205.538928888356,1008,1000
205.548928888356,1008,1000
205.558928888356,1008,1000
205.56975688476,1008,1000
205.57892888476,1008,1000
205.58892888476,1008,1000
205.59892888476,1008,1000
205.609376496308,1008,1000
205.61892888118,1008,1000
205.62892888118,1008,1000
205.63907986689,1008,1000
205.64892888118,1008,1000
205.65892888118,1008,1000
205.6689288776,1008,1000
205.679044031861,1008,1000
205.6889288776,1008,1000
205.6989288776,1008,1000
205.708928874022,1008,1000
205.718928874022,1008,1000
205.729576874022,1008,1000
205.739921800203,1008,1000
205.748928874022,1008,1000
205.758928874022,1008,1000
205.768928870444,1008,1000
205.778928870444,1008,1000
205.788928870444,1008,1000
205.799591292963,1008,1000
205.809289767382,1008,1000
205.818928866229,1008,1000
205.828928866229,1008,1000
205.838928866229,1008,1000
205.848928866229,1008,1000
205.858928866229,1008,1000
205.868928862014,1008,1000
205.878928862014,1008,1000
205.888928862014,1008,1000
205.898928862014,1008,1000
205.91145697079,1008,1000
205.918928857817,1008,1000
205.928928857817,1008,1000
205.938928857817,1008,1000
205.948928857817,1008,1000
205.960235298982,1008,1000
205.97080985362,1008,1000
205.97924285362,1008,1000
205.98892885362,1008,1000
205.99892885362,1008,1000
206.008928849396,1008,1000
206.018928849396,1008,1000
206.029666249328,1008,1000
206.038928849396,1008,1000
206.048928849396,1008,1000
206.058928849396,1008,1000
206.068928845172,1008,1000
206.078928845172,1008,1000
206.088928845172,1008,1000
206.098928845172,1008,1000
206.108928840971,1008,1000
206.118928840971,1008,1000
206.128928840971,1008,1000
206.138928840971,1008,1000
206.148928840971,1008,1000
206.159679850385,1008,1000
206.16892883677,1008,1000
206.17892883677,1008,1000
206.18892883677,1008,1000
206.19892883677,1008,1000
206.208928832576,1008,1000
206.218928832576,1008,1000
206.228928832576,1008,1000
206.238928832576,1008,1000
206.249362233398,1008,1000
206.260010784681,1008,1000
206.268928828382,1008,1000
206.278928828382,1008,1000
206.288928828382,1008,1000
206.298928828382,1008,1000
206.308928824178,1008,1000
206.318928824178,1008,1000
206.329432709809,1008,1000
206.338928824178,1008,1000
206.348928824178,1008,1000
206.358928824178,1008,1000
206.368928819974,1008,1000
206.378928819974,1008,1000
206.388928819974,1008,1000
206.398928819974,1008,1000
206.408928815808,1008,1000
206.418928815808,1008,1000
206.428928815808,1008,1000
206.438928815808,1008,1000
206.448928815808,1008,1000
206.458928815808,1008,1000
206.468928811642,1008,1000
206.478928811642,1008,1000
206.488928811642,1008,1000
206.498928811642,1008,1000
206.508928807455,1008,1000
206.518928807455,1008,1000
206.528928807455,1008,1000
206.538928807455,1008,1000
206.548928807455,1008,1000
206.559387514233,1008,1000
206.568928803268,1008,1000
206.578928803268,1008,1000
206.588928803268,1008,1000
206.598928803268,1008,1000
206.608928799095,1008,1000
206.618928799095,1008,1000
206.629558435666,1008,1000
206.638928799095,1008,1000
206.648928799095,1008,1000
206.658928799095,1008,1000
206.668928794922,1008,1000
206.678928794922,1008,1000
206.690008015084,1008,1000
206.698928794922,1008,1000
206.708928790757,1008,1000
206.718928790757,1008,1000
206.728928790757,1008,1000
206.738928790757,1008,1000
206.748928790757,1008,1000
206.759429906791,1008,1000
206.769896786592,1008,1000
206.778928786592,1008,1000
206.788928786592,1008,1000
206.798928786592,1008,1000
206.808928782444,1008,1000
206.819635434501,1008,1000
206.828928782444,1008,1000
206.839917669986,1008,1000
206.848928782444,1008,1000
206.858928782444,1008,1000
206.868928778296,1008,1000
206.878928778296,1008,1000
206.888928778296,1008,1000
206.898928778296,1008,1000
206.909303545101,1008,1000
206.918928774165,1008,1000
206.928928774165,1008,1000
206.938928774165,1008,1000
206.948928774165,1008,1000
206.958928774165,1008,1000
206.968928770034,1008,1000
206.978928770034,1008,1000
206.988928770034,1008,1000
206.998928770034,1008,1000
207.008928765892,1008,1000
207.018928765892,1008,1000
207.028928765892,1008,1000
207.038928765892,1008,1000
207.048928765892,1008,1000
207.058928765892,1008,1000
207.06892876175,1008,1000
207.07892876175,1008,1000
207.08892876175,1008,1000
207.09892876175,1008,1000
207.108928757628,1008,1000
207.118928757628,1008,1000
207.128928757628,1008,1000
207.138928757628,1008,1000
207.148928757628,1008,1000
207.158928757628,1008,1000
207.168928753506,1008,1000
207.178928753506,1008,1000
207.188928753506,1008,1000
207.199243036278,1008,1000
207.208928749396,1008,1000
207.219537006661,1008,1000
207.228928749396,1008,1000
207.238928749396,1008,1000
207.248928749396,1008,1000
207.258928749396,1008,1000
207.268928745286,1008,1000
207.278928745286,1008,1000
207.288928745286,1008,1000
207.298928745286,1008,1000
207.308928741169,1008,1000
207.318928741169,1008,1000
207.328928741169,1008,1000
207.338928741169,1008,1000
207.348928741169,1008,1000
207.358928741169,1008,1000
207.368928737052,1008,1000
207.378928737052,1008,1000
207.388928737052,1008,1000
207.398928737052,1008,1000
207.408928732953,1008,1000
207.418928732953,1008,1000
207.428928732953,1008,1000
207.438928732953,1008,1000
207.448928732953,1008,1000
207.460220526127,1008,1000
207.468928728854,1008,1000
207.478928728854,1008,1000
207.488928728854,1008,1000
207.498928728854,1008,1000
207.508928724762,1008,1000
207.518928724762,1008,1000
207.529642351839,1008,1000
207.538928724762,1008,1000
207.549666724762,1008,1000
207.558928724762,1008,1000
207.56892872067,1008,1000
207.57892872067,1008,1000
207.58892872067,1008,1000
207.59892872067,1008,1000
207.608928716581,1008,1000
207.618928716581,1008,1000
207.628928716581,1008,1000
207.638928716581,1008,1000
207.648924094175,1008,1000
207.658928716581,1008,1000
207.668928712492,1008,1000
207.678928712492,1008,1000
207.688928712492,1008,1000
207.698928712492,1008,1000
207.708928708436,1008,1000
207.718928708436,1008,1000
207.728928708436,1008,1000
207.738928708436,1008,1000
207.748928708436,1008,1000
207.758928708436,1008,1000
207.769525192791,1008,1000
207.77892870438,1008,1000
207.78892870438,1008,1000
207.79892870438,1008,1000
207.808928700313,1008,1000
207.818928700313,1008,1000
207.828928700313,1008,1000
207.838928700313,1008,1000
207.848928700313,1008,1000
207.858928700313,1008,1000
207.868928696246,1008,1000
207.878928696246,1008,1000
207.889698696246,1008,1000
207.898928696246,1008,1000
207.90892869222,1008,1000
207.91892869222,1008,1000
207.92892869222,1008,1000
207.93892869222,1008,1000
207.94892869222,1008,1000
207.95892869222,1008,1000
207.968928688194,1008,1000
207.978928688194,1008,1000
207.988928688194,1008,1000
207.998928688194,1008,1000
208.008928684163,1008,1000
208.018928684163,1008,1000
208.028973383647,1008,1000
208.038928684163,1008,1000
208.049535379621,1008,1000
208.058928684163,1008,1000
208.068928680132,1008,1000
208.078928680132,1008,1000
208.088928680132,1008,1000
208.098928680132,1008,1000
208.10892867612,1008,1000
208.11892867612,1008,1000
208.12892867612,1008,1000
208.13892867612,1008,1000
208.14892867612,1008,1000
208.15892867612,1008,1000
208.168928672108,1008,1000
208.178928672108,1008,1000
208.188928672108,1008,1000
208.198928672108,1008,1000
208.208928668087,1008,1000
208.219152296108,1008,1000
208.228928668087,1008,1000
208.238928668087,1008,1000
208.248928668087,1008,1000
208.258928668087,1008,1000
208.268928664066,1008,1000
208.278928664066,1008,1000
208.288928664066,1008,1000
208.298928664066,1008,1000
208.308928660081,1008,1000
208.318928660081,1008,1000
208.328928660081,1008,1000
208.339699350425,1008,1000
208.348928660081,1008,1000
208.358928660081,1008,1000
208.368928656096,1008,1000
208.378928656096,1008,1000
208.388928656096,1008,1000
208.398928656096,1008,1000
208.408928652125,1008,1000
208.418928652125,1008,1000
208.428928652125,1008,1000
208.438928652125,1008,1000
208.448928652125,1008,1000
208.458928652125,1008,1000
208.468928648154,1008,1000
208.478928648154,1008,1000
208.488928648154,1008,1000
208.498928648154,1008,1000
208.508928644198,1008,1000
208.518928644198,1008,1000
208.528928644198,1008,1000
208.538928644198,1008,1000
208.548928644198,1008,1000
208.559635644198,1008,1000
208.568928640242,1008,1000
208.578928640242,1008,1000
208.588928640242,1008,1000
208.598928640242,1008,1000
208.608928636288,1008,1000
208.619535239798,1008,1000
208.628928636288,1008,1000
208.638928636288,1008,1000
208.649553235842,1008,1000
208.658928636288,1008,1000
208.668928632334,1008,1000
208.678928632334,1008,1000
208.688928632334,1008,1000
208.698928632334,1008,1000
208.70892862839,1008,1000
208.71892862839,1008,1000
208.72892862839,1008,1000
208.73892862839,1008,1000
208.749409212128,1008,1000
208.75892862839,1008,1000
208.768928624446,1008,1000
208.778928624446,1008,1000
208.789182502444,1008,1000
208.798928624446,1008,1000
208.808928620503,1008,1000
208.818928620503,1008,1000
208.828928620503,1008,1000
208.838928620503,1008,1000
208.848928620503,1008,1000
208.858928620503,1008,1000
208.86892861656,1008,1000
208.87892861656,1008,1000
208.88892861656,1008,1000
208.89892861656,1008,1000
208.908928612636,1008,1000
208.918928612636,1008,1000
208.928928612636,1008,1000
208.938928612636,1008,1000
208.948928612636,1008,1000
208.958928612636,1008,1000
208.968928608712,1008,1000
208.978928608712,1008,1000
208.98975114913,1008,1000
208.998928608712,1008,1000
209.00892860482,1008,1000
209.01892860482,1008,1000
209.02892860482,1008,1000
209.03892860482,1008,1000
209.04892860482,1008,1000
209.0590828549,1008,1000
209.068928600928,1008,1000
209.078928600928,1008,1000
209.088928600928,1008,1000
209.098928600928,1008,1000
209.10892859705,1008,1000
209.11892859705,1008,1000
209.12892859705,1008,1000
209.13892859705,1008,1000
209.14892859705,1008,1000
209.15892859705,1008,1000
209.168928593172,1008,1000
209.178928593172,1008,1000
209.188928593172,1008,1000
209.198928593172,1008,1000
209.208928589286,1008,1000
209.218928589286,1008,1000
209.228928589286,1008,1000
209.238928589286,1008,1000
209.248928589286,1008,1000
209.258928589286,1008,1000
209.2689285854,1008,1000
209.2789285854,1008,1000
209.2889285854,1008,1000
209.2989285854,1008,1000
209.308928581546,1008,1000
209.318928581546,1008,1000
209.328928581546,1008,1000
209.338928581546,1008,1000
209.348928581546,1008,1000
209.359509705213,1008,1000
209.368928577692,1008,1000
209.38002789905,1008,1000
209.388928577692,1008,1000
209.398928577692,1008,1000
209.40892857384,1008,1000
209.41892857384,1008,1000
209.42892857384,1008,1000
209.43892857384,1008,1000
209.449242198851,1008,1000
209.45892857384,1008,1000
209.468928569988,1008,1000
209.478928569988,1008,1000
209.488928569988,1008,1000
209.498928569988,1008,1000
209.508928566157,1008,1000
209.518928566157,1008,1000
209.528928566157,1008,1000
209.538928566157,1008,1000
209.548928566157,1008,1000
209.558928566157,1008,1000
209.568928562326,1008,1000
209.578928562326,1008,1000
209.588928562326,1008,1000
209.598928562326,1008,1000
209.608928558504,1008,1000
209.618928558504,1008,1000
209.628928558504,1008,1000
209.638928558504,1008,1000
209.648928558504,1008,1000
209.658928558504,1008,1000
209.668928554682,1008,1000
209.678928554682,1008,1000
209.688928554682,1008,1000
209.698928554682,1008,1000
209.708928550912,1008,1000
209.718928550912,1008,1000
209.728928550912,1008,1000
209.739297105286,1008,1000
209.748928550912,1008,1000
209.758928550912,1008,1000
209.768928547142,1008,1000
209.778928547142,1008,1000
209.789793942081,1008,1000
209.798928547142,1008,1000
209.808928543371,1008,1000
209.818928543371,1008,1000
209.828928543371,1008,1000
209.838928543371,1008,1000
209.848928543371,1008,1000
209.859296205005,1008,1000
209.869498187692,1008,1000
209.8789285396,1008,1000
209.8889285396,1008,1000
209.8989285396,1008,1000
209.90892853586,1008,1000
209.91892853586,1008,1000
209.92892853586,1008,1000
209.93892853586,1008,1000
209.94892853586,1008,1000
209.95892853586,1008,1000
209.96892853212,1008,1000
209.97892853212,1008,1000
209.98892853212,1008,1000
209.99892853212,1008,1000
210.008928528393,1008,1000
210.018928528393,1008,1000
210.028928528393,1008,1000
210.038928528393,1008,1000
210.048928528393,1008,1000
210.058928528393,1008,1000
210.068928524666,1008,1000
210.078928524666,1008,1000
210.088928524666,1008,1000
210.098928524666,1008,1000
210.10892852094,1008,1000
210.11892852094,1008,1000
210.12892852094,1008,1000
210.13892852094,1008,1000
210.14892852094,1008,1000
210.15892852094,1008,1000
210.168928517214,1008,1000
210.178928517214,1008,1000
210.18895136755,1008,1000
210.198928517214,1008,1000
210.208928513514,1008,1000
210.218928513514,1008,1000
210.228928513514,1008,1000
210.238928513514,1008,1000
210.248928513514,1008,1000
210.258928513514,1008,1000
210.268928509814,1008,1000
210.278928509814,1008,1000
210.288928509814,1008,1000
210.298928509814,1008,1000
210.309435264222,1008,1000
210.318928506136,1008,1000
210.328928506136,1008,1000
210.338928506136,1008,1000
210.348928506136,1008,1000
210.358928506136,1008,1000
210.368928502458,1008,1000
210.378928502458,1008,1000
210.388928502458,1008,1000
210.398928502458,1008,1000
210.40892849883,1008,1000
210.419970886578,1008,1000
210.42892849883,1008,1000
210.43892849883,1008,1000
210.44892849883,1008,1000
210.45892849883,1008,1000
210.468928495202,1008,1000
210.478928495202,1008,1000
210.48919448273,1008,1000
210.498928495202,1008,1000
210.508928491739,1008,1000
210.518928491739,1008,1000
210.528928491739,1008,1000
210.538928491739,1008,1000
210.548928491739,1008,1000
210.558928491739,1008,1000
210.568928488276,1008,1000
210.578928488276,1008,1000
210.588928488276,1008,1000
210.598928488276,1008,1000
210.608928484849,1008,1000
210.618928484849,1008,1000
210.628928484849,1008,1000
210.638928484849,1008,1000
210.648928484849,1008,1000
210.658928484849,1008,1000
210.668928481422,1008,1000
210.678928481422,1008,1000
210.688928481422,1008,1000
210.698928481422,1008,1000
210.708928478021,1008,1000
210.718928478021,1008,1000
210.728928478021,1008,1000
210.738928478021,1008,1000
210.748928478021,1008,1000
210.759224572399,1008,1000
210.769429444734,1008,1000
210.77892847462,1008,1000
210.78892847462,1008,1000
210.79892847462,1008,1000
210.808928471261,1008,1000
210.818928471261,1008,1000
210.828928471261,1008,1000
210.838928471261,1008,1000
210.848928471261,1008,1000
210.858928471261,1008,1000
210.868928467902,1008,1000
210.879744431178,1008,1000
210.888928467902,1008,1000
210.898928467902,1008,1000
210.908928464567,1008,1000
210.918928464567,1008,1000
210.928928464567,1008,1000
210.938928464567,1008,1000
210.949192996695,1008,1000
210.958928464567,1008,1000
210.968928461232,1008,1000
210.978928461232,1008,1000
210.988928461232,1008,1000
210.998928461232,1008,1000
211.008928457926,1008,1000
211.018928457926,1008,1000
211.028928457926,1008,1000
211.038928457926,1008,1000
211.048928457926,1008,1000
211.058928457926,1008,1000
211.068962437793,1008,1000
211.07892845462,1008,1000
211.08892845462,1008,1000
211.09892845462,1008,1000
211.108928451357,1008,1000
211.118928451357,1008,1000
211.128928451357,1008,1000
211.13925866284,1008,1000
211.148928451357,1008,1000
211.158928451357,1008,1000
211.168928448094,1008,1000
211.178928448094,1008,1000
211.188928448094,1008,1000
211.198928448094,1008,1000
211.208928444851,1008,1000
211.218928444851,1008,1000
211.228928444851,1008,1000
211.238928444851,1008,1000
211.248928444851,1008,1000
211.258928444851,1008,1000
211.268928441608,1008,1000
211.278928441608,1008,1000
211.288928441608,1008,1000
211.298928441608,1008,1000
211.308928438405,1008,1000
211.318928438405,1008,1000
211.329461778836,1008,1000
211.338928438405,1008,1000
211.348928438405,1008,1000
211.358928438405,1008,1000
211.368928435202,1008,1000
211.378928435202,1008,1000
211.388928435202,1008,1000
211.398928435202,1008,1000
211.408928432017,1008,1000
211.418928432017,1008,1000
211.428928432017,1008,1000
211.438928432017,1008,1000
211.448928432017,1008,1000
211.458928432017,1008,1000
211.468928428832,1008,1000
211.478928428832,1008,1000
211.488928428832,1008,1000
211.499175674941,1008,1000
211.508928425701,1008,1000
211.518928425701,1008,1000
211.528928425701,1008,1000
211.538928425701,1008,1000
211.548928425701,1008,1000
211.558928425701,1008,1000
211.56892842257,1008,1000
211.57892842257,1008,1000
211.58892842257,1008,1000
211.59892842257,1008,1000
211.608928419453,1008,1000
211.618928419453,1008,1000
211.628928419453,1008,1000
211.638928419453,1008,1000
211.648928419453,1008,1000
211.658928419453,1008,1000
211.668928416336,1008,1000
211.678928416336,1008,1000
211.688928416336,1008,1000
211.698928416336,1008,1000
211.709251568138,1008,1000
211.718928413279,1008,1000
211.728928413279,1008,1000
211.738928413279,1008,1000
211.748928413279,1008,1000
211.758928413279,1008,1000
211.768928410222,1008,1000
211.778928410222,1008,1000
211.788928410222,1008,1000
211.798928410222,1008,1000
211.808928407177,1008,1000
211.818928407177,1008,1000
211.828928407177,1008,1000
211.838928407177,1008,1000
211.848928407177,1008,1000
211.858928407177,1008,1000
211.868928404132,1008,1000
211.878928404132,1008,1000
211.888928404132,1008,1000
211.899680989447,1008,1000
211.908928401126,1008,1000
211.918928401126,1008,1000
211.928928401126,1008,1000
211.938928401126,1008,1000
211.948928401126,1008,1000
211.958928401126,1008,1000
211.96892839812,1008,1000
211.97892839812,1008,1000
211.98892839812,1008,1000
211.99892839812,1008,1000
212.008928395169,1008,1000
212.018928395169,1008,1000
212.028928395169,1008,1000
212.038928395169,1008,1000
212.048928395169,1008,1000
212.058928395169,1008,1000
212.068935149561,1008,1000
212.078928392218,1008,1000
212.088928392218,1008,1000
212.098928392218,1008,1000
212.108928389304,1008,1000
212.118928389304,1008,1000
212.128928389304,1008,1000
212.138928389304,1008,1000
212.148928389304,1008,1000
212.158928389304,1008,1000
212.16892838639,1008,1000
212.17892838639,1008,1000
212.18892838639,1008,1000
212.19892838639,1008,1000
212.20892838353,1008,1000
212.21892838353,1008,1000
212.22892838353,1008,1000
212.23892838353,1008,1000
212.24892838353,1008,1000
212.25892838353,1008,1000
212.26892838067,1008,1000
212.279243219052,1008,1000
212.28979381597,1008,1000
212.29892838067,1008,1000
212.308928377834,1008,1000
212.318915244177,1008,1000
212.328928377834,1008,1000
212.338928377834,1008,1000
212.348928377834,1008,1000
212.359242294754,1008,1000
212.368928374998,1008,1000
212.378928374998,1008,1000
212.388928374998,1008,1000
212.398928374998,1008,1000
212.408928372222,1008,1000
212.418928372222,1008,1000
212.428928372222,1008,1000
212.438928372222,1008,1000
212.448928372222,1008,1000
212.458928372222,1008,1000
212.468928369446,1008,1000
212.478928369446,1008,1000
212.488928369446,1008,1000
212.498928369446,1008,1000
212.508928366709,1008,1000
212.518928366709,1008,1000
212.528928366709,1008,1000
212.539555012237,1008,1000
212.548928366709,1008,1000
212.558928366709,1008,1000
212.568928363972,1008,1000
212.578928363972,1008,1000
212.588928363972,1008,1000
212.598928363972,1008,1000
212.608928361281,1008,1000
212.618928361281,1008,1000
212.628928361281,1008,1000
212.638928361281,1008,1000
212.648948502667,1008,1000
212.658928361281,1008,1000
212.66892835859,1008,1000
212.67892835859,1008,1000
212.68892835859,1008,1000
212.69892835859,1008,1000
212.708928355956,1008,1000
212.718928355956,1008,1000
212.728933656618,1008,1000
212.738928355956,1008,1000
212.748928355956,1008,1000
212.758928355956,1008,1000
212.768928353322,1008,1000
212.778928353322,1008,1000
212.788928353322,1008,1000
212.798928353322,1008,1000
212.808928350741,1008,1000
212.818928350741,1008,1000
212.828928350741,1008,1000
212.838928350741,1008,1000
212.849408401595,1008,1000
212.858928350741,1008,1000
212.86892834816,1008,1000
212.87892834816,1008,1000
212.88892834816,1008,1000
212.89892834816,1008,1000
212.908928345562,1008,1000
212.918928345562,1008,1000
212.928928345562,1008,1000
212.940155082583,1008,1000
212.948928345562,1008,1000
212.958928345562,1008,1000
212.968928342964,1008,1000
212.978928342964,1008,1000
212.989798558118,1008,1000
212.998928342964,1008,1000
213.009540523935,1008,1000
213.018928340402,1008,1000
213.028928340402,1008,1000
213.040046652672,1008,1000
213.048928340402,1008,1000
213.05904899947,1008,1000
213.06892833784,1008,1000
213.07892833784,1008,1000
213.08892833784,1008,1000
213.09892833784,1008,1000
213.110099644932,1008,1000
213.11892833535,1008,1000
213.12892833535,1008,1000
213.13892833535,1008,1000
213.14892833535,1008,1000
213.15892833535,1008,1000
213.16892833286,1008,1000
213.179521078742,1008,1000
213.18892833286,1008,1000
213.19892833286,1008,1000
213.208928330427,1008,1000
213.219308980811,1008,1000
213.228928330427,1008,1000
213.238928330427,1008,1000
213.248928330427,1008,1000
213.258928330427,1008,1000
213.268928327994,1008,1000
213.278928327994,1008,1000
213.288928327994,1008,1000
213.2992158701,1008,1000
213.30892832561,1008,1000
213.320078155836,1008,1000
213.32892832561,1008,1000
213.33892832561,1008,1000
213.34892832561,1008,1000
213.35892832561,1008,1000
213.368928323226,1008,1000
213.378928323226,1008,1000
213.389562580012,1008,1000
213.398928323226,1008,1000
213.408928320896,1008,1000
213.418928320896,1008,1000
213.429525288802,1008,1000
213.438928320896,1008,1000
213.448928320896,1008,1000
213.458928320896,1008,1000
213.468928318566,1008,1000
213.478928318566,1008,1000
213.488928318566,1008,1000
213.498928318566,1008,1000
213.508928316305,1008,1000
213.518928316305,1008,1000
213.528928316305,1008,1000
213.538928316305,1008,1000
213.548928316305,1008,1000
213.558928316305,1008,1000
213.568928314044,1008,1000
213.578928314044,1008,1000
213.588928314044,1008,1000
213.598928314044,1008,1000
213.608928311858,1008,1000
213.618928311858,1008,1000
213.628928311858,1008,1000
213.638928311858,1008,1000
213.648928311858,1008,1000
213.659786259016,1008,1000
213.668928309672,1008,1000
213.679179250272,1008,1000
213.688928309672,1008,1000
213.698928309672,1008,1000
213.708928307553,1008,1000
213.718928307553,1008,1000
213.729279667519,1008,1000
213.738928307553,1008,1000
213.748928307553,1008,1000
213.758928307553,1008,1000
213.768928305434,1008,1000
213.778928305434,1008,1000
213.788928305434,1008,1000
213.798928305434,1008,1000
213.808928303386,1008,1000
213.818928303386,1008,1000
213.828928303386,1008,1000
213.838928303386,1008,1000
213.848928303386,1008,1000
213.858928303386,1008,1000
213.869336082918,1008,1000
213.878928301338,1008,1000
213.889812042303,1008,1000
213.898928301338,1008,1000
213.908928299348,1008,1000
213.918928299348,1008,1000
213.928928299348,1008,1000
213.938928299348,1008,1000
213.949485836842,1008,1000
213.959215442601,1008,1000
213.968928297358,1008,1000
213.978928297358,1008,1000
213.988928297358,1008,1000
213.998928297358,1008,1000
214.008928295445,1008,1000
214.018928295445,1008,1000
214.028928295445,1008,1000
214.038928295445,1008,1000
214.048928295445,1008,1000
214.058928295445,1008,1000
214.068928293532,1008,1000
214.078928293532,1008,1000
214.088928293532,1008,1000
214.098928293532,1008,1000
214.108928291675,1008,1000
214.118928291675,1008,1000
214.128928291675,1008,1000
214.138928291675,1008,1000
214.149538011767,1008,1000
214.158928291675,1008,1000
214.168928289818,1008,1000
214.178928289818,1008,1000
214.188928289818,1008,1000
214.198928289818,1008,1000
214.208928288043,1008,1000
214.218928288043,1008,1000
214.228928288043,1008,1000
214.238928288043,1008,1000
214.249051225867,1008,1000
214.258928288043,1008,1000
214.268928286268,1008,1000
214.278928286268,1008,1000
214.288928286268,1008,1000
214.298928286268,1008,1000
214.308954132116,1008,1000
214.318928284558,1008,1000
214.328928284558,1008,1000
214.338928284558,1008,1000
214.348928284558,1008,1000
214.358928284558,1008,1000
214.368928282848,1008,1000
214.378928282848,1008,1000
214.388928282848,1008,1000
214.398928282848,1008,1000
214.408928281216,1008,1000
214.418928281216,1008,1000
214.428928281216,1008,1000
214.439627298187,1008,1000
214.448928281216,1008,1000
214.458928281216,1008,1000
214.468928279584,1008,1000
214.478928279584,1008,1000
214.488928279584,1008,1000
214.498928279584,1008,1000
214.508928278029,1008,1000
214.518928278029,1008,1000
214.528928278029,1008,1000
214.538928278029,1008,1000
214.548928278029,1008,1000
214.559485959486,1008,1000
214.568928276474,1008,1000
214.579669150047,1008,1000
214.588928276474,1008,1000
214.598928276474,1008,1000
214.608928274997,1008,1000
214.618928274997,1008,1000
214.628928274997,1008,1000
214.638928274997,1008,1000
214.648928274997,1008,1000
214.658928274997,1008,1000
214.66892827352,1008,1000
214.67892827352,1008,1000
214.68892827352,1008,1000
214.69892827352,1008,1000
214.708928272116,1008,1000
214.718928272116,1008,1000
214.728928272116,1008,1000
214.738928272116,1008,1000
214.748928272116,1008,1000
214.758928272116,1008,1000
214.768928270712,1008,1000
214.778928270712,1008,1000
214.788928270712,1008,1000
214.798928270712,1008,1000
214.808928269383,1008,1000
214.8191624238,1008,1000
214.828928269383,1008,1000
214.838928269383,1008,1000
214.848928269383,1008,1000
214.859191677682,1008,1000
214.868928268054,1008,1000
214.878928268054,1008,1000
214.888928268054,1008,1000
214.898928268054,1008,1000
214.908954997928,1008,1000
214.918928266817,1008,1000
214.928928266817,1008,1000
214.938928266817,1008,1000
214.948928266817,1008,1000
214.958928266817,1008,1000
214.96892826558,1008,1000
214.97892826558,1008,1000
214.98892826558,1008,1000
214.99892826558,1008,1000
215.010135480518,1008,1000
215.018928264417,1008,1000
215.028928264417,1008,1000
215.038928264417,1008,1000
215.048928264417,1008,1000
215.058928264417,1008,1000
215.068928263254,1008,1000
215.080197326096,1008,1000
215.088928263254,1008,1000
215.098943454084,1008,1000
215.108928262172,1008,1000
215.118928262172,1008,1000
215.128928262172,1008,1000
215.138928262172,1008,1000
215.149519689218,1008,1000
215.158928262172,1008,1000
215.16892826109,1008,1000
215.17892826109,1008,1000
215.18892826109,1008,1000
215.19892826109,1008,1000
215.208928260094,1008,1000
215.218928260094,1008,1000
215.228928260094,1008,1000
215.238928260094,1008,1000
215.248928260094,1008,1000
215.258928260094,1008,1000
215.268928259098,1008,1000
215.278928259098,1008,1000
215.288928259098,1008,1000
215.298928259098,1008,1000
215.308928258188,1008,1000
215.318928258188,1008,1000
215.328928258188,1008,1000
215.338928258188,1008,1000
215.348928258188,1008,1000
215.358928258188,1008,1000
215.368928257278,1008,1000
215.378928257278,1008,1000
215.389444091814,1008,1000
215.398928257278,1008,1000
215.408928256458,1008,1000
215.418928256458,1008,1000
215.428928256458,1008,1000
215.438928256458,1008,1000
215.448928256458,1008,1000
215.458928256458,1008,1000
215.468928255638,1008,1000
215.478928255638,1008,1000
215.488928255638,1008,1000
215.498928255638,1008,1000
215.508928254901,1008,1000
215.518928254901,1008,1000
215.528917746952,1008,1000
215.538928254901,1008,1000
215.548928254901,1008,1000
215.558928254901,1008,1000
215.568928254164,1008,1000
215.578928254164,1008,1000
215.588928254164,1008,1000
215.598928254164,1008,1000
215.608928253521,1008,1000
215.618928253521,1008,1000
215.629723081656,1008,1000
215.638928253521,1008,1000
215.648928253521,1008,1000
215.658928253521,1008,1000
215.668928252878,1008,1000
215.678928252878,1008,1000
215.688928252878,1008,1000
215.698973435484,1008,1000
215.70892825232,1008,1000
215.71892825232,1008,1000
215.72892825232,1008,1000
215.73892825232,1008,1000
215.74892825232,1008,1000
215.75892825232,1008,1000
215.768928251762,1008,1000
215.778928251762,1008,1000
215.788928251762,1008,1000
215.798928251762,1008,1000
215.808928251294,1008,1000
215.818928251294,1008,1000
215.828928251294,1008,1000
215.83932420253,1008,1000
215.848928251294,1008,1000
215.858928251294,1008,1000
215.868928250826,1008,1000
215.878928250826,1008,1000
215.888928250826,1008,1000
215.898928250826,1008,1000
215.908928250451,1008,1000
215.918928250451,1008,1000
215.929678071641,1008,1000
215.938928250451,1008,1000
215.948928250451,1008,1000
215.958928250451,1008,1000
215.968928250076,1008,1000
215.978928250076,1008,1000
215.988928250076,1008,1000
215.998928250076,1008,1000
216.008928249789,1008,1000
216.018928249789,1008,1000
216.028928249789,1008,1000
216.038928249789,1008,1000
216.048928249789,1008,1000
216.058928249789,1008,1000
216.068928249502,1008,1000
216.078928249502,1008,1000
216.088928249502,1008,1000
216.098928249502,1008,1000
216.108928249305,1008,1000
216.118928249305,1008,1000
216.128928249305,1008,1000
216.138928249305,1008,1000
216.148928249305,1008,1000
216.158928249305,1008,1000
216.168928249108,1008,1000
216.178928249108,1008,1000
216.188928249108,1008,1000
216.198928249108,1008,1000
216.208928249003,1008,1000
216.218928249003,1008,1000
216.228928249003,1008,1000
216.238928249003,1008,1000
216.248928249003,1008,1000
216.258928249003,1008,1000
216.268928248898,1008,1000
216.278928248898,1008,1000
216.288928248898,1008,1000
216.298928248898,1008,1000
216.308928248883,1008,1000
216.318928248883,1008,1000
216.328928248883,1008,1000
216.338928248883,1008,1000
216.348928248883,1008,1000
216.358928248883,1008,1000
216.368928248868,1008,1000
216.378928248868,1008,1000
216.388928248868,1008,1000
216.398928248868,1008,1000
216.409415158625,1008,1000
216.418928248945,1008,1000
216.428928248945,1008,1000
216.438928248945,1008,1000
216.448928248945,1008,1000
216.458928248945,1008,1000
216.468928249022,1008,1000
216.478928249022,1008,1000
216.488928249022,1008,1000
216.498928249022,1008,1000
216.508928249189,1008,1000
216.518928249189,1008,1000
216.528928249189,1008,1000
216.538928249189,1008,1000
216.548928249189,1008,1000
216.558928249189,1008,1000
216.568928249356,1008,1000
216.578928249356,1008,1000
216.588928249356,1008,1000
216.598928249356,1008,1000
216.608928249126,1008,1000
216.618928249126,1008,1000
216.628928249126,1008,1000
216.638928249126,1008,1000
216.648928249126,1008,1000
216.658928249126,1008,1000
216.668928248896,1008,1000
216.678928248896,1008,1000
216.688928248896,1008,1000
216.698928248896,1008,1000
216.708928248438,1008,1000
216.718928248438,1008,1000
216.728928248438,1008,1000
216.738928248438,1008,1000
216.748928248438,1008,1000
216.758928248438,1008,1000
216.76892824798,1008,1000
216.77892824798,1008,1000
216.789114535899,1008,1000
216.79892824798,1008,1000
216.808928247613,1008,1000
216.818928247613,1008,1000
216.828928247613,1008,1000
216.838928247613,1008,1000
216.848928247613,1008,1000
216.858928247613,1008,1000
216.868928247246,1008,1000
216.878928247246,1008,1000
216.888928247246,1008,1000
216.898928247246,1008,1000
216.90892824697,1008,1000
216.91892824697,1008,1000
216.92892824697,1008,1000
216.93892824697,1008,1000
216.94892824697,1008,1000
216.95892824697,1008,1000
216.968928246694,1008,1000
216.979726652756,1008,1000
216.988928246694,1008,1000
216.998928246694,1008,1000
217.008928246509,1008,1000
217.018928246509,1008,1000
217.028928246509,1008,1000
217.038928246509,1008,1000
217.049016084621,1008,1000
217.058928246509,1008,1000
217.069669058782,1008,1000
217.078928246324,1008,1000
217.088928246324,1008,1000
217.098928246324,1008,1000
217.108928246231,1008,1000
217.118928246231,1008,1000
217.128928246231,1008,1000
217.138928246231,1008,1000
217.148928246231,1008,1000
217.158928246231,1008,1000
217.168928246138,1008,1000
217.178928246138,1008,1000
217.188928246138,1008,1000
217.198928246138,1008,1000
217.20892824631,1008,1000
217.21892824631,1008,1000
217.22892824631,1008,1000
217.23892824631,1008,1000
217.24892824631,1008,1000
217.25892824631,1008,1000
217.268928246482,1008,1000
217.278928246482,1008,1000
217.288928246482,1008,1000
217.298928246482,1008,1000
217.30892824736,1008,1000
217.31892824736,1008,1000
217.32892824736,1008,1000
217.33892824736,1008,1000
217.34892824736,1008,1000
217.359189760676,1008,1000
217.368928248238,1008,1000
217.378928248238,1008,1000
217.388928248238,1008,1000
217.400103951099,1008,1000
217.408928249203,1008,1000
217.418928249203,1008,1000
217.428928249203,1008,1000
217.438928249203,1008,1000
217.448928249203,1008,1000
217.45973537843,1008,1000
217.470998367338,1008,1000
217.478928250168,1008,1000
217.488928250168,1008,1000
217.498928250168,1008,1000
217.508928251222,1008,1000
217.518928251222,1008,1000
217.529192730602,1008,1000
217.538928251222,1008,1000
217.548928251222,1008,1000
217.558928251222,1008,1000
217.568928252276,1008,1000
217.578928252276,1008,1000
217.588928252276,1008,1000
217.598928252276,1008,1000
217.608928253417,1008,1000
217.619994075985,1008,1000
217.628928253417,1008,1000
217.638928253417,1008,1000
217.648928253417,1008,1000
217.658928253417,1008,1000
217.668928254558,1008,1000
217.678928254558,1008,1000
217.689478431493,1008,1000
217.698928254558,1008,1000
217.708928255786,1008,1000
217.718928255786,1008,1000
217.729624082831,1008,1000
217.738928255786,1008,1000
217.748928255786,1008,1000
217.758928255786,1008,1000
217.768928257014,1008,1000
217.778928257014,1008,1000
217.789088282768,1008,1000
217.798928257014,1008,1000
217.808916351798,1008,1000
217.81892825832,1008,1000
217.82892825832,1008,1000
217.83892825832,1008,1000
217.84892825832,1008,1000
217.85892825832,1008,1000
217.868928259626,1008,1000
217.878928259626,1008,1000
217.888928259626,1008,1000
217.898928259626,1008,1000
217.90892826102,1008,1000
217.91892826102,1008,1000
217.929580007054,1008,1000
217.93892826102,1008,1000
217.94892826102,1008,1000
217.95892826102,1008,1000
217.968928262414,1008,1000
217.978928262414,1008,1000
217.988928262414,1008,1000
217.998928262414,1008,1000
218.008928263882,1008,1000
218.019714106386,1008,1000
218.028928263882,1008,1000
218.038928263882,1008,1000
218.048928263882,1008,1000
218.05935410778,1008,1000
218.06892826535,1008,1000
218.07892826535,1008,1000
218.089099472686,1008,1000
218.09892826535,1008,1000
218.108928266898,1008,1000
218.118928266898,1008,1000
218.128928266898,1008,1000
218.138928266898,1008,1000
218.148928266898,1008,1000
218.158928266898,1008,1000
218.168928268446,1008,1000
218.178928268446,1008,1000
218.188928268446,1008,1000
218.198928268446,1008,1000
218.209552124478,1008,1000
218.218928270064,1008,1000
218.228928270064,1008,1000
218.238928270064,1008,1000
218.248928270064,1008,1000
218.258928270064,1008,1000
218.268928271682,1008,1000
218.278928271682,1008,1000
218.288928271682,1008,1000
218.298928271682,1008,1000
218.30970179854,1008,1000
218.318928273383,1008,1000
218.328928273383,1008,1000
218.338928273383,1008,1000
218.348928273383,1008,1000
218.358928273383,1008,1000
218.368928275084,1008,1000
218.379198585673,1008,1000
218.388928275084,1008,1000
218.398928275084,1008,1000
218.408928276857,1008,1000
218.418928276857,1008,1000
218.428928276857,1008,1000
218.438928276857,1008,1000
218.448928276857,1008,1000
218.458928276857,1008,1000
218.46950927863,1008,1000
218.47892827863,1008,1000
218.48892827863,1008,1000
218.49892827863,1008,1000
218.508928280469,1008,1000
218.518928280469,1008,1000
218.529498155026,1008,1000
218.539324156799,1008,1000
218.548928280469,1008,1000
218.558928280469,1008,1000
218.568928282308,1008,1000
218.578928282308,1008,1000
218.588928282308,1008,1000
218.598928282308,1008,1000
218.608928284227,1008,1000
218.618928284227,1008,1000
218.628928284227,1008,1000
218.638928284227,1008,1000
218.648928284227,1008,1000
218.658928284227,1008,1000
218.668928286146,1008,1000
218.678928286146,1008,1000
218.688928286146,1008,1000
218.698928286146,1008,1000
218.708928288137,1008,1000
218.718928288137,1008,1000
218.728928288137,1008,1000
218.738928288137,1008,1000
218.748928288137,1008,1000
218.758928288137,1008,1000
218.768928290128,1008,1000
218.778928290128,1008,1000
218.788928290128,1008,1000
218.79897161115,1008,1000
218.808928292189,1008,1000
218.818928292189,1008,1000
218.828928292189,1008,1000
218.838928292189,1008,1000
218.848928292189,1008,1000
218.858928292189,1008,1000
218.86892829425,1008,1000
218.87892829425,1008,1000
218.88892829425,1008,1000
218.89892829425,1008,1000
218.908928296389,1008,1000
218.918928296389,1008,1000
218.928928296389,1008,1000
218.938928296389,1008,1000
218.949318823541,1008,1000
218.958928296389,1008,1000
218.968928298528,1008,1000
218.978928298528,1008,1000
218.988928298528,1008,1000
218.998928298528,1008,1000
219.008928300725,1008,1000
219.018928300725,1008,1000
219.028928300725,1008,1000
219.039577216851,1008,1000
219.048928300725,1008,1000
219.058928300725,1008,1000
219.068928302922,1008,1000
219.078928302922,1008,1000
219.088928302922,1008,1000
219.098928302922,1008,1000
219.10892830508,1008,1000
219.11892830508,1008,1000
219.12892830508,1008,1000
219.13892830508,1008,1000
219.14892830508,1008,1000
219.15892830508,1008,1000
219.168928307238,1008,1000
219.178928307238,1008,1000
219.188928307238,1008,1000
219.198928307238,1008,1000
219.208928309376,1008,1000
219.218928309376,1008,1000
219.228928309376,1008,1000
219.238928309376,1008,1000
219.248928309376,1008,1000
219.258928309376,1008,1000
219.268928311514,1008,1000
219.278928311514,1008,1000
219.288928311514,1008,1000
219.298928311514,1008,1000
219.308928313569,1008,1000
219.318928313569,1008,1000
219.329196004269,1008,1000
219.338928313569,1008,1000
219.348928313569,1008,1000
219.358928313569,1008,1000
219.368928315624,1008,1000
219.378928315624,1008,1000
219.388928315624,1008,1000
219.398928315624,1008,1000
219.408928317496,1008,1000
219.418928317496,1008,1000
219.428928317496,1008,1000
219.438928317496,1008,1000
219.448928317496,1008,1000
219.458928317496,1008,1000
219.468928319368,1008,1000
219.478928319368,1008,1000
219.488928319368,1008,1000
219.498928319368,1008,1000
219.508928321338,1008,1000
219.519745062077,1008,1000
219.528928321338,1008,1000
219.538928321338,1008,1000
219.548928321338,1008,1000
219.558928321338,1008,1000
219.568928323308,1008,1000
219.580099382871,1008,1000
219.589085486335,1008,1000
219.598928323308,1008,1000
219.608928325548,1008,1000
219.618928325548,1008,1000
219.628928325548,1008,1000
219.638928325548,1008,1000
219.649385809369,1008,1000
219.658928325548,1008,1000
219.668928327788,1008,1000
219.678928327788,1008,1000
219.688928327788,1008,1000
219.698928327788,1008,1000
219.708928330336,1008,1000
219.718928330336,1008,1000
219.728928330336,1008,1000
219.738928330336,1008,1000
219.748928330336,1008,1000
219.758928330336,1008,1000
219.76980491527,1008,1000
219.778928332884,1008,1000
219.789678315174,1008,1000
219.798928332884,1008,1000
219.808928335534,1008,1000
219.818928335534,1008,1000
219.828928335534,1008,1000
219.839046351754,1008,1000
219.848928335534,1008,1000
219.858928335534,1008,1000
219.869659686034,1008,1000
219.878928338184,1008,1000
219.888928338184,1008,1000
219.899289268365,1008,1000
219.908928340987,1008,1000
219.918928340987,1008,1000
219.928928340987,1008,1000
219.938928340987,1008,1000
219.948928340987,1008,1000
219.958928340987,1008,1000
219.96892834379,1008,1000
219.97892834379,1008,1000
219.98892834379,1008,1000
219.99892834379,1008,1000
220.008928346641,1008,1000
220.018928346641,1008,1000
220.028928346641,1008,1000
220.038928346641,1008,1000
220.048928346641,1008,1000
220.058928346641,1008,1000
220.068928349492,1008,1000
220.078928349492,1008,1000
220.088928349492,1008,1000
220.098928349492,1008,1000
220.108928352365,1008,1000
220.118928352365,1008,1000
220.128928352365,1008,1000
220.138928352365,1008,1000
220.148928352365,1008,1000
220.158928352365,1008,1000
220.168928355238,1008,1000
220.178928355238,1008,1000
220.188928355238,1008,1000
220.198928355238,1008,1000
220.208928358181,1008,1000
220.218928358181,1008,1000
220.228928358181,1008,1000
220.238928358181,1008,1000
220.248928358181,1008,1000
220.258928358181,1008,1000
220.268928361124,1008,1000
220.278928361124,1008,1000
220.288928361124,1008,1000
220.298928361124,1008,1000
220.308928364101,1008,1000
220.318928364101,1008,1000
220.328928364101,1008,1000
220.338928364101,1008,1000
220.349069776538,1008,1000
220.358928364101,1008,1000
220.368928367078,1008,1000
220.378928367078,1008,1000
220.388928367078,1008,1000
220.398928367078,1008,1000
220.408922666806,1008,1000
220.418928370102,1008,1000
220.428928370102,1008,1000
220.438928370102,1008,1000
220.448928370102,1008,1000
220.458928370102,1008,1000
220.4695355439,1008,1000
220.478928373126,1008,1000
220.488928373126,1008,1000
220.498928373126,1008,1000
220.508928376171,1008,1000
220.518928376171,1008,1000
220.528928376171,1008,1000
220.538928376171,1008,1000
220.548928376171,1008,1000
220.558928376171,1008,1000
220.568928379216,1008,1000
220.578928379216,1008,1000
220.588928379216,1008,1000
220.598928379216,1008,1000
220.608928382325,1008,1000
220.618928382325,1008,1000
220.628928382325,1008,1000
220.638928382325,1008,1000
220.648928382325,1008,1000
220.658928382325,1008,1000
220.67002789905,1008,1000
220.678928385434,1008,1000
220.688928385434,1008,1000
220.698928385434,1008,1000
220.70892838856,1008,1000
220.71892838856,1008,1000
220.72892838856,1008,1000
220.739507966559,1008,1000
220.74892838856,1008,1000
220.75892838856,1008,1000
220.768928391686,1008,1000
220.778928391686,1008,1000
220.788928391686,1008,1000
220.798928391686,1008,1000
220.808928394869,1008,1000
220.818928394869,1008,1000
220.828928394869,1008,1000
220.838928394869,1008,1000
220.848928394869,1008,1000
220.858928394869,1008,1000
220.868928398052,1008,1000
220.878928398052,1008,1000
220.889904469908,1008,1000
220.898928398052,1008,1000
220.908928401255,1008,1000
220.919235021374,1008,1000
220.928928401255,1008,1000
220.938928401255,1008,1000
220.948928401255,1008,1000
220.959127972113,1008,1000
220.968928404458,1008,1000
220.978928404458,1008,1000
220.988928404458,1008,1000
220.998928404458,1008,1000
221.008928407708,1008,1000
221.018928407708,1008,1000
221.028928407708,1008,1000
221.038928407708,1008,1000
221.048928407708,1008,1000
221.058928407708,1008,1000
221.068928410958,1008,1000
221.078928410958,1008,1000
221.089622505986,1008,1000
221.100060670535,1008,1000
221.108928414245,1008,1000
221.118928414245,1008,1000
221.128928414245,1008,1000
221.138928414245,1008,1000
221.148928414245,1008,1000
221.158928414245,1008,1000
221.169843610257,1008,1000
221.178928417532,1008,1000
221.188928417532,1008,1000
221.198928417532,1008,1000
221.208928420834,1008,1000
221.218928420834,1008,1000
221.228928420834,1008,1000
221.239220132041,1008,1000
221.248928420834,1008,1000
221.258928420834,1008,1000
221.268928424136,1008,1000
221.278928424136,1008,1000
221.288928424136,1008,1000
221.298961285014,1008,1000
221.30892842749,1008,1000
221.31892842749,1008,1000
221.32892842749,1008,1000
221.33892842749,1008,1000
221.34892842749,1008,1000
221.35892842749,1008,1000
221.368928430844,1008,1000
221.378928430844,1008,1000
221.388928430844,1008,1000
221.399879665163,1008,1000
221.408928434226,1008,1000
221.418928434226,1008,1000
221.428928434226,1008,1000
221.438928434226,1008,1000
221.448928434226,1008,1000
221.458928434226,1008,1000
221.469565818622,1008,1000
221.478928437608,1008,1000
221.489517264095,1008,1000
221.498928437608,1008,1000
221.508928441013,1008,1000
221.518928441013,1008,1000
221.528928441013,1008,1000
221.538928441013,1008,1000
221.548928441013,1008,1000
221.558928441013,1008,1000
221.568928444418,1008,1000
221.578928444418,1008,1000
221.588928444418,1008,1000
221.598928444418,1008,1000
221.609355249408,1008,1000
221.618928447843,1008,1000
221.628928447843,1008,1000
221.638928447843,1008,1000
221.648928447843,1008,1000
221.658928447843,1008,1000
221.668928451268,1008,1000
221.678928451268,1008,1000
221.688928451268,1008,1000
221.698928451268,1008,1000
221.708928454735,1008,1000
221.718928454735,1008,1000
221.728928454735,1008,1000
221.738928454735,1008,1000
221.748928454735,1008,1000
221.758928454735,1008,1000
221.768928458202,1008,1000
221.778928458202,1008,1000
221.790141361246,1008,1000
221.798928458202,1008,1000
221.808928461704,1008,1000
221.818928461704,1008,1000
221.828928461704,1008,1000
221.838928461704,1008,1000
221.848928461704,1008,1000
221.8596169239,1008,1000
221.869079600264,1008,1000
221.878928465206,1008,1000
221.888928465206,1008,1000
221.898928465206,1008,1000
221.909392512061,1008,1000
221.91892846873,1008,1000
221.92892846873,1008,1000
221.93892846873,1008,1000
221.94892846873,1008,1000
221.95892846873,1008,1000
221.968928472254,1008,1000
221.978928472254,1008,1000
221.988928472254,1008,1000
221.998928472254,1008,1000
222.008928475805,1008,1000
222.018928475805,1008,1000
222.028928475805,1008,1000
222.038928475805,1008,1000
222.048928475805,1008,1000
222.059646511115,1008,1000
222.068928479356,1008,1000
222.078928479356,1008,1000
222.088928479356,1008,1000
222.099818562945,1008,1000
222.108928482917,1008,1000
222.118928482917,1008,1000
222.128928482917,1008,1000
222.138928482917,1008,1000
222.148928482917,1008,1000
222.159052450237,1008,1000
222.169069150373,1008,1000
222.178928486478,1008,1000
222.188928486478,1008,1000
222.198928486478,1008,1000
222.20892849006,1008,1000
222.21892849006,1008,1000
222.22892849006,1008,1000
222.23892849006,1008,1000
222.24892849006,1008,1000
222.25892849006,1008,1000
222.268928493642,1008,1000
222.278928493642,1008,1000
222.288928493642,1008,1000
222.298928493642,1008,1000
222.308928497258,1008,1000
222.318958988304,1008,1000
222.328928497258,1008,1000
222.338928497258,1008,1000
222.348928497258,1008,1000
222.358928497258,1008,1000
222.368928500874,1008,1000
222.378928500874,1008,1000
222.388928500874,1008,1000
222.398928500874,1008,1000
222.40947287062,1008,1000
222.418928504522,1008,1000
222.428928504522,1008,1000
222.439298887062,1008,1000
222.448928504522,1008,1000
222.458928504522,1008,1000
222.46892850817,1008,1000
222.47892850817,1008,1000
222.48892850817,1008,1000
222.49892850817,1008,1000
222.509914226127,1008,1000
222.518928511825,1008,1000
222.528928511825,1008,1000
222.538928511825,1008,1000
222.548928511825,1008,1000
222.558928511825,1008,1000
222.56892851548,1008,1000
222.579155842557,1008,1000
222.58892851548,1008,1000
222.59892851548,1008,1000
222.60892851915,1008,1000
222.61892851915,1008,1000
222.62892851915,1008,1000
222.63892851915,1008,1000
222.64892851915,1008,1000
222.65892851915,1008,1000
222.66892852282,1008,1000
222.67892852282,1008,1000
222.68892852282,1008,1000
222.69904488386,1008,1000
222.70892852651,1008,1000
222.71892852651,1008,1000
222.72892852651,1008,1000
222.73892852651,1008,1000
222.74892852651,1008,1000
222.75892852651,1008,1000
222.7689285302,1008,1000
222.7789285302,1008,1000
222.7889285302,1008,1000
222.7989285302,1008,1000
222.808928533932,1008,1000
222.818928533932,1008,1000
222.828928533932,1008,1000
222.838928533932,1008,1000
222.848928533932,1008,1000
222.858928533932,1008,1000
222.868928537664,1008,1000
222.878928537664,1008,1000
222.889097232845,1008,1000
222.898928537664,1008,1000
222.908928541391,1008,1000
222.918928541391,1008,1000
222.928928541391,1008,1000
222.938928541391,1008,1000
222.948928541391,1008,1000
222.958928541391,1008,1000
222.968928545118,1008,1000
222.978928545118,1008,1000
222.988928545118,1008,1000
222.998928545118,1008,1000
223.009689179693,1008,1000
223.018928548885,1008,1000
223.029435954464,1008,1000
223.038928548885,1008,1000
223.048928548885,1008,1000
223.058928548885,1008,1000
223.068928552652,1008,1000
223.078928552652,1008,1000
223.088928552652,1008,1000
223.098928552652,1008,1000
223.108928556442,1008,1000
223.118928556442,1008,1000
223.128928556442,1008,1000
223.138928556442,1008,1000
223.148928556442,1008,1000
223.158928556442,1008,1000
223.168928560232,1008,1000
223.178928560232,1008,1000
223.188928560232,1008,1000
223.198928560232,1008,1000
223.20892856402,1008,1000
223.21892856402,1008,1000
223.229779274764,1008,1000
223.239518012817,1008,1000
223.24892856402,1008,1000
223.25892856402,1008,1000
223.268928567808,1008,1000
223.278928567808,1008,1000
223.288928567808,1008,1000
223.299101943522,1008,1000
223.308928571601,1008,1000
223.318928571601,1008,1000
223.328928571601,1008,1000
223.338928571601,1008,1000
223.348928571601,1008,1000
223.358928571601,1008,1000
223.368928575394,1008,1000
223.378928575394,1008,1000
223.388928575394,1008,1000
223.398928575394,1008,1000
223.408928579227,1008,1000
223.418928579227,1008,1000
223.428928579227,1008,1000
223.438928579227,1008,1000
223.448928579227,1008,1000
223.459181481689,1008,1000
223.46892858306,1008,1000
223.47892858306,1008,1000
223.48892858306,1008,1000
223.49892858306,1008,1000
223.50892858691,1008,1000
223.51892858691,1008,1000
223.52892858691,1008,1000
223.53892858691,1008,1000
223.54892858691,1008,1000
223.55892858691,1008,1000
223.56892859076,1008,1000
223.57892859076,1008,1000
223.58892859076,1008,1000
223.59892859076,1008,1000
223.608928594617,1008,1000
223.618928594617,1008,1000
223.628928594617,1008,1000
223.638928594617,1008,1000
223.648928594617,1008,1000
223.658928594617,1008,1000
223.668928598474,1008,1000
223.678928598474,1008,1000
223.68961304821,1008,1000
223.698928598474,1008,1000
223.708928602357,1008,1000
223.718928602357,1008,1000
223.728928602357,1008,1000
223.738928602357,1008,1000
223.750111118375,1008,1000
223.758928602357,1008,1000
223.76892860624,1008,1000
223.77892860624,1008,1000
223.78892860624,1008,1000
223.79892860624,1008,1000
223.808928610128,1008,1000
223.819379829453,1008,1000
223.830207135492,1008,1000
223.838928610128,1008,1000
223.848928610128,1008,1000
223.858928610128,1008,1000
223.868928614016,1008,1000
223.878928614016,1008,1000
223.888928614016,1008,1000
223.899502850458,1008,1000
223.908928617903,1008,1000
223.918928617903,1008,1000
223.928928617903,1008,1000
223.938928617903,1008,1000
223.948928617903,1008,1000
223.958928617903,1008,1000
223.96892862179,1008,1000
223.97892862179,1008,1000
223.98892862179,1008,1000
223.99892862179,1008,1000
224.00892862571,1008,1000
224.01892862571,1008,1000
224.02951773112,1008,1000
224.03892862571,1008,1000
224.048978490529,1008,1000
224.05892862571,1008,1000
224.06892862963,1008,1000
224.07892862963,1008,1000
224.08892862963,1008,1000
224.09892862963,1008,1000
224.110004633567,1008,1000
224.118928633567,1008,1000
224.128928633567,1008,1000
224.138928633567,1008,1000
224.148928633567,1008,1000
224.158928633567,1008,1000
224.168928637504,1008,1000
224.179417372021,1008,1000
224.188928637504,1008,1000
224.198928637504,1008,1000
224.209694446746,1008,1000
224.218928641446,1008,1000
224.228928641446,1008,1000
224.238928641446,1008,1000
224.248928641446,1008,1000
224.258928641446,1008,1000
224.268928645388,1008,1000
224.278928645388,1008,1000
224.288928645388,1008,1000
224.298928645388,1008,1000
224.30892864935,1008,1000
224.31892864935,1008,1000
224.32892864935,1008,1000
224.33892864935,1008,1000
224.34892864935,1008,1000
224.35892864935,1008,1000
224.368928653312,1008,1000
224.378928653312,1008,1000
224.388928653312,1008,1000
224.398928653312,1008,1000
224.409143260907,1008,1000
224.41892865728,1008,1000
224.42892865728,1008,1000
224.43892865728,1008,1000
224.44892865728,1008,1000
224.45900766918,1008,1000
224.468928661248,1008,1000
224.478928661248,1008,1000
224.488928661248,1008,1000
224.498928661248,1008,1000
224.508928665233,1008,1000
224.518928665233,1008,1000
224.528928665233,1008,1000
224.538928665233,1008,1000
224.548928665233,1008,1000
224.558928665233,1008,1000
224.568928669218,1008,1000
224.578928669218,1008,1000
224.588928669218,1008,1000
224.598928669218,1008,1000
224.608928673204,1008,1000
224.618928673204,1008,1000
224.628928673204,1008,1000
224.638928673204,1008,1000
224.65171979436,1008,1000
224.658928673204,1008,1000
224.66892867719,1008,1000
224.679792556609,1008,1000
224.68892867719,1008,1000
224.69892867719,1008,1000
224.708928681208,1008,1000
224.718928681208,1008,1000
224.728928681208,1008,1000
224.739458765895,1008,1000
224.749088338767,1008,1000
224.758928681208,1008,1000
224.768928685226,1008,1000
224.778928685226,1008,1000
224.788928685226,1008,1000
224.798928685226,1008,1000
224.808928689251,1008,1000
224.818928689251,1008,1000
224.828928689251,1008,1000
224.838928689251,1008,1000
224.848928689251,1008,1000
224.85921519885,1008,1000
224.868928693276,1008,1000
224.878928693276,1008,1000
224.888928693276,1008,1000
224.898928693276,1008,1000
224.908928697306,1008,1000
224.918928697306,1008,1000
224.928928697306,1008,1000
224.938928697306,1008,1000
224.948928697306,1008,1000
224.958928697306,1008,1000
224.968928701336,1008,1000
224.979488555121,1008,1000
224.988928701336,1008,1000
224.999989835809,1008,1000
225.008928705368,1008,1000
225.018928705368,1008,1000
225.028928705368,1008,1000
225.038928705368,1008,1000
225.048928705368,1008,1000
225.058928705368,1008,1000
225.069312646159,1008,1000
225.0789287094,1008,1000
225.0889287094,1008,1000
225.0989287094,1008,1000
225.108928713453,1008,1000
225.118928713453,1008,1000
225.128928713453,1008,1000
225.138928713453,1008,1000
225.148928713453,1008,1000
225.158928713453,1008,1000
225.168928717506,1008,1000
225.178928717506,1008,1000
225.188928717506,1008,1000
225.198928717506,1008,1000
225.208928721585,1008,1000
225.218928721585,1008,1000
225.228928721585,1008,1000
225.238928721585,1008,1000
225.248928721585,1008,1000
225.258928721585,1008,1000
225.268928725664,1008,1000
225.278928725664,1008,1000
225.288928725664,1008,1000
225.298928725664,1008,1000
225.308928729732,1008,1000
225.318928729732,1008,1000
225.328928729732,1008,1000
225.338928729732,1008,1000
225.348928729732,1008,1000
225.358928729732,1008,1000
225.3689287338,1008,1000
225.3789287338,1008,1000
225.3889287338,1008,1000
225.3989287338,1008,1000
225.408928737887,1008,1000
225.418928737887,1008,1000
225.428962706014,1008,1000
225.438928737887,1008,1000
225.448928737887,1008,1000
225.458917816231,1008,1000
225.468928741974,1008,1000
225.478928741974,1008,1000
225.488928741974,1008,1000
225.498928741974,1008,1000
225.508928746077,1008,1000
225.518928746077,1008,1000
225.528928746077,1008,1000
225.538928746077,1008,1000
225.549707846327,1008,1000
225.558928746077,1008,1000
225.56892875018,1008,1000
225.579688565507,1008,1000
225.58892875018,1008,1000
225.59892875018,1008,1000
225.608928754282,1008,1000
225.618928754282,1008,1000
225.628928754282,1008,1000
225.638928754282,1008,1000
225.648928754282,1008,1000
225.658928754282,1008,1000
225.668928758384,1008,1000
225.678928758384,1008,1000
225.688928758384,1008,1000
225.698928758384,1008,1000
225.708928762487,1008,1000
225.718928762487,1008,1000
225.729666762487,1008,1000
225.738928762487,1008,1000
225.748928762487,1008,1000
225.758928762487,1008,1000
225.76892876659,1008,1000
225.77892876659,1008,1000
225.78892876659,1008,1000
225.79892876659,1008,1000
225.808928770711,1008,1000
225.818928770711,1008,1000
225.828928770711,1008,1000
225.838928770711,1008,1000
225.848928770711,1008,1000
225.858928770711,1008,1000
225.868928774832,1008,1000
225.878928774832,1008,1000
225.888928774832,1008,1000
225.899849673564,1008,1000
225.908928778975,1008,1000
225.918928778975,1008,1000
225.928928778975,1008,1000
225.938928778975,1008,1000
225.948928778975,1008,1000
225.958928778975,1008,1000
225.969253557632,1008,1000
225.978928783118,1008,1000
225.988928783118,1008,1000
225.999379952732,1008,1000
226.00958066842,1008,1000
226.018928787257,1008,1000
226.028928787257,1008,1000
226.038928787257,1008,1000
226.049809856989,1008,1000
226.058928787257,1008,1000
226.068928791396,1008,1000
226.078928791396,1008,1000
226.088928791396,1008,1000
226.098928791396,1008,1000
226.108928795529,1008,1000
226.119746762984,1008,1000
226.128928795529,1008,1000
226.138928795529,1008,1000
226.148928795529,1008,1000
226.158928795529,1008,1000
226.168928799662,1008,1000
226.178928799662,1008,1000
226.189078663596,1008,1000
226.20203892515,1008,1000
226.208928803821,1008,1000
226.218928803821,1008,1000
226.228928803821,1008,1000
226.238928803821,1008,1000
226.248928803821,1008,1000
226.258928803821,1008,1000
226.26892880798,1008,1000
226.27892880798,1008,1000
226.28892880798,1008,1000
226.29892880798,1008,1000
226.308928812143,1008,1000
226.318928812143,1008,1000
226.328928812143,1008,1000
226.338928812143,1008,1000
226.349900812143,1008,1000
226.358928812143,1008,1000
226.368928816306,1008,1000
226.379099763825,1008,1000
226.388928816306,1008,1000
226.398928816306,1008,1000
226.408928820479,1008,1000
226.419313733572,1008,1000
226.428928820479,1008,1000
226.438928820479,1008,1000
226.448928820479,1008,1000
226.458928820479,1008,1000
226.468928824652,1008,1000
226.478928824652,1008,1000
226.488928824652,1008,1000
226.498928824652,1008,1000
226.50929281555,1008,1000
226.518928828814,1008,1000
226.529490793015,1008,1000
226.538928828814,1008,1000
226.548928828814,1008,1000
226.558928828814,1008,1000
226.569509203807,1008,1000
226.578928832976,1008,1000
226.588928832976,1008,1000
226.598928832976,1008,1000
226.608928837143,1008,1000
226.618928837143,1008,1000
226.628928837143,1008,1000
226.638928837143,1008,1000
226.648928837143,1008,1000
226.658928837143,1008,1000
226.66892884131,1008,1000
226.67892884131,1008,1000
226.68892884131,1008,1000
226.69892884131,1008,1000
226.708928845503,1008,1000
226.718928845503,1008,1000
226.728928845503,1008,1000
226.738928845503,1008,1000
226.748928845503,1008,1000
226.759814847193,1008,1000
226.768928849696,1008,1000
226.778928849696,1008,1000
226.788928849696,1008,1000
226.798928849696,1008,1000
226.808928853897,1008,1000
226.818928853897,1008,1000
226.82928180204,1008,1000
226.838928853897,1008,1000
226.848928853897,1008,1000
226.858928853897,1008,1000
226.868928858098,1008,1000
226.878928858098,1008,1000
226.888928858098,1008,1000
226.898928858098,1008,1000
226.908928862295,1008,1000
226.918928862295,1008,1000
226.928928862295,1008,1000
226.939548468765,1008,1000
226.949125939329,1008,1000
226.958928862295,1008,1000
226.968928866492,1008,1000
226.978928866492,1008,1000
226.988928866492,1008,1000
226.998928866492,1008,1000
227.008928870718,1008,1000
227.018928870718,1008,1000
227.028928870718,1008,1000
227.038928870718,1008,1000
227.048928870718,1008,1000
227.058928870718,1008,1000
227.068928874944,1008,1000
227.078928874944,1008,1000
227.088928874944,1008,1000
227.098928874944,1008,1000
227.108928879142,1008,1000
227.120104605179,1008,1000
227.128928879142,1008,1000
227.138928879142,1008,1000
227.148928879142,1008,1000
227.158928879142,1008,1000
227.16892888334,1008,1000
227.17892888334,1008,1000
227.189544589469,1008,1000
227.19892888334,1008,1000
227.209189969094,1008,1000
227.218928887542,1008,1000
227.228928887542,1008,1000
227.238928887542,1008,1000
227.248928887542,1008,1000
227.258928887542,1008,1000
227.268928891744,1008,1000
227.278928891744,1008,1000
227.288928891744,1008,1000
227.2995719901,1008,1000
227.308928895958,1008,1000
227.318928895958,1008,1000
227.328928895958,1008,1000
227.338928895958,1008,1000
227.348928895958,1008,1000
227.358928895958,1008,1000
227.368928900172,1008,1000
227.378928900172,1008,1000
227.388928900172,1008,1000
227.398928900172,1008,1000
227.408928904401,1008,1000
227.418928904401,1008,1000
227.428928904401,1008,1000
227.438928904401,1008,1000
227.448928904401,1008,1000
227.458928904401,1008,1000
227.46892890863,1008,1000
227.47892890863,1008,1000
227.48892890863,1008,1000
227.49892890863,1008,1000
227.508928912882,1008,1000
227.519381241328,1008,1000
227.528928912882,1008,1000
227.538928912882,1008,1000
227.548928912882,1008,1000
227.560200983878,1008,1000
227.568928917134,1008,1000
227.578928917134,1008,1000
227.588928917134,1008,1000
227.598928917134,1008,1000
227.609765921364,1008,1000
227.618928921364,1008,1000
227.629434006192,1008,1000
227.638928921364,1008,1000
227.648928921364,1008,1000
227.658928921364,1008,1000
227.668928925594,1008,1000
227.679196947908,1008,1000
227.688928925594,1008,1000
227.698928925594,1008,1000
227.708928929814,1008,1000
227.718928929814,1008,1000
227.728928929814,1008,1000
227.738928929814,1008,1000
227.748928929814,1008,1000
227.758928929814,1008,1000
227.768928934034,1008,1000
227.779118116952,1008,1000
227.788928934034,1008,1000
227.798928934034,1008,1000
227.808928938261,1008,1000
227.818928938261,1008,1000
227.828928938261,1008,1000
227.838928938261,1008,1000
227.848928938261,1008,1000
227.858928938261,1008,1000
227.868928942488,1008,1000
227.878928942488,1008,1000
227.890013942488,1008,1000
227.900094508148,1008,1000
227.909540946708,1008,1000
227.918928946708,1008,1000
227.928928946708,1008,1000
227.938928946708,1008,1000
227.948928946708,1008,1000
227.959507990146,1008,1000
227.969561560026,1008,1000
227.978928950928,1008,1000
227.988928950928,1008,1000
227.998928950928,1008,1000
228.008928955183,1008,1000
228.021493076608,1008,1000
228.029833955183,1008,1000
228.038928955183,1008,1000
228.049729955183,1008,1000
228.058928955183,1008,1000
228.068928959438,1008,1000
228.078928959438,1008,1000
228.089242959438,1008,1000
228.099095229899,1008,1000
228.108928963694,1008,1000
228.119143019827,1008,1000
228.128928963694,1008,1000
228.138928963694,1008,1000
228.148928963694,1008,1000
228.158928963694,1008,1000
228.16892896795,1008,1000
228.17963096795,1008,1000
228.18892896795,1008,1000
228.19892896795,1008,1000
228.208928972202,1008,1000
228.218928972202,1008,1000
228.228928972202,1008,1000
228.238928972202,1008,1000
228.248928972202,1008,1000
228.258928972202,1008,1000
228.268928976454,1008,1000
228.278928976454,1008,1000
228.288928976454,1008,1000
228.298928976454,1008,1000
228.309891980708,1008,1000
228.318928980708,1008,1000
228.328928980708,1008,1000
228.339554252686,1008,1000
228.349082252686,1008,1000
228.358928980708,1008,1000
228.368928984962,1008,1000
228.37925106662,1008,1000
228.388928984962,1008,1000
228.398928984962,1008,1000
228.408928989236,1008,1000
228.419160686562,1008,1000
228.428928989236,1008,1000
228.438928989236,1008,1000
228.448928989236,1008,1000
228.458928989236,1008,1000
228.46892899351,1008,1000
228.47892899351,1008,1000
228.48974799351,1008,1000
228.49892899351,1008,1000
228.508928997782,1008,1000
228.518928997782,1008,1000
228.528928997782,1008,1000
228.539290433214,1008,1000
228.548928997782,1008,1000
228.559206092242,1008,1000
228.568929002054,1008,1000
228.578929002054,1008,1000
228.588929002054,1008,1000
228.598929002054,1008,1000
228.608929006311,1008,1000
228.618929006311,1008,1000
228.629813419677,1008,1000
228.638929006311,1008,1000
228.648929006311,1008,1000
228.658929006311,1008,1000
228.668929010568,1008,1000
228.678929010568,1008,1000
228.688929010568,1008,1000
228.699816531195,1008,1000
228.709753014829,1008,1000
228.718929014829,1008,1000
228.729780014829,1008,1000
228.738929014829,1008,1000
228.748929014829,1008,1000
228.758929349197,1008,1000
228.769103651235,1008,1000
228.778977134869,1008,1000
228.78892901909,1008,1000
228.799067134869,1008,1000
228.810032023367,1008,1000
228.818929023367,1008,1000
228.828929023367,1008,1000
228.838929023367,1008,1000
228.848929023367,1008,1000
228.858929023367,1008,1000
228.868929027644,1008,1000
228.879373151961,1008,1000
228.889978027644,1008,1000
228.898935612053,1008,1000
228.908929031911,1008,1000
228.918983401992,1008,1000
228.928929031911,1008,1000
228.938929031911,1008,1000
228.948929031911,1008,1000
228.959328160505,1008,1000
228.968929036178,1008,1000
228.979674778121,1008,1000
228.988929036178,1008,1000
228.998929036178,1008,1000
229.008929040473,1008,1000
229.018929040473,1008,1000
229.028929040473,1008,1000
229.038929040473,1008,1000
229.048929040473,1008,1000
229.058929040473,1008,1000
229.068929044768,1008,1000
229.078929044768,1008,1000
229.088929044768,1008,1000
229.098929044768,1008,1000
229.109536685011,1008,1000
229.118929049062,1008,1000
229.128929049062,1008,1000
229.138929049062,1008,1000
229.148929049062,1008,1000
229.158929049062,1008,1000
229.168929053356,1008,1000
229.178929053356,1008,1000
229.188929053356,1008,1000
229.199519053356,1008,1000
229.20892905765,1008,1000
229.21892905765,1008,1000
229.22892905765,1008,1000
229.23892905765,1008,1000
229.24892905765,1008,1000
229.25892905765,1008,1000
229.268929061944,1008,1000
229.278958472476,1008,1000
229.288929061944,1008,1000
229.298929061944,1008,1000
229.308929066248,1008,1000
229.319815504912,1008,1000
229.328929066248,1008,1000
229.338929066248,1008,1000
229.348933475848,1008,1000
229.358933475848,1008,1000
229.368933480152,1008,1000
229.378960856304,1008,1000
229.389287086014,1008,1000
229.398933480152,1008,1000
229.408933484459,1008,1000
229.418933484459,1008,1000
229.428933484459,1008,1000
229.439249452477,1008,1000
229.448933484459,1008,1000
229.458929074859,1008,1000
229.468929079166,1008,1000
229.478929079166,1008,1000
229.489328259147,1008,1000
229.498929079166,1008,1000
229.50892908348,1008,1000
229.51892908348,1008,1000
229.52892908348,1008,1000
229.53892908348,1008,1000
229.549899867763,1008,1000
229.55892908348,1008,1000
229.568929087794,1008,1000
229.578929087794,1008,1000
229.589525160836,1008,1000
229.598929087794,1008,1000
229.609618092115,1008,1000
229.619304060828,1008,1000
229.628929092115,1008,1000
229.638929092115,1008,1000
229.648929092115,1008,1000
229.658929092115,1008,1000
229.668929096436,1008,1000
229.678929096436,1008,1000
229.688929096436,1008,1000
229.698929096436,1008,1000
229.708929100762,1008,1000
229.718929100762,1008,1000
229.728929100762,1008,1000
229.738929100762,1008,1000
229.749235612704,1008,1000
229.758929100762,1008,1000
229.768929105088,1008,1000
229.778929105088,1008,1000
229.788929105088,1008,1000
229.798929105088,1008,1000
229.808929109418,1008,1000
229.818929109418,1008,1000
229.828929109418,1008,1000
229.838929109418,1008,1000
229.848929109418,1008,1000
229.85959958937,1008,1000
229.868929113748,1008,1000
229.878929113748,1008,1000
229.888929113748,1008,1000
229.898929113748,1008,1000
229.909834118088,1008,1000
229.918929118088,1008,1000
229.928929118088,1008,1000
229.938929118088,1008,1000
229.948929118088,1008,1000
229.958929118088,1008,1000
229.968929122428,1008,1000
229.979121341466,1008,1000
229.988929122428,1008,1000
229.998929122428,1008,1000
230.00892912677,1008,1000
230.01892912677,1008,1000
230.029680686356,1008,1000
230.03892912677,1008,1000
230.04892912677,1008,1000
230.06031814138,1008,1000
230.069879131112,1008,1000
230.078929131112,1008,1000
230.088929131112,1008,1000
230.098929131112,1008,1000
230.108929135454,1008,1000
230.118929135454,1008,1000
230.129704377784,1008,1000
230.139882367516,1008,1000
230.148929135454,1008,1000
230.158929135454,1008,1000
230.168929139796,1008,1000
230.178929139796,1008,1000
230.189685139796,1008,1000
230.198929139796,1008,1000
230.209268612607,1008,1000
230.218929144141,1008,1000
230.228929144141,1008,1000
230.238929144141,1008,1000
230.248929144141,1008,1000
230.258929144141,1008,1000
230.268929148486,1008,1000
230.278929148486,1008,1000
230.289861148486,1008,1000
230.298929148486,1008,1000
230.308929152826,1008,1000
230.319235764523,1008,1000
230.328929152826,1008,1000
230.338929152826,1008,1000
230.349721152826,1008,1000
230.359094402262,1008,1000
230.368929157166,1008,1000
230.378929157166,1008,1000
230.388929157166,1008,1000
230.399496157166,1008,1000
230.408929161519,1008,1000
230.420115415295,1008,1000
230.428929161519,1008,1000
230.438929161519,1008,1000
230.448929161519,1008,1000
230.458929161519,1008,1000
230.468929165872,1008,1000
230.478929165872,1008,1000
230.489555682117,1008,1000
230.498929165872,1008,1000
230.509017664355,1008,1000
230.518929170236,1008,1000
230.528929170236,1008,1000
230.538929170236,1008,1000
230.548929170236,1008,1000
230.558929170236,1008,1000
230.5689291746,1008,1000
230.5789291746,1008,1000
230.5889291746,1008,1000
230.5989291746,1008,1000
230.608929178971,1008,1000
230.618929178971,1008,1000
230.629646237562,1008,1000
230.638929178971,1008,1000
230.648929178971,1008,1000
230.658929178971,1008,1000
230.669505183342,1008,1000
230.678929183342,1008,1000
230.688929183342,1008,1000
230.699577050326,1008,1000
230.708929187711,1008,1000
230.719437869094,1008,1000
230.728929187711,1008,1000
230.739861187711,1008,1000
230.748929187711,1008,1000
230.758929187711,1008,1000
230.76892919208,1008,1000
230.77892919208,1008,1000
230.78892919208,1008,1000
230.79892919208,1008,1000
230.809130485091,1008,1000
230.819249262243,1008,1000
230.82892919643,1008,1000
230.83892919643,1008,1000
230.84892919643,1008,1000
230.85892919643,1008,1000
230.86892920078,1008,1000
230.87892920078,1008,1000
230.889276982873,1008,1000
230.89892920078,1008,1000
230.90892920516,1008,1000
230.91892920516,1008,1000
230.92892920516,1008,1000
230.93892920516,1008,1000
230.950096045092,1008,1000
230.95892920516,1008,1000
230.96892920954,1008,1000
230.97892920954,1008,1000
230.98952320954,1008,1000
230.99892920954,1008,1000
231.008929213923,1008,1000
231.019545359965,1008,1000
231.028929213923,1008,1000
231.038929213923,1008,1000
231.049936620319,1008,1000
231.058929213923,1008,1000
231.068929218306,1008,1000
231.079254912354,1008,1000
231.088929218306,1008,1000
231.098929218306,1008,1000
231.109933222691,1008,1000
231.11940876316,1008,1000
231.128934041891,1008,1000
231.138934041891,1008,1000
231.148934041891,1008,1000
231.158934041891,1008,1000
231.170140812263,1008,1000
231.179351369917,1008,1000
231.19008658145,1008,1000
231.198934046276,1008,1000
231.209505050633,1008,1000
231.218929231434,1008,1000
231.228929231434,1008,1000
231.240792352962,1008,1000
231.248929231434,1008,1000
231.259580913834,1008,1000
231.268929235792,1008,1000
231.278929235792,1008,1000
231.288929235792,1008,1000
231.300008866285,1008,1000
231.308929240179,1008,1000
231.318929240179,1008,1000
231.328929240179,1008,1000
231.339852240179,1008,1000
231.348929240179,1008,1000
231.358929240179,1008,1000
231.369296211801,1008,1000
231.378929244566,1008,1000
231.388929244566,1008,1000
231.398929244566,1008,1000
231.409265590092,1008,1000
231.418929248963,1008,1000
231.428929248963,1008,1000
231.438929248963,1008,1000
231.448929248963,1008,1000
231.458929248963,1008,1000
231.46892925336,1008,1000
231.47980725336,1008,1000
231.48892925336,1008,1000
231.500873379304,1008,1000
231.508929257747,1008,1000
231.518929257747,1008,1000
231.52953707914,1008,1000
231.538929257747,1008,1000
231.549076612057,1008,1000
231.558929257747,1008,1000
231.568929262134,1008,1000
231.578929262134,1008,1000
231.588929262134,1008,1000
231.598929262134,1008,1000
231.608929266532,1008,1000
231.618929266532,1008,1000
231.628929266532,1008,1000
231.638929266532,1008,1000
231.649609164812,1008,1000
231.658929266532,1008,1000
231.66892927093,1008,1000
231.67892927093,1008,1000
231.68892927093,1008,1000
231.69892927093,1008,1000
231.709541275307,1008,1000
231.718929275307,1008,1000
231.728929275307,1008,1000
231.738929275307,1008,1000
231.748929275307,1008,1000
231.758929275307,1008,1000
231.768929279684,1008,1000
231.778929279684,1008,1000
231.788929279684,1008,1000
231.799550279684,1008,1000
231.808929284077,1008,1000
231.818929284077,1008,1000
231.828929284077,1008,1000
231.838929284077,1008,1000
231.848929284077,1008,1000
231.858929284077,1008,1000
231.86892928847,1008,1000
231.87892928847,1008,1000
231.88892928847,1008,1000
231.89892928847,1008,1000
231.908929292861,1008,1000
231.918929292861,1008,1000
231.928929292861,1008,1000
231.938929292861,1008,1000
231.948929292861,1008,1000
231.958929292861,1008,1000
231.968929297252,1008,1000
231.978929297252,1008,1000
231.988929297252,1008,1000
231.998929297252,1008,1000
232.008929301632,1008,1000
232.018929301632,1008,1000
232.029271340271,1008,1000
232.038929301632,1008,1000
232.048929301632,1008,1000
232.058929301632,1008,1000
232.068929306012,1008,1000
232.078929306012,1008,1000
232.088929306012,1008,1000
232.098929306012,1008,1000
232.108929310416,1008,1000
232.118929310416,1008,1000
232.128929310416,1008,1000
232.138929310416,1008,1000
232.148929310416,1008,1000
232.158929310416,1008,1000
232.16892931482,1008,1000
232.17892931482,1008,1000
232.18892931482,1008,1000
232.19956431482,1008,1000
232.208929319233,1008,1000
232.218929319233,1008,1000
232.228929319233,1008,1000
232.238929319233,1008,1000
232.248929319233,1008,1000
232.258929319233,1008,1000
232.268929323646,1008,1000
232.278929323646,1008,1000
232.288929323646,1008,1000
232.299402285595,1008,1000
232.308929328032,1008,1000
232.318929328032,1008,1000
232.328929328032,1008,1000
232.338929328032,1008,1000
232.348929328032,1008,1000
232.358929328032,1008,1000
232.368929332418,1008,1000
232.379829332418,1008,1000
232.389816311938,1008,1000
232.398929332418,1008,1000
232.408929336807,1008,1000
232.421471280641,1008,1000
232.428929336807,1008,1000
232.438929336807,1008,1000
232.449251770175,1008,1000
232.459981749695,1008,1000
232.468929341196,1008,1000
232.478951892521,1008,1000
232.489473163471,1008,1000
232.499645341196,1008,1000
232.508929345609,1008,1000
232.518929345609,1008,1000
232.529224196254,1008,1000
232.539681345609,1008,1000
232.549694898396,1008,1000
232.560221345609,1008,1000
232.568929350022,1008,1000
232.578929350022,1008,1000
232.588929350022,1008,1000
232.599400641192,1008,1000
232.608929354421,1008,1000
232.618929354421,1008,1000
232.62952680098,1008,1000
232.638929354421,1008,1000
232.648929354421,1008,1000
232.659717373535,1008,1000
232.66892935882,1008,1000
232.67892935882,1008,1000
232.68892935882,1008,1000
232.69892935882,1008,1000
232.70976239553,1008,1000
232.718929363219,1008,1000
232.729139837704,1008,1000
232.738929363219,1008,1000
232.748929363219,1008,1000
232.759775363219,1008,1000
232.768929367618,1008,1000
232.779013864098,1008,1000
232.789618367618,1008,1000
232.799744367618,1008,1000
232.808929372011,1008,1000
232.818929372011,1008,1000
232.829017210123,1008,1000
232.838929372011,1008,1000
232.849645372011,1008,1000
232.858929372011,1008,1000
232.869994844972,1008,1000
232.878929376404,1008,1000
232.888929376404,1008,1000
232.898929376404,1008,1000
232.908929380818,1008,1000
232.919519380818,1008,1000
232.928929380818,1008,1000
232.93940832674,1008,1000
232.951880502402,1008,1000
232.958929380818,1008,1000
232.968929385232,1008,1000
232.980009385232,1008,1000
232.988929385232,1008,1000
233.00036538964,1008,1000
233.00892938964,1008,1000
233.01924338964,1008,1000
233.02892938964,1008,1000
233.03892938964,1008,1000
233.049949875822,1008,1000
233.05892938964,1008,1000
233.069652884638,1008,1000
233.078929394048,1008,1000
233.088929394048,1008,1000
233.098929394048,1008,1000
233.108929398465,1008,1000
233.120900520052,1008,1000
233.128929398465,1008,1000
233.138929398465,1008,1000
233.148929398465,1008,1000
233.158929398465,1008,1000
233.168929402882,1008,1000
233.178929402882,1008,1000
233.188929402882,1008,1000
233.198929402882,1008,1000
233.208929407323,1008,1000
233.218929407323,1008,1000
233.228929407323,1008,1000
233.238929407323,1008,1000
233.249577407323,1008,1000
233.259631273913,1008,1000
233.268929411764,1008,1000
233.278929411764,1008,1000
233.288929411764,1008,1000
233.298929411764,1008,1000
233.31002789905,1008,1000
233.319910416175,1008,1000
233.328929416175,1008,1000
233.339690416175,1008,1000
233.350005416175,1008,1000
233.358929416175,1008,1000
233.368929420586,1008,1000
233.379235528778,1008,1000
233.389967937711,1008,1000
233.398929420586,1008,1000
233.409865424992,1008,1000
233.419310942117,1008,1000
233.428929424992,1008,1000
233.439708585234,1008,1000
233.448929424992,1008,1000
233.459273463653,1008,1000
233.469762429398,1008,1000
233.47914395534,1008,1000
233.488929429398,1008,1000
233.500828433816,1008,1000
233.509779778953,1008,1000
233.518929433816,1008,1000
233.528929433816,1008,1000
233.539139964164,1008,1000
233.549991433816,1008,1000
233.558929433816,1008,1000
233.568929438234,1008,1000
233.579247318137,1008,1000
233.589483438234,1008,1000
233.598929438234,1008,1000
233.608929442678,1008,1000
233.619471397776,1008,1000
233.628929442678,1008,1000
233.638929442678,1008,1000
233.648929442678,1008,1000
233.658929442678,1008,1000
233.668929447122,1008,1000
233.678929447122,1008,1000
233.688929447122,1008,1000
233.698929447122,1008,1000
233.708929451564,1008,1000
233.718929451564,1008,1000
233.728929451564,1008,1000
233.738929451564,1008,1000
233.748929451564,1008,1000
233.762479573176,1008,1000
233.768929456006,1008,1000
233.778929456006,1008,1000
233.789951456006,1008,1000
233.798929456006,1008,1000
233.808929460431,1008,1000
233.818929460431,1008,1000
233.832707134742,1008,1000
233.839194017387,1008,1000
233.848929460431,1008,1000
233.859185017387,1008,1000
233.868929464856,1008,1000
233.8789412319,1008,1000
233.888929464856,1008,1000
233.899588017572,1008,1000
233.908929469308,1008,1000
233.918929469308,1008,1000
233.928929469308,1008,1000
233.938929469308,1008,1000
233.948929469308,1008,1000
233.958929469308,1008,1000
233.96892947376,1008,1000
233.97963147376,1008,1000
233.98977147376,1008,1000
233.999169745521,1008,1000
234.011738604688,1008,1000
234.018929478198,1008,1000
234.028929478198,1008,1000
234.038929478198,1008,1000
234.048929478198,1008,1000
234.059059052908,1008,1000
234.068929482636,1008,1000
234.079470487518,1008,1000
234.088929482636,1008,1000
234.099577482636,1008,1000
234.108929487056,1008,1000
234.118929487056,1008,1000
234.128929487056,1008,1000
234.138929487056,1008,1000
234.148929487056,1008,1000
234.158929487056,1008,1000
234.168929491476,1008,1000
234.178929491476,1008,1000
234.189492646099,1008,1000
234.201877617496,1008,1000
234.211504495901,1008,1000
234.219973495901,1008,1000
234.229627495901,1008,1000
234.238929495901,1008,1000
234.251322617496,1008,1000
234.261788670992,1008,1000
234.268929500326,1008,1000
234.280792097177,1008,1000
234.289333097177,1008,1000
234.298929500326,1008,1000
234.31096362635,1008,1000
234.319243504753,1008,1000
234.329538558249,1008,1000
234.338929504753,1008,1000
234.348929504753,1008,1000
234.358929504753,1008,1000
234.36892950918,1008,1000
234.37892950918,1008,1000
234.38892950918,1008,1000
234.39892950918,1008,1000
234.409699513611,1008,1000
234.418929513611,1008,1000
234.428929513611,1008,1000
234.439946513611,1008,1000
234.448929513611,1008,1000
234.458929513611,1008,1000
234.471574635212,1008,1000
234.478929518042,1008,1000
234.489694518042,1008,1000
234.498929518042,1008,1000
234.509360137029,1008,1000
234.518929522468,1008,1000
234.528929522468,1008,1000
234.539243522468,1008,1000
234.548929522468,1008,1000
234.558929522468,1008,1000
234.571133644064,1008,1000
234.578929526894,1008,1000
234.588929526894,1008,1000
234.598929526894,1008,1000
234.608929531352,1008,1000
234.618929531352,1008,1000
234.63091865298,1008,1000
234.639243531352,1008,1000
234.648929531352,1008,1000
234.667097285282,1008,1000
234.66892953581,1008,1000
234.67892953581,1008,1000
234.68892953581,1008,1000
234.69892953581,1008,1000
234.708929540278,1008,1000
234.718929540278,1008,1000
234.72927017258,1008,1000
234.738929540278,1008,1000
234.748929540278,1008,1000
234.758929540278,1008,1000
234.768929544746,1008,1000
234.778929544746,1008,1000
234.788929544746,1008,1000
234.798929544746,1008,1000
234.8089295492,1008,1000
234.8197395492,1008,1000
234.8289295492,1008,1000
234.8389295492,1008,1000
234.8489295492,1008,1000
234.8595055492,1008,1000
234.869537553654,1008,1000
234.878929553654,1008,1000
234.891430670824,1008,1000
234.898929553654,1008,1000
234.908929558097,1008,1000
234.918929558097,1008,1000
234.929492558097,1008,1000
234.938929558097,1008,1000
234.95002789905,1008,1000
234.959243558097,1008,1000
234.96892956254,1008,1000
234.97960456254,1008,1000
234.98892956254,1008,1000
234.99892956254,1008,1000
235.008929566979,1008,1000
235.019239226026,1008,1000
235.031521566979,1008,1000
235.038929566979,1008,1000
235.048929566979,1008,1000
235.058929566979,1008,1000
235.068929571418,1008,1000
235.079690571418,1008,1000
235.089267610912,1008,1000
235.098929571418,1008,1000
235.108929575889,1008,1000
235.121206575889,1008,1000
235.13102669753,1008,1000
235.139464348771,1008,1000
235.148929575889,1008,1000
235.158929575889,1008,1000
235.16892958036,1008,1000
235.17892958036,1008,1000
235.18892958036,1008,1000
235.19892958036,1008,1000
235.208929584833,1008,1000
235.219937584833,1008,1000
235.228929584833,1008,1000
235.238929584833,1008,1000
235.250000584833,1008,1000
235.259676584833,1008,1000
235.268929589306,1008,1000
235.278929589306,1008,1000
235.289189275089,1008,1000
235.298929589306,1008,1000
235.308929593765,1008,1000
235.32002789905,1008,1000
235.329888593765,1008,1000
235.338929593765,1008,1000
235.348929593765,1008,1000
235.358929593765,1008,1000
235.369838598224,1008,1000
235.381259715394,1008,1000
235.389237978722,1008,1000
235.399845436336,1008,1000
235.408929602674,1008,1000
235.420036602674,1008,1000
235.428929602674,1008,1000
235.439099301848,1008,1000
235.454582235362,1008,1000
235.458929602674,1008,1000
235.46913314441,1008,1000
235.482758724294,1008,1000
235.489531310748,1008,1000
235.499798607124,1008,1000
235.509663611597,1008,1000
235.518929611597,1008,1000
235.528929611597,1008,1000
235.538929611597,1008,1000
235.549842611597,1008,1000
235.558929611597,1008,1000
235.569095324144,1008,1000
235.57892961607,1008,1000
235.590265627118,1008,1000
235.59993761607,1008,1000
235.608929620517,1008,1000
235.619337333064,1008,1000
235.628929620517,1008,1000
235.638929620517,1008,1000
235.648929620517,1008,1000
235.660179348585,1008,1000
235.669306341984,1008,1000
235.680221624964,1008,1000
235.688929624964,1008,1000
235.698929624964,1008,1000
235.710792751096,1008,1000
235.720906862655,1008,1000
235.73025507898,1008,1000
235.738929629445,1008,1000
235.749671355359,1008,1000
235.758929629445,1008,1000
235.768929633926,1008,1000
235.778929633926,1008,1000
235.789735633926,1008,1000
235.799650813856,1008,1000
235.808929638379,1008,1000
235.818929638379,1008,1000
235.829928638379,1008,1000
235.839568638379,1008,1000
235.85002789905,1008,1000
235.862668373255,1008,1000
235.868929642832,1008,1000
235.878929642832,1008,1000
235.888929642832,1008,1000
235.899414382161,1008,1000
235.912003647288,1008,1000
235.919243386617,1008,1000
235.93002789905,1008,1000
235.939937522322,1008,1000
235.948929647288,1008,1000
235.958929647288,1008,1000
235.969496995807,1008,1000
235.980514651744,1008,1000
235.989883651744,1008,1000
236.001313777864,1008,1000
236.009216279491,1008,1000
236.018929656219,1008,1000
236.028929656219,1008,1000
236.038929656219,1008,1000
236.051917735347,1008,1000
236.061511777864,1008,1000
236.069842660694,1008,1000
236.078929660694,1008,1000
236.089523660694,1008,1000
236.099667660694,1008,1000
236.108929665152,1008,1000
236.118929665152,1008,1000
236.129243665152,1008,1000
236.139211426796,1008,1000
236.15133178678,1008,1000
236.159381880034,1008,1000
236.16892966961,1008,1000
236.17964066961,1008,1000
236.18892966961,1008,1000
236.19892966961,1008,1000
236.209734328857,1008,1000
236.219243674093,1008,1000
236.228929674093,1008,1000
236.241223795746,1008,1000
236.248929674093,1008,1000
236.258929674093,1008,1000
236.269807678576,1008,1000
236.279765108383,1008,1000
236.288929678576,1008,1000
236.298929678576,1008,1000
236.309243683062,1008,1000
236.318929683062,1008,1000
236.329789683062,1008,1000
236.339167462588,1008,1000
236.349808892395,1008,1000
236.358929683062,1008,1000
236.368929687548,1008,1000
236.379532687548,1008,1000
236.389685687548,1008,1000
236.401570476022,1008,1000
236.40991569201,1008,1000
236.419276685355,1008,1000
236.42892969201,1008,1000
236.43892969201,1008,1000
236.451106813642,1008,1000
236.45948769201,1008,1000
236.468929696472,1008,1000
236.480189489432,1008,1000
236.489973696472,1008,1000
236.498929696472,1008,1000
236.508929700947,1008,1000
236.519243700947,1008,1000
236.529973700947,1008,1000
236.541044822592,1008,1000
236.551574291329,1008,1000
236.560049498369,1008,1000
236.568929705422,1008,1000
236.578929705422,1008,1000
236.588929705422,1008,1000
236.599270507319,1008,1000
236.609978709895,1008,1000
236.618929709895,1008,1000
236.629364309214,1008,1000
236.638929709895,1008,1000
236.649739709895,1008,1000
236.658929709895,1008,1000
236.669672246179,1008,1000
236.679221525213,1008,1000
236.688929714368,1008,1000
236.698929714368,1008,1000
236.714638840464,1008,1000
236.720071529676,1008,1000
236.729601133022,1008,1000
236.743330718831,1008,1000
236.753197277482,1008,1000
236.759735718831,1008,1000
236.769766723294,1008,1000
236.780858723294,1008,1000
236.78944035392,1008,1000
236.798929723294,1008,1000
236.808929727779,1008,1000
236.818929727779,1008,1000
236.82988354756,1008,1000
236.839261552023,1008,1000
236.851174493437,1008,1000
236.861827727779,1008,1000
236.872362849434,1008,1000
236.879528732264,1008,1000
236.889586732264,1008,1000
236.904282335625,1008,1000
236.910792858368,1008,1000
236.920873858368,1008,1000
236.931151858368,1008,1000
236.939243736731,1008,1000
236.95002789905,1008,1000
236.959825736731,1008,1000
236.968929741198,1008,1000
236.978929741198,1008,1000
236.988922608404,1008,1000
237.000909867292,1008,1000
237.00994274566,1008,1000
237.019243583341,1008,1000
237.029266583341,1008,1000
237.03947474566,1008,1000
237.04966374566,1008,1000
237.05892974566,1008,1000
237.068929750122,1008,1000
237.079257596732,1008,1000
237.088929750122,1008,1000
237.098929750122,1008,1000
237.110783876284,1008,1000
237.119834754618,1008,1000
237.128929754618,1008,1000
237.139996754618,1008,1000
237.148929754618,1008,1000
237.158929754618,1008,1000
237.172443876284,1008,1000
237.181584876284,1008,1000
237.189320614682,1008,1000
237.198929759114,1008,1000
237.209901619149,1008,1000
237.218929763581,1008,1000
237.228929763581,1008,1000
237.239243763581,1008,1000
237.249559763581,1008,1000
237.259804456447,1008,1000
237.268929768048,1008,1000
237.279180488147,1008,1000
237.289843768048,1008,1000
237.299924768048,1008,1000
237.309505772526,1008,1000
237.319622772526,1008,1000
237.329245329923,1008,1000
237.340309772526,1008,1000
237.349896021474,1008,1000
237.360202641524,1008,1000
237.369149646002,1008,1000
237.378929777004,1008,1000
237.388929777004,1008,1000
237.415393654976,1008,1000
237.416143659092,1008,1000
237.419201903924,1008,1000
237.430449523974,1008,1000
237.4395147815,1008,1000
237.4500097815,1008,1000
237.4589297815,1008,1000
237.468929785996,1008,1000
237.478929785996,1008,1000
237.491242785996,1008,1000
237.49974641092,1008,1000
237.508929790501,1008,1000
237.521490694467,1008,1000
237.546268912176,1008,1000
237.548929790501,1008,1000
237.558929790501,1008,1000
237.569169306876,1008,1000
237.581115912176,1008,1000
237.588929795006,1008,1000
237.602316821635,1008,1000
237.609243799507,1008,1000
237.619721799507,1008,1000
237.628929799507,1008,1000
237.643970475656,1008,1000
237.649243799507,1008,1000
237.658929799507,1008,1000
237.669706704465,1008,1000
237.679519064199,1008,1000
237.688955704465,1008,1000
237.698929804008,1008,1000
237.709883362972,1008,1000
237.72224893015,1008,1000
237.728929808494,1008,1000
237.74246493015,1008,1000
237.748929808494,1008,1000
237.75955228733,1008,1000
237.76892981298,1008,1000
237.779171276902,1008,1000
237.78924381298,1008,1000
237.79955581298,1008,1000
237.81197784858,1008,1000
237.81892981748,1008,1000
237.83185385758,1008,1000
237.83892981748,1008,1000
237.84892981748,1008,1000
237.85957381748,1008,1000
237.86892982198,1008,1000
237.87972682198,1008,1000
237.88960082198,1008,1000
237.89968474041,1008,1000
237.908929826464,1008,1000
237.919583784994,1008,1000
237.928929826464,1008,1000
237.938929826464,1008,1000
237.950202749394,1008,1000
237.961286948118,1008,1000
237.968929830948,1008,1000
237.978929830948,1008,1000
237.988929830948,1008,1000
237.998929830948,1008,1000
238.00892983544,1008,1000
238.022655957102,1008,1000
238.030817884508,1008,1000
238.03892983544,1008,1000
238.04892983544,1008,1000
238.061340957102,1008,1000
238.068929839932,1008,1000
238.082228839932,1008,1000
238.097241897984,1008,1000
238.098929839932,1008,1000
238.108929844417,1008,1000
238.118929844417,1008,1000
238.129361114548,1008,1000
238.138929844417,1008,1000
238.151466966072,1008,1000
238.159991844417,1008,1000
238.168929848902,1008,1000
238.178929848902,1008,1000
238.189483848902,1008,1000
238.199807848902,1008,1000
238.208929853393,1008,1000
238.219243853393,1008,1000
238.22936979876,1008,1000
238.243442975054,1008,1000
238.250864975054,1008,1000
238.259220870267,1008,1000
238.269176807736,1008,1000
238.279753857884,1008,1000
238.291053857884,1008,1000
238.299645857884,1008,1000
238.310265862392,1008,1000
238.318929862392,1008,1000
238.328929862392,1008,1000
238.338929862392,1008,1000
238.349793821226,1008,1000
238.36146698407,1008,1000
238.3696228669,1008,1000
238.380530830242,1008,1000
238.39386095192,1008,1000
238.3989298669,1008,1000
238.409501871381,1008,1000
238.420134793557,1008,1000
238.430844956401,1008,1000
238.448039993032,1008,1000
238.449953802573,1008,1000
238.460935839231,1008,1000
238.470792993032,1008,1000
238.479739875862,1008,1000
238.489503770369,1008,1000
238.498929875862,1008,1000
238.508929880354,1008,1000
238.522332886843,1008,1000
238.528929880354,1008,1000
238.539879880354,1008,1000
238.551476002016,1008,1000
238.560502751673,1008,1000
238.568929884846,1008,1000
238.582906884846,1008,1000
238.589488769673,1008,1000
238.600009884846,1008,1000
238.610235418784,1008,1000
238.619243889356,1008,1000
238.629736741979,1008,1000
238.638929889356,1008,1000
238.653553875152,1008,1000
238.659726889356,1008,1000
238.669459879662,1008,1000
238.6794784136,1008,1000
238.688929893866,1008,1000
238.700089363176,1008,1000
238.708929898359,1008,1000
238.718929898359,1008,1000
238.728960888665,1008,1000
238.738929898359,1008,1000
238.748929898359,1008,1000
238.758929898359,1008,1000
238.769467366978,1008,1000
238.778929902852,1008,1000
238.788929902852,1008,1000
238.799735902852,1008,1000
238.808929907375,1008,1000
238.818929907375,1008,1000
238.828929907375,1008,1000
238.841009907375,1008,1000
238.849532907375,1008,1000
238.866980907375,1008,1000
238.8705409157,1008,1000
238.878929911898,1008,1000
238.888929911898,1008,1000
238.899582911898,1008,1000
238.913260038108,1008,1000
238.918929916418,1008,1000
238.928929916418,1008,1000
238.939990933068,1008,1000
238.948929916418,1008,1000
238.961116038108,1008,1000
238.968929920938,1008,1000
238.982021059996,1008,1000
238.992900038108,1008,1000
238.998929920938,1008,1000
239.009206959481,1008,1000
239.018929925463,1008,1000
239.029243925463,1008,1000
239.038929925463,1008,1000
239.050216947351,1008,1000
239.058929925463,1008,1000
239.068929929988,1008,1000
239.081167138527,1008,1000
239.088929929988,1008,1000
239.100077929988,1008,1000
239.108929934512,1008,1000
239.119630982813,1008,1000
239.128929934512,1008,1000
239.144982122606,1008,1000
239.149618934512,1008,1000
239.158929934512,1008,1000
239.169374969974,1008,1000
239.180009939036,1008,1000
239.188929939036,1008,1000
239.198929939036,1008,1000
239.209640009932,1008,1000
239.221188065198,1008,1000
239.228929943532,1008,1000
239.239676943532,1008,1000
239.250838065198,1008,1000
239.262067065198,1008,1000
239.269637616403,1008,1000
239.282426065198,1008,1000
239.289243948028,1008,1000
239.299874948028,1008,1000
239.308929952546,1008,1000
239.318929952546,1008,1000
239.329753952546,1008,1000
239.344352074234,1008,1000
239.351764074234,1008,1000
239.358929952546,1008,1000
239.370185006042,1008,1000
239.378929957064,1008,1000
239.38996901056,1008,1000
239.39907801056,1008,1000
239.409833961557,1008,1000
239.421070136741,1008,1000
239.432880961557,1008,1000
239.439545068549,1008,1000
239.452981254643,1008,1000
239.459851073067,1008,1000
239.47030296605,1008,1000
239.480923028557,1008,1000
239.48892996605,1008,1000
239.49892996605,1008,1000
239.508929970544,1008,1000
239.518929970544,1008,1000
239.534688478524,1008,1000
239.540113037544,1008,1000
239.550166100051,1008,1000
239.558929970544,1008,1000
239.568929975038,1008,1000
239.579672975038,1008,1000
239.588929975038,1008,1000
239.601808365851,1008,1000
239.619507101202,1008,1000
239.620856101202,1008,1000
239.631652181687,1008,1000
239.638929979535,1008,1000
239.648929979535,1008,1000
239.659861979535,1008,1000
239.668929984032,1008,1000
239.678929984032,1008,1000
239.689852984032,1008,1000
239.700505069022,1008,1000
239.710190847724,1008,1000
239.719694988537,1008,1000
239.729105069022,1008,1000
239.738929988537,1008,1000
239.749485275671,1008,1000
239.759951073519,1008,1000
239.769955163014,1008,1000
239.784087941716,1008,1000
239.791558110212,1008,1000
239.799910993042,1008,1000
239.80892999754,1008,1000
239.824421119208,1008,1000
239.829374172009,1008,1000
239.839856869554,1008,1000
239.84892999754,1008,1000
239.85986199754,1008,1000
239.86936109603,1008,1000
239.878930002038,1008,1000
239.89002789905,1008,1000
239.898930002038,1008,1000
239.910256977047,1008,1000
239.919646006543,1008,1000
239.930874128218,1008,1000
239.940533006543,1008,1000
239.948930006543,1008,1000
239.959241409827,1008,1000
239.968930011048,1008,1000
239.980894089045,1008,1000
239.989785011048,1008,1000
240.00413613721,1008,1000
240.01101813721,1008,1000
240.018930015544,1008,1000
240.029244015544,1008,1000
240.039686015544,1008,1000
240.05102713721,1008,1000
240.059118127542,1008,1000
240.06924402004,1008,1000
240.07893002004,1008,1000
240.102326141046,1008,1000
240.115523393418,1008,1000
240.116057640602,1008,1000
240.119244024552,1008,1000
240.131675146234,1008,1000
240.139551024552,1008,1000
240.149659282692,1008,1000
240.159727024552,1008,1000
240.169696793318,1008,1000
240.193888393418,1008,1000
240.194557640602,1008,1000
240.201562289793,1008,1000
240.208930033579,1008,1000
240.218930033579,1008,1000
240.229159159081,1008,1000
240.238930033579,1008,1000
240.251251155264,1008,1000
240.259244033579,1008,1000
240.270478172623,1008,1000
240.279650038094,1008,1000
240.290925038094,1008,1000
240.298930038094,1008,1000
240.309785042623,1008,1000
240.319244042623,1008,1000
240.330001042623,1008,1000
240.341197164322,1008,1000
240.349731042623,1008,1000
240.360951181667,1008,1000
240.370308047152,1008,1000
240.379807190725,1008,1000
240.388930047152,1008,1000
240.400437195222,1008,1000
240.409244051649,1008,1000
240.419154195222,1008,1000
240.428930051649,1008,1000
240.443938601693,1008,1000
240.449982343324,1008,1000
240.458930051649,1008,1000
240.469932352318,1008,1000
240.483656483011,1008,1000
240.493124173316,1008,1000
240.499558056146,1008,1000
240.508930060653,1008,1000
240.519972504927,1008,1000
240.528930060653,1008,1000
240.54197325282,1008,1000
240.549713060653,1008,1000
240.570160222256,1008,1000
240.573517505536,1008,1000
240.57893006516,1008,1000
240.589431671037,1008,1000
240.599429226763,1008,1000
240.609876140175,1008,1000
240.619875069685,1008,1000
240.629578330874,1008,1000
240.640047392891,1008,1000
240.649763069685,1008,1000
240.660234352965,1008,1000
240.68511648371,1008,1000
240.689955244845,1008,1000
240.69974007421,1008,1000
240.712592864889,1008,1000
240.718988249353,1008,1000
240.729450532633,1008,1000
240.741224200396,1008,1000
240.750865200396,1008,1000
240.759306424513,1008,1000
240.776360258386,1008,1000
240.780865200396,1008,1000
240.788930083226,1008,1000
240.799659083226,1008,1000
240.810701389099,1008,1000
240.819556087753,1008,1000
240.834636424928,1008,1000
240.839772993205,1008,1000
240.849966993205,1008,1000
240.861791996854,1008,1000
240.869498997732,1008,1000
240.878917997732,1008,1000
240.888917997732,1008,1000
240.89893009228,1008,1000
240.910134993562,1008,1000
240.918917993955,1008,1000
240.929877899407,1008,1000
240.938905899407,1008,1000
240.949056357184,1008,1000
240.958905899407,1008,1000
240.96890589563,1008,1000
240.981585990142,1008,1000
240.98979289563,1008,1000
241.001669978685,1008,1000
241.009603891854,1008,1000
241.018905891854,1008,1000
241.031538981748,1008,1000
241.038905891854,1008,1000
241.049474099343,1008,1000
241.059128888434,1008,1000
241.069521885015,1008,1000
241.078905888078,1008,1000
241.089702888078,1008,1000
241.099219888078,1008,1000
241.108905884302,1008,1000
241.121569884302,1008,1000
241.130008884302,1008,1000
241.14002789905,1008,1000
241.148905884302,1008,1000
241.158905884302,1008,1000
241.17007881856,1008,1000
241.178905880526,1008,1000
241.188905880526,1008,1000
241.199389865778,1008,1000
241.209213862025,1008,1000
241.218905876773,1008,1000
241.230557876773,1008,1000
241.240132091101,1008,1000
241.248905876773,1008,1000
241.259472876773,1008,1000
241.269183914894,1008,1000
241.28297803433,1008,1000
241.29175596669,1008,1000
241.300501846992,1008,1000
241.31008506132,1008,1000
241.318905869269,1008,1000
241.329371846992,1008,1000
241.341205959188,1008,1000
241.354177004549,1008,1000
241.359706869269,1008,1000
241.36985581346,1008,1000
241.379457027788,1008,1000
241.391412959188,1008,1000
241.398905865518,1008,1000
241.409800861784,1008,1000
241.418905861784,1008,1000
241.428905861784,1008,1000
241.439146776194,1008,1000
241.448905861784,1008,1000
241.459234614306,1008,1000
241.47302400439,1008,1000
241.479172820784,1008,1000
241.48890585805,1008,1000
241.49890585805,1008,1000
241.508905854317,1008,1000
241.518905854317,1008,1000
241.528905854317,1008,1000
241.540920906987,1008,1000
241.551269944254,1008,1000
241.558905854317,1008,1000
241.569523266469,1008,1000
241.578905850584,1008,1000
241.589180851055,1008,1000
241.598905850584,1008,1000
241.608905846853,1008,1000
241.618905846853,1008,1000
241.628905846853,1008,1000
241.640009259476,1008,1000
241.649594846853,1008,1000
241.659598846853,1008,1000
241.668905843122,1008,1000
241.678905843122,1008,1000
241.691676880864,1008,1000
241.699603843122,1008,1000
241.710268199816,1008,1000
241.71890583939,1008,1000
241.72961283939,1008,1000
241.741151929328,1008,1000
241.752192929328,1008,1000
241.75890583939,1008,1000
241.769463835658,1008,1000
241.781296929328,1008,1000
241.788905835658,1008,1000
241.801295921912,1008,1000
241.81002789905,1008,1000
241.81949983195,1008,1000
241.83403583195,1008,1000
241.841196921912,1008,1000
241.84890583195,1008,1000
241.85972483195,1008,1000
241.869219828242,1008,1000
241.879928761142,1008,1000
241.888905828242,1008,1000
241.898905828242,1008,1000
241.909219824536,1008,1000
241.918905824536,1008,1000
241.929069757436,1008,1000
241.938915402431,1008,1000
241.949318686628,1008,1000
241.959029753728,1008,1000
241.96890582083,1008,1000
241.97890582083,1008,1000
241.98890582083,1008,1000
241.99968482083,1008,1000
242.010233817139,1008,1000
242.018905817139,1008,1000
242.028905817139,1008,1000
242.042662907118,1008,1000
242.048905817139,1008,1000
242.058905817139,1008,1000
242.068905813448,1008,1000
242.079569731537,1008,1000
242.089738813448,1008,1000
242.100003813448,1008,1000
242.112296899764,1008,1000
242.119805809771,1008,1000
242.128905809771,1008,1000
242.139846809771,1008,1000
242.148905809771,1008,1000
242.158948724169,1008,1000
242.171795721206,1008,1000
242.179634806094,1008,1000
242.190834522335,1008,1000
242.199702806094,1008,1000
242.209432609616,1008,1000
242.218905802397,1008,1000
242.23006562823,1008,1000
242.240219623839,1008,1000
242.248905802397,1008,1000
242.258905802397,1008,1000
242.27171779202,1008,1000
242.2789057987,1008,1000
242.2889057987,1008,1000
242.29934752788,1008,1000
242.310055519806,1008,1000
242.318905795017,1008,1000
242.331259885004,1008,1000
242.339553084538,1008,1000
242.348905795017,1008,1000
242.359825847297,1008,1000
242.368905791334,1008,1000
242.380927885004,1008,1000
242.389643791334,1008,1000
242.399219791334,1008,1000
242.408905787676,1008,1000
242.418905787676,1008,1000
242.429278735923,1008,1000
242.438905787676,1008,1000
242.45078477363,1008,1000
242.460179787676,1008,1000
242.470144214388,1008,1000
242.480404784018,1008,1000
242.489657784018,1008,1000
242.500536869536,1008,1000
242.509566883582,1008,1000
242.519994655208,1008,1000
242.529614669254,1008,1000
242.540092095966,1008,1000
242.549839665596,1008,1000
242.558905780628,1008,1000
242.569927503708,1008,1000
242.578905777238,1008,1000
242.589249533396,1008,1000
242.599459777238,1008,1000
242.609526972094,1008,1000
242.619220541724,1008,1000
242.629985775178,1008,1000
242.640042379836,1008,1000
242.648905775178,1008,1000
242.659693775178,1008,1000
242.668905773118,1008,1000
242.678905773118,1008,1000
242.688905773118,1008,1000
242.699402649246,1008,1000
242.70933325187,1008,1000
242.718905771084,1008,1000
242.729684771084,1008,1000
242.738905771084,1008,1000
242.748905771084,1008,1000
242.76149386272,1008,1000
242.76890576905,1008,1000
242.77890576905,1008,1000
242.78989176905,1008,1000
242.79890576905,1008,1000
242.81101785623,1008,1000
242.818905765805,1008,1000
242.829219765805,1008,1000
242.838905765805,1008,1000
242.849368960635,1008,1000
242.859137635805,1008,1000
242.86890576256,1008,1000
242.87890576256,1008,1000
242.88890576256,1008,1000
242.89890576256,1008,1000
242.908905758869,1008,1000
242.921281758869,1008,1000
242.928905758869,1008,1000
242.938905758869,1008,1000
242.948905758869,1008,1000
242.958905758869,1008,1000
242.971601848848,1008,1000
242.979594755178,1008,1000
242.988905755178,1008,1000
242.998905755178,1008,1000
243.008905751464,1008,1000
243.018905751464,1008,1000
243.028905751464,1008,1000
243.039389236672,1008,1000
243.048905751464,1008,1000
243.058905751464,1008,1000
243.06983774775,1008,1000
243.07890574775,1008,1000
243.08890574775,1008,1000
243.09890574775,1008,1000
243.108905744042,1008,1000
243.118905744042,1008,1000
243.129567744042,1008,1000
243.139047592742,1008,1000
243.148905744042,1008,1000
243.158905744042,1008,1000
243.169738740334,1008,1000
243.179884701861,1008,1000
243.189756740334,1008,1000
243.198905740334,1008,1000
243.208905736711,1008,1000
243.218905736711,1008,1000
243.228905736711,1008,1000
243.240046577995,1008,1000
243.249202539522,1008,1000
243.259929577995,1008,1000
243.268905733088,1008,1000
243.279787733088,1008,1000
243.288905733088,1008,1000
243.301934819694,1008,1000
243.309400408501,1008,1000
243.318905729556,1008,1000
243.330179408501,1008,1000
243.338905729556,1008,1000
243.349015563594,1008,1000
243.361169819694,1008,1000
243.370801819694,1008,1000
243.379594726024,1008,1000
243.388905726024,1008,1000
243.399389235475,1008,1000
243.409900722599,1008,1000
243.418905722599,1008,1000
243.430304722599,1008,1000
243.440186741178,1008,1000
243.448905722599,1008,1000
243.459931722599,1008,1000
243.471934812844,1008,1000
243.479281542723,1008,1000
243.489494308031,1008,1000
243.501053806204,1008,1000
243.509540557982,1008,1000
243.518905715854,1008,1000
243.529348539403,1008,1000
243.541764806204,1008,1000
243.548905715854,1008,1000
243.558905715854,1008,1000
243.568905712534,1008,1000
243.578905712534,1008,1000
243.588905712534,1008,1000
243.598905712534,1008,1000
243.609724709313,1008,1000
243.619765709313,1008,1000
243.628905709313,1008,1000
243.638905709313,1008,1000
243.648905709313,1008,1000
243.658905709313,1008,1000
243.668905706092,1008,1000
243.68002789905,1008,1000
243.689578516355,1008,1000
243.699936706092,1008,1000
243.708905702967,1008,1000
243.718905702967,1008,1000
243.728905702967,1008,1000
243.738905702967,1008,1000
243.750008320272,1008,1000
243.759976702967,1008,1000
243.769299158384,1008,1000
243.779895699842,1008,1000
243.789544699842,1008,1000
243.798905699842,1008,1000
243.808905696796,1008,1000
243.820258118018,1008,1000
243.830181500713,1008,1000
243.838905696796,1008,1000
243.849933497588,1008,1000
243.858905696796,1008,1000
243.86955869375,1008,1000
243.87890569375,1008,1000
243.889449912718,1008,1000
243.900846781542,1008,1000
243.909621690811,1008,1000
243.919368289349,1008,1000
243.930476690811,1008,1000
243.938905690811,1008,1000
243.948905690811,1008,1000
243.958905690811,1008,1000
243.969567687872,1008,1000
243.978905687872,1008,1000
243.989868687872,1008,1000
244.001439775828,1008,1000
244.009985685015,1008,1000
244.018905685015,1008,1000
244.028905685015,1008,1000
244.038905685015,1008,1000
244.048905685015,1008,1000
244.059186473837,1008,1000
244.071180558936,1008,1000
244.080213091759,1008,1000
244.088905682158,1008,1000
244.100927770328,1008,1000
244.109729679408,1008,1000
244.118905679408,1008,1000
244.129546086445,1008,1000
244.138905679408,1008,1000
244.149593872117,1008,1000
244.158905679408,1008,1000
244.171502770328,1008,1000
244.178948457016,1008,1000
244.191889770328,1008,1000
244.198905676658,1008,1000
244.20890567397,1008,1000
244.21890567397,1008,1000
244.22957667397,1008,1000
244.240784545248,1008,1000
244.24890567397,1008,1000
244.25921967397,1008,1000
244.268905671282,1008,1000
244.279940671282,1008,1000
244.289814671282,1008,1000
244.298905671282,1008,1000
244.311484759762,1008,1000
244.318905668687,1008,1000
244.328905668687,1008,1000
244.338905668687,1008,1000
244.349357440919,1008,1000
244.359267440919,1008,1000
244.369499666092,1008,1000
244.379219666092,1008,1000
244.388905666092,1008,1000
244.398905666092,1008,1000
244.408905663586,1008,1000
244.418905663586,1008,1000
244.428905663586,1008,1000
244.438905663586,1008,1000
244.448905663586,1008,1000
244.459805663586,1008,1000
244.46890566108,1008,1000
244.47890566108,1008,1000
244.48890566108,1008,1000
244.49890566108,1008,1000
244.50890565868,1008,1000
244.51890565868,1008,1000
244.529231423216,1008,1000
244.54264174995,1008,1000
244.54964865868,1008,1000
244.55890565868,1008,1000
244.56890565628,1008,1000
244.57890565628,1008,1000
244.58890565628,1008,1000
244.59990965628,1008,1000
244.609219653958,1008,1000
244.618905653958,1008,1000
244.628905653958,1008,1000
244.638905653958,1008,1000
244.648905653958,1008,1000
244.659967653958,1008,1000
244.669191408866,1008,1000
244.678905651636,1008,1000
244.689279246978,1008,1000
244.698905651636,1008,1000
244.709567649387,1008,1000
244.718905649387,1008,1000
244.731008740808,1008,1000
244.739555629071,1008,1000
244.748905649387,1008,1000
244.758905649387,1008,1000
244.769589647138,1008,1000
244.779459647138,1008,1000
244.788905647138,1008,1000
244.800864736498,1008,1000
244.809859644983,1008,1000
244.818905644983,1008,1000
244.828929409237,1008,1000
244.838905644983,1008,1000
244.852028724111,1008,1000
244.858905644983,1008,1000
244.868905642828,1008,1000
244.879276388761,1008,1000
244.888905642828,1008,1000
244.898905642828,1008,1000
244.908905640727,1008,1000
244.918905640727,1008,1000
244.928905640727,1008,1000
244.938905640727,1008,1000
244.948905640727,1008,1000
244.959424230528,1008,1000
244.968905638626,1008,1000
244.978905638626,1008,1000
244.989468638626,1008,1000
244.998905638626,1008,1000
245.009594636632,1008,1000
245.018905636632,1008,1000
245.028905636632,1008,1000
245.038905636632,1008,1000
245.048905636632,1008,1000
245.058905636632,1008,1000
245.071133728308,1008,1000
245.079612634638,1008,1000
245.091026728308,1008,1000
245.099535634638,1008,1000
245.109931632704,1008,1000
245.118905632704,1008,1000
245.129787632704,1008,1000
245.139219632704,1008,1000
245.149454632704,1008,1000
245.159711632704,1008,1000
245.16890563077,1008,1000
245.181380189814,1008,1000
245.18890563077,1008,1000
245.199015364424,1008,1000
245.210921628931,1008,1000
245.218905628931,1008,1000
245.229466503607,1008,1000
245.238905628931,1008,1000
245.249666628931,1008,1000
245.258905628931,1008,1000
245.269688627092,1008,1000
245.279729627092,1008,1000
245.291358720762,1008,1000
245.303136717214,1008,1000
245.308905625318,1008,1000
245.318905625318,1008,1000
245.328905625318,1008,1000
245.338905625318,1008,1000
245.35117135336,1008,1000
245.359219625318,1008,1000
245.369219623544,1008,1000
245.380148958271,1008,1000
245.389517623544,1008,1000
245.399567623544,1008,1000
245.409348365774,1008,1000
245.418905621835,1008,1000
245.429530166267,1008,1000
245.438905621835,1008,1000
245.450434681056,1008,1000
245.459787621835,1008,1000
245.468905620126,1008,1000
245.478905620126,1008,1000
245.488905620126,1008,1000
245.498905620126,1008,1000
245.50890561851,1008,1000
245.519878400516,1008,1000
245.529186341295,1008,1000
245.53890561851,1008,1000
245.550801710564,1008,1000
245.559155339586,1008,1000
245.568905616894,1008,1000
245.579702616894,1008,1000
245.58933111836,1008,1000
245.598905616894,1008,1000
245.608905615324,1008,1000
245.618905615324,1008,1000
245.628905615324,1008,1000
245.638905615324,1008,1000
245.648905615324,1008,1000
245.659738615324,1008,1000
245.668905613754,1008,1000
245.678905613754,1008,1000
245.688905613754,1008,1000
245.700099608877,1008,1000
245.709918612256,1008,1000
245.718905612256,1008,1000
245.72894832853,1008,1000
245.738905612256,1008,1000
245.748905612256,1008,1000
245.759486612256,1008,1000
245.769971320585,1008,1000
245.780816323964,1008,1000
245.788905610758,1008,1000
245.801367701616,1008,1000
245.808905609352,1008,1000
245.818905609352,1008,1000
245.829841609352,1008,1000
245.839271030887,1008,1000
245.851475701616,1008,1000
245.859490609352,1008,1000
245.869219607946,1008,1000
245.878905607946,1008,1000
245.888905607946,1008,1000
245.899060318248,1008,1000
245.90890560659,1008,1000
245.91921960659,1008,1000
245.92890560659,1008,1000
245.93890560659,1008,1000
245.94890560659,1008,1000
245.95971160659,1008,1000
245.968905605234,1008,1000
245.978905605234,1008,1000
245.988905605234,1008,1000
245.998905605234,1008,1000
246.010959261172,1008,1000
246.01953629861,1008,1000
246.028905603949,1008,1000
246.039549603949,1008,1000
246.049077726132,1008,1000
246.059895603949,1008,1000
246.068905602664,1008,1000
246.078910167502,1008,1000
246.091188799508,1008,1000
246.098905602664,1008,1000
246.108905601468,1008,1000
246.118905601468,1008,1000
246.129141306367,1008,1000
246.138905601468,1008,1000
246.148905601468,1008,1000
246.158994710758,1008,1000
246.168905600272,1008,1000
246.178905600272,1008,1000
246.191178693942,1008,1000
246.199630600272,1008,1000
246.208905599152,1008,1000
246.218905599152,1008,1000
246.228905599152,1008,1000
246.238905599152,1008,1000
246.249751599152,1008,1000
246.259219599152,1008,1000
246.268905598032,1008,1000
246.278905598032,1008,1000
246.288905598032,1008,1000
246.299862352483,1008,1000
246.308905596953,1008,1000
246.319893297055,1008,1000
246.328905596953,1008,1000
246.338905596953,1008,1000
246.349522596953,1008,1000
246.358905596953,1008,1000
246.369288049307,1008,1000
246.378905595874,1008,1000
246.389282993879,1008,1000
246.398905595874,1008,1000
246.409459594882,1008,1000
246.418905594882,1008,1000
246.428905594882,1008,1000
246.438905594882,1008,1000
246.448905594882,1008,1000
246.458905594882,1008,1000
246.46890559389,1008,1000
246.47890559389,1008,1000
246.48999059389,1008,1000
246.49890559389,1008,1000
246.509535077287,1008,1000
246.518905592945,1008,1000
246.528905592945,1008,1000
246.538905592945,1008,1000
246.548905592945,1008,1000
246.561432616032,1008,1000
246.568905592,1008,1000
246.578905592,1008,1000
246.589517592,1008,1000
246.598905592,1008,1000
246.608905591114,1008,1000
246.619900591114,1008,1000
246.629464521476,1008,1000
246.638905591114,1008,1000
246.648905591114,1008,1000
246.660990683898,1008,1000
246.669630590228,1008,1000
246.679585590228,1008,1000
246.689335282292,1008,1000
246.698905590228,1008,1000
246.708905589365,1008,1000
246.718905589365,1008,1000
246.728905589365,1008,1000
246.738905589365,1008,1000
246.750912589365,1008,1000
246.759900589365,1008,1000
246.768905588502,1008,1000
246.778905588502,1008,1000
246.788905588502,1008,1000
246.798905588502,1008,1000
246.808905587576,1008,1000
246.818905587576,1008,1000
246.830177277891,1008,1000
246.838905587576,1008,1000
246.848905587576,1008,1000
246.858905587576,1008,1000
246.86963458665,1008,1000
246.87890558665,1008,1000
246.88890558665,1008,1000
246.899512965491,1008,1000
246.908905585661,1008,1000
246.918905585661,1008,1000
246.928905585661,1008,1000
246.940882678342,1008,1000
246.948905585661,1008,1000
246.958905585661,1008,1000
246.969033745153,1008,1000
246.978905584672,1008,1000
246.988905584672,1008,1000
246.999594584672,1008,1000
247.008905583621,1008,1000
247.018905583621,1008,1000
247.028905583621,1008,1000
247.038905583621,1008,1000
247.05159867624,1008,1000
247.059693583621,1008,1000
247.06890558257,1008,1000
247.07890558257,1008,1000
247.08890558257,1008,1000
247.09890558257,1008,1000
247.108905581456,1008,1000
247.118905581456,1008,1000
247.129882581456,1008,1000
247.138905581456,1008,1000
247.148905581456,1008,1000
247.159886581456,1008,1000
247.168905580342,1008,1000
247.178905580342,1008,1000
247.189864580342,1008,1000
247.199263262748,1008,1000
247.208905579166,1008,1000
247.219805579166,1008,1000
247.229222261572,1008,1000
247.238905579166,1008,1000
247.248905579166,1008,1000
247.259943260458,1008,1000
247.26890557799,1008,1000
247.27890557799,1008,1000
247.289213258106,1008,1000
247.299210997207,1008,1000
247.309616576752,1008,1000
247.318905576752,1008,1000
247.32984193816,1008,1000
247.338905576752,1008,1000
247.349598576752,1008,1000
247.358905576752,1008,1000
247.370179575514,1008,1000
247.378905575514,1008,1000
247.388905575514,1008,1000
247.399240614624,1008,1000
247.408905574215,1008,1000
247.418905574215,1008,1000
247.428905574215,1008,1000
247.439551250679,1008,1000
247.448905574215,1008,1000
247.459940574215,1008,1000
247.468905572916,1008,1000
247.480864666586,1008,1000
247.488905572916,1008,1000
247.498905572916,1008,1000
247.508905571555,1008,1000
247.519625571555,1008,1000
247.53021724672,1008,1000
247.538905571555,1008,1000
247.550092339091,1008,1000
247.558905571555,1008,1000
247.568905570194,1008,1000
247.579543187425,1008,1000
247.588905570194,1008,1000
247.599534917864,1008,1000
247.609846568771,1008,1000
247.619284008812,1008,1000
247.628905568771,1008,1000
247.638905568771,1008,1000
247.649733568771,1008,1000
247.659882568771,1008,1000
247.671178661018,1008,1000
247.679056237069,1008,1000
247.689756567348,1008,1000
247.699909567348,1008,1000
247.710003565891,1008,1000
247.719078235612,1008,1000
247.730981658104,1008,1000
247.739219565891,1008,1000
247.748905565891,1008,1000
247.758966234189,1008,1000
247.769335232732,1008,1000
247.779357231275,1008,1000
247.788905564434,1008,1000
247.798905564434,1008,1000
247.809733562944,1008,1000
247.818905562944,1008,1000
247.828905562944,1008,1000
247.838905562944,1008,1000
247.848905562944,1008,1000
247.858905562944,1008,1000
247.869963561454,1008,1000
247.879168225348,1008,1000
247.888905561454,1008,1000
247.899765561454,1008,1000
247.909765559931,1008,1000
247.919967559931,1008,1000
247.928905559931,1008,1000
247.940855652078,1008,1000
247.948905559931,1008,1000
247.959823559931,1008,1000
247.970087220812,1008,1000
247.978957219289,1008,1000
247.989240219289,1008,1000
248.00103855684,1008,1000
248.00890555684,1008,1000
248.019678970749,1008,1000
248.029159217721,1008,1000
248.039368878602,1008,1000
248.04890555684,1008,1000
248.05890555684,1008,1000
248.068905555272,1008,1000
248.078905555272,1008,1000
248.088905555272,1008,1000
248.099733555272,1008,1000
248.108905553647,1008,1000
248.121281553647,1008,1000
248.128905553647,1008,1000
248.139372959761,1008,1000
248.148905553647,1008,1000
248.159909553647,1008,1000
248.169042208244,1008,1000
248.178905552022,1008,1000
248.189331027548,1008,1000
248.198905552022,1008,1000
248.208905550355,1008,1000
248.218905550355,1008,1000
248.229128204952,1008,1000
248.238905550355,1008,1000
248.248905550355,1008,1000
248.258905550355,1008,1000
248.268905548688,1008,1000
248.278905548688,1008,1000
248.288905548688,1008,1000
248.298905548688,1008,1000
248.30890554697,1008,1000
248.31982354697,1008,1000
248.32890554697,1008,1000
248.339681836261,1008,1000
248.34890554697,1008,1000
248.35890554697,1008,1000
248.368905545252,1008,1000
248.378905545252,1008,1000
248.389240193172,1008,1000
248.398905545252,1008,1000
248.408905543493,1008,1000
248.418905543493,1008,1000
248.428905543493,1008,1000
248.438905543493,1008,1000
248.448905543493,1008,1000
248.458905543493,1008,1000
248.469463541734,1008,1000
248.478905541734,1008,1000
248.488905541734,1008,1000
248.499901789938,1008,1000
248.509544539942,1008,1000
248.518905539942,1008,1000
248.528905539942,1008,1000
248.538905539942,1008,1000
248.548905539942,1008,1000
248.558905539942,1008,1000
248.569165429038,1008,1000
248.580327911812,1008,1000
248.59085563182,1008,1000
248.59890553815,1008,1000
248.609030168406,1008,1000
248.618905536325,1008,1000
248.628905536325,1008,1000
248.638905536325,1008,1000
248.649681549087,1008,1000
248.658905536325,1008,1000
248.6689055345,1008,1000
248.6789055345,1008,1000
248.6889055345,1008,1000
248.6997245345,1008,1000
248.708905532647,1008,1000
248.719625532647,1008,1000
248.729706532647,1008,1000
248.738905532647,1008,1000
248.749805532647,1008,1000
248.759657571079,1008,1000
248.769078166244,1008,1000
248.781160624464,1008,1000
248.789711530794,1008,1000
248.80002789905,1008,1000
248.808905528912,1008,1000
248.819123162509,1008,1000
248.828905528912,1008,1000
248.838905528912,1008,1000
248.850124528912,1008,1000
248.858905528912,1008,1000
248.869452158774,1008,1000
248.87890552703,1008,1000
248.88890552703,1008,1000
248.89890552703,1008,1000
248.908905525097,1008,1000
248.919415154959,1008,1000
248.930042326707,1008,1000
248.938905525097,1008,1000
248.948905525097,1008,1000
248.958905525097,1008,1000
248.968905523164,1008,1000
248.978905523164,1008,1000
248.988905523164,1008,1000
248.999386950821,1008,1000
249.00890552119,1008,1000
249.01890552119,1008,1000
249.02890552119,1008,1000
249.03890552119,1008,1000
249.04890552119,1008,1000
249.05890552119,1008,1000
249.068905519216,1008,1000
249.078905519216,1008,1000
249.088905519216,1008,1000
249.101133608854,1008,1000
249.1099815172,1008,1000
249.1189055172,1008,1000
249.1289055172,1008,1000
249.1389055172,1008,1000
249.1489055172,1008,1000
249.1599005172,1008,1000
249.169219515184,1008,1000
249.179191133334,1008,1000
249.189814515184,1008,1000
249.198905515184,1008,1000
249.208905513124,1008,1000
249.219011008205,1008,1000
249.229254131274,1008,1000
249.238905513124,1008,1000
249.249002525777,1008,1000
249.260163129258,1008,1000
249.269608834942,1008,1000
249.278905511064,1008,1000
249.288905511064,1008,1000
249.299783511064,1008,1000
249.308905508978,1008,1000
249.318905508978,1008,1000
249.329633739186,1008,1000
249.340498613185,1008,1000
249.348905508978,1008,1000
249.358905508978,1008,1000
249.369065118906,1008,1000
249.381322600562,1008,1000
249.388905506892,1008,1000
249.398905506892,1008,1000
249.409888218903,1008,1000
249.418905504768,1008,1000
249.428905504768,1008,1000
249.438905504768,1008,1000
249.449219504768,1008,1000
249.460364504768,1008,1000
249.468905502644,1008,1000
249.479358822497,1008,1000
249.488905502644,1008,1000
249.498905502644,1008,1000
249.508905500467,1008,1000
249.518905500467,1008,1000
249.529727106185,1008,1000
249.538905500467,1008,1000
249.548905500467,1008,1000
249.558905500467,1008,1000
249.56998549829,1008,1000
249.57991849829,1008,1000
249.58890549829,1008,1000
249.599134705425,1008,1000
249.608905496065,1008,1000
249.619891496065,1008,1000
249.628905496065,1008,1000
249.64085558751,1008,1000
249.649191095305,1008,1000
249.658905496065,1008,1000
249.66890549384,1008,1000
249.67890549384,1008,1000
249.689119090855,1008,1000
249.69964849384,1008,1000
249.708905491582,1008,1000
249.720012491582,1008,1000
249.728905491582,1008,1000
249.739795695063,1008,1000
249.748905491582,1008,1000
249.759517491582,1008,1000
249.769949489324,1008,1000
249.778905489324,1008,1000
249.789213081856,1008,1000
249.799688489324,1008,1000
249.809799966975,1008,1000
249.819990487018,1008,1000
249.829594487018,1008,1000
249.839640314837,1008,1000
249.848905487018,1008,1000
249.859487353768,1008,1000
249.868905484712,1008,1000
249.879216552637,1008,1000
249.88929007268,1008,1000
249.898905484712,1008,1000
249.909841482375,1008,1000
249.918905482375,1008,1000
249.928905482375,1008,1000
249.939819482375,1008,1000
249.948905482375,1008,1000
249.958905482375,1008,1000
249.968905480038,1008,1000
249.979195063363,1008,1000
249.988905480038,1008,1000
249.998905480038,1008,1000
250.009281060995,1008,1000
250.02001247767,1008,1000
250.02890547767,1008,1000
250.03890547767,1008,1000
250.04890547767,1008,1000
250.05890547767,1008,1000
250.068905475302,1008,1000
250.078905475302,1008,1000
250.089411053922,1008,1000
250.098905475302,1008,1000
250.108905472883,1008,1000
250.118905472883,1008,1000
250.128905472883,1008,1000
250.138905472883,1008,1000
250.148905472883,1008,1000
250.158905472883,1008,1000
250.168905470464,1008,1000
250.178905470464,1008,1000
250.19002789905,1008,1000
250.198905470464,1008,1000
250.208905468017,1008,1000
250.218905468017,1008,1000
250.228905468017,1008,1000
250.238905468017,1008,1000
250.248905468017,1008,1000
250.259254039431,1008,1000
250.26890546557,1008,1000
250.27890546557,1008,1000
250.28890546557,1008,1000
250.301214554286,1008,1000
250.308905463093,1008,1000
250.318905463093,1008,1000
250.328905463093,1008,1000
250.338905463093,1008,1000
250.348905463093,1008,1000
250.358905463093,1008,1000
250.370079460616,1008,1000
250.378905460616,1008,1000
250.389990460616,1008,1000
250.398905460616,1008,1000
250.409855458116,1008,1000
250.418905458116,1008,1000
250.428905458116,1008,1000
250.439352019682,1008,1000
250.448905458116,1008,1000
250.459443019682,1008,1000
250.468905455616,1008,1000
250.479621669378,1008,1000
250.488905455616,1008,1000
250.498905455616,1008,1000
250.50890545308,1008,1000
250.51890545308,1008,1000
250.52890545308,1008,1000
250.53890545308,1008,1000
250.551918152725,1008,1000
250.55890545308,1008,1000
250.568905450544,1008,1000
250.579787450544,1008,1000
250.588905450544,1008,1000
250.598905450544,1008,1000
250.609598447961,1008,1000
250.619923056472,1008,1000
250.628905447961,1008,1000
250.638905447961,1008,1000
250.649104999455,1008,1000
250.659625447961,1008,1000
250.668905445378,1008,1000
250.678905445378,1008,1000
250.689391836371,1008,1000
250.698905445378,1008,1000
250.713396077564,1008,1000
250.719882336563,1008,1000
250.728905442774,1008,1000
250.738905442774,1008,1000
250.748905442774,1008,1000
250.758905442774,1008,1000
250.76890544017,1008,1000
250.779636983894,1008,1000
250.789091877683,1008,1000
250.79890544017,1008,1000
250.808905437527,1008,1000
250.818905437527,1008,1000
250.828905437527,1008,1000
250.839711437527,1008,1000
250.848905437527,1008,1000
250.858905437527,1008,1000
250.868905434884,1008,1000
250.879214557998,1008,1000
250.889652434884,1008,1000
250.90082852319,1008,1000
250.908905432202,1008,1000
250.919999432202,1008,1000
250.928905432202,1008,1000
250.939163687011,1008,1000
250.948905432202,1008,1000
250.958905432202,1008,1000
250.96890542952,1008,1000
250.97890542952,1008,1000
250.989262962672,1008,1000
250.99890542952,1008,1000
251.009612426801,1008,1000
251.018905426801,1008,1000
251.028905426801,1008,1000
251.038905426801,1008,1000
251.048905426801,1008,1000
251.059778426801,1008,1000
251.068905424082,1008,1000
251.078905424082,1008,1000
251.088905424082,1008,1000
251.098905424082,1008,1000
251.108905421317,1008,1000
251.119850421317,1008,1000
251.131543949068,1008,1000
251.138905421317,1008,1000
251.148905421317,1008,1000
251.158905421317,1008,1000
251.168905418552,1008,1000
251.18002789905,1008,1000
251.189149940819,1008,1000
251.198905418552,1008,1000
251.208905415768,1008,1000
251.218905415768,1008,1000
251.228905415768,1008,1000
251.238905415768,1008,1000
251.249215768472,1008,1000
251.258905415768,1008,1000
251.268905412984,1008,1000
251.278905412984,1008,1000
251.288905412984,1008,1000
251.298905412984,1008,1000
251.308905410158,1008,1000
251.318905410158,1008,1000
251.328905410158,1008,1000
251.338905410158,1008,1000
251.348905410158,1008,1000
251.358905410158,1008,1000
251.368905407332,1008,1000
251.378905407332,1008,1000
251.388905407332,1008,1000
251.398905407332,1008,1000
251.408905404486,1008,1000
251.418905404486,1008,1000
251.429936404486,1008,1000
251.438905404486,1008,1000
251.449553404486,1008,1000
251.459913404486,1008,1000
251.46890540164,1008,1000
251.47890540164,1008,1000
251.48890540164,1008,1000
251.499208907076,1008,1000
251.508905398768,1008,1000
251.519751398768,1008,1000
251.529239904204,1008,1000
251.538905398768,1008,1000
251.549399497618,1008,1000
251.558905398768,1008,1000
251.569873395896,1008,1000
251.578905395896,1008,1000
251.589113895614,1008,1000
251.598905395896,1008,1000
251.608905393003,1008,1000
251.618905393003,1008,1000
251.628905393003,1008,1000
251.639163889849,1008,1000
251.648905393003,1008,1000
251.658905393003,1008,1000
251.66890539011,1008,1000
251.67890539011,1008,1000
251.68890539011,1008,1000
251.702614200007,1008,1000
251.708905387178,1008,1000
251.719562387178,1008,1000
251.729909387178,1008,1000
251.738905387178,1008,1000
251.75002789905,1008,1000
251.759476371871,1008,1000
251.768905384246,1008,1000
251.77900845124,1008,1000
251.788905384246,1008,1000
251.799109872374,1008,1000
251.808905381278,1008,1000
251.820054869406,1008,1000
251.828905381278,1008,1000
251.840074026748,1008,1000
251.848905381278,1008,1000
251.858905381278,1008,1000
251.86890537831,1008,1000
251.87987737831,1008,1000
251.889327348666,1008,1000
251.89890537831,1008,1000
251.910197503044,1008,1000
251.918905375346,1008,1000
251.928905375346,1008,1000
251.94002789905,1008,1000
251.949239854606,1008,1000
251.958905375346,1008,1000
251.969859372382,1008,1000
251.979568976376,1008,1000
251.988905372382,1008,1000
251.999958372382,1008,1000
252.01002789905,1008,1000
252.018905369432,1008,1000
252.028905369432,1008,1000
252.041949460152,1008,1000
252.048905369432,1008,1000
252.058905369432,1008,1000
252.069167839814,1008,1000
252.080308130314,1008,1000
252.088905366482,1008,1000
252.098905366482,1008,1000
252.108905363561,1008,1000
252.118905363561,1008,1000
252.128905363561,1008,1000
252.139069357319,1008,1000
252.149706594825,1008,1000
252.158905363561,1008,1000
252.16890536064,1008,1000
252.17979636064,1008,1000
252.18890536064,1008,1000
252.19890536064,1008,1000
252.209778357742,1008,1000
252.218905357742,1008,1000
252.228905357742,1008,1000
252.238905357742,1008,1000
252.249194819332,1008,1000
252.259720357742,1008,1000
252.268905354844,1008,1000
252.279824813536,1008,1000
252.289909275934,1008,1000
252.298905354844,1008,1000
252.309765351961,1008,1000
252.318905351961,1008,1000
252.329307577263,1008,1000
252.338905351961,1008,1000
252.349759266447,1008,1000
252.359217728845,1008,1000
252.369583039698,1008,1000
252.379163801989,1008,1000
252.388905349078,1008,1000
252.399484723376,1008,1000
252.408905346194,1008,1000
252.419112713591,1008,1000
252.428905346194,1008,1000
252.438905346194,1008,1000
252.448905346194,1008,1000
252.458905346194,1008,1000
252.46890534331,1008,1000
252.47890534331,1008,1000
252.48890534331,1008,1000
252.49890534331,1008,1000
252.509291320044,1008,1000
252.519981340462,1008,1000
252.528905340462,1008,1000
252.538905340462,1008,1000
252.548905340462,1008,1000
252.558905340462,1008,1000
252.568905337614,1008,1000
252.578905337614,1008,1000
252.589244779026,1008,1000
252.598905337614,1008,1000
252.60890533477,1008,1000
252.61890533477,1008,1000
252.62890533477,1008,1000
252.63890533477,1008,1000
252.64890533477,1008,1000
252.65890533477,1008,1000
252.668905331926,1008,1000
252.678905331926,1008,1000
252.688905331926,1008,1000
252.698905331926,1008,1000
252.708905329097,1008,1000
252.719369000004,1008,1000
252.728905329097,1008,1000
252.738905329097,1008,1000
252.748905329097,1008,1000
252.758905329097,1008,1000
252.768905326268,1008,1000
252.778905326268,1008,1000
252.788905326268,1008,1000
252.798905326268,1008,1000
252.808905323451,1008,1000
252.818905323451,1008,1000
252.828905323451,1008,1000
252.838905323451,1008,1000
252.848905323451,1008,1000
252.858905323451,1008,1000
252.868905320634,1008,1000
252.879459320634,1008,1000
252.888905320634,1008,1000
252.898905320634,1008,1000
252.908905317853,1008,1000
252.918905317853,1008,1000
252.928905317853,1008,1000
252.938905317853,1008,1000
252.948905317853,1008,1000
252.958905317853,1008,1000
252.968905315072,1008,1000
252.979495315072,1008,1000
252.988905315072,1008,1000
252.998905315072,1008,1000
253.009537355005,1008,1000
253.018905312299,1008,1000
253.028905312299,1008,1000
253.039322072689,1008,1000
253.048905312299,1008,1000
253.059062238013,1008,1000
253.070700041051,1008,1000
253.078905309526,1008,1000
253.088905309526,1008,1000
253.098905309526,1008,1000
253.108905306776,1008,1000
253.118905306776,1008,1000
253.128905306776,1008,1000
253.140104138172,1008,1000
253.148905306776,1008,1000
253.158905306776,1008,1000
253.168905304026,1008,1000
253.178905304026,1008,1000
253.188905304026,1008,1000
253.198905304026,1008,1000
253.209448540402,1008,1000
253.21890530128,1008,1000
253.22890530128,1008,1000
253.23890530128,1008,1000
253.24890530128,1008,1000
253.25890530128,1008,1000
253.268905298534,1008,1000
253.278905298534,1008,1000
253.288905298534,1008,1000
253.299064069362,1008,1000
253.308905295819,1008,1000
253.318905295819,1008,1000
253.328905295819,1008,1000
253.339688295819,1008,1000
253.348905295819,1008,1000
253.358905295819,1008,1000
253.368905293104,1008,1000
253.379769293104,1008,1000
253.388905293104,1008,1000
253.398905293104,1008,1000
253.408905290401,1008,1000
253.420002269674,1008,1000
253.428905290401,1008,1000
253.438905290401,1008,1000
253.449212684455,1008,1000
253.458905290401,1008,1000
253.468905287698,1008,1000
253.481178381368,1008,1000
253.489202658322,1008,1000
253.498905287698,1008,1000
253.508905285012,1008,1000
253.518905285012,1008,1000
253.528905285012,1008,1000
253.538905285012,1008,1000
253.549219285012,1008,1000
253.558905285012,1008,1000
253.568905282326,1008,1000
253.578905282326,1008,1000
253.588905282326,1008,1000
253.598905282326,1008,1000
253.608905279674,1008,1000
253.619706279674,1008,1000
253.628905279674,1008,1000
253.638905279674,1008,1000
253.649491675096,1008,1000
253.658905279674,1008,1000
253.668905277022,1008,1000
253.680244425526,1008,1000
253.688905277022,1008,1000
253.699116129288,1008,1000
253.708905274379,1008,1000
253.718905274379,1008,1000
253.728905274379,1008,1000
253.739435123993,1008,1000
253.749624800855,1008,1000
253.758905274379,1008,1000
253.768905271736,1008,1000
253.779915647065,1008,1000
253.788993109848,1008,1000
253.798905271736,1008,1000
253.808905269115,1008,1000
253.818905269115,1008,1000
253.828905269115,1008,1000
253.838905269115,1008,1000
253.84935001713,1008,1000
253.858905269115,1008,1000
253.868905266494,1008,1000
253.878905266494,1008,1000
253.888905266494,1008,1000
253.898905266494,1008,1000
253.908905263903,1008,1000
253.918905263903,1008,1000
253.929661263903,1008,1000
253.938905263903,1008,1000
253.948905263903,1008,1000
253.958905263903,1008,1000
253.968905261312,1008,1000
253.978905261312,1008,1000
253.988905261312,1008,1000
253.999615705679,1008,1000
254.008905258745,1008,1000
254.018905258745,1008,1000
254.029666258745,1008,1000
254.039898427139,1008,1000
254.048905258745,1008,1000
254.058905258745,1008,1000
254.068905256178,1008,1000
254.078905256178,1008,1000
254.088905256178,1008,1000
254.098905256178,1008,1000
254.109363115226,1008,1000
254.118905253621,1008,1000
254.128905253621,1008,1000
254.139922253621,1008,1000
254.148905253621,1008,1000
254.158905253621,1008,1000
254.168905251064,1008,1000
254.178905251064,1008,1000
254.188905251064,1008,1000
254.198905251064,1008,1000
254.2093656031,1008,1000
254.218905248529,1008,1000
254.228905248529,1008,1000
254.238905248529,1008,1000
254.248905248529,1008,1000
254.258905248529,1008,1000
254.268905245994,1008,1000
254.278905245994,1008,1000
254.289427992339,1008,1000
254.298905245994,1008,1000
254.308905243465,1008,1000
254.319374776572,1008,1000
254.328905243465,1008,1000
254.338905243465,1008,1000
254.348905243465,1008,1000
254.360164777368,1008,1000
254.368905240936,1008,1000
254.378905240936,1008,1000
254.388905240936,1008,1000
254.398905240936,1008,1000
254.409489018407,1008,1000
254.418905238436,1008,1000
254.429576856519,1008,1000
254.438905238436,1008,1000
254.450523431083,1008,1000
254.458905238436,1008,1000
254.468905235936,1008,1000
254.478905235936,1008,1000
254.488905235936,1008,1000
254.498905235936,1008,1000
254.50890523347,1008,1000
254.519750765503,1008,1000
254.529373157829,1008,1000
254.53890523347,1008,1000
254.54890523347,1008,1000
254.55994023347,1008,1000
254.568905231004,1008,1000
254.578905231004,1008,1000
254.589212097457,1008,1000
254.598905231004,1008,1000
254.608905228553,1008,1000
254.618905228553,1008,1000
254.629203562973,1008,1000
254.638905228553,1008,1000
254.648905228553,1008,1000
254.658905228553,1008,1000
254.669531226102,1008,1000
254.678905226102,1008,1000
254.688905226102,1008,1000
254.698905226102,1008,1000
254.708905223675,1008,1000
254.718905223675,1008,1000
254.728905223675,1008,1000
254.738905223675,1008,1000
254.751199988306,1008,1000
254.758905223675,1008,1000
254.768905221248,1008,1000
254.778905221248,1008,1000
254.788905221248,1008,1000
254.798905221248,1008,1000
254.80890521884,1008,1000
254.821026310102,1008,1000
254.82890521884,1008,1000
254.83890521884,1008,1000
254.849590222742,1008,1000
254.85890521884,1008,1000
254.868905216432,1008,1000
254.878905216432,1008,1000
254.888905216432,1008,1000
254.898905216432,1008,1000
254.909913564177,1008,1000
254.918905214053,1008,1000
254.929265314706,1008,1000
254.938905214053,1008,1000
254.948905214053,1008,1000
254.95917613103,1008,1000
254.968905211674,1008,1000
254.979347876801,1008,1000
254.988905211674,1008,1000
254.998905211674,1008,1000
255.008905209309,1008,1000
255.018905209309,1008,1000
255.028905209309,1008,1000
255.038905209309,1008,1000
255.049517209309,1008,1000
255.058905209309,1008,1000
255.068905206944,1008,1000
255.078905206944,1008,1000
255.088905206944,1008,1000
255.098905206944,1008,1000
255.108905204606,1008,1000
255.118905204606,1008,1000
255.128905204606,1008,1000
255.138905204606,1008,1000
255.148905204606,1008,1000
255.158905204606,1008,1000
255.168905202268,1008,1000
255.178905202268,1008,1000
255.188905202268,1008,1000
255.198905202268,1008,1000
255.208905199956,1008,1000
255.218905199956,1008,1000
255.228905199956,1008,1000
255.238905199956,1008,1000
255.248905199956,1008,1000
255.259596900062,1008,1000
255.269949197644,1008,1000
255.278905197644,1008,1000
255.288905197644,1008,1000
255.298905197644,1008,1000
255.308905195348,1008,1000
255.318905195348,1008,1000
255.329389479085,1008,1000
255.339374493942,1008,1000
255.348905195348,1008,1000
255.358905195348,1008,1000
255.368905193052,1008,1000
255.378905193052,1008,1000
255.388905193052,1008,1000
255.398905193052,1008,1000
255.408905190777,1008,1000
255.419792190777,1008,1000
255.428905190777,1008,1000
255.438905190777,1008,1000
255.448905190777,1008,1000
255.458905190777,1008,1000
255.468905188502,1008,1000
255.478905188502,1008,1000
255.489244480229,1008,1000
255.498905188502,1008,1000
255.508905186246,1008,1000
255.518905186246,1008,1000
255.529832186246,1008,1000
255.538905186246,1008,1000
255.548905186246,1008,1000
255.559454186246,1008,1000
255.569390639767,1008,1000
255.57890518399,1008,1000
255.58890518399,1008,1000
255.599193486277,1008,1000
255.60890518177,1008,1000
255.619205847576,1008,1000
255.62890518177,1008,1000
255.63890518177,1008,1000
255.64890518177,1008,1000
255.65890518177,1008,1000
255.66890517955,1008,1000
255.67890517955,1008,1000
255.68890517955,1008,1000
255.69890517955,1008,1000
255.708905177348,1008,1000
255.719904177348,1008,1000
255.728905177348,1008,1000
255.738905177348,1008,1000
255.748905177348,1008,1000
255.759468177348,1008,1000
255.768905175146,1008,1000
255.778905175146,1008,1000
255.790252453444,1008,1000
255.798905175146,1008,1000
255.808905172961,1008,1000
255.818905172961,1008,1000
255.828905172961,1008,1000
255.838905172961,1008,1000
255.848905172961,1008,1000
255.860801264446,1008,1000
255.868905170776,1008,1000
255.878905170776,1008,1000
255.888905170776,1008,1000
255.898905170776,1008,1000
255.908905168612,1008,1000
255.918905168612,1008,1000
255.928905168612,1008,1000
255.938905168612,1008,1000
255.948905168612,1008,1000
255.958905168612,1008,1000
255.968905166448,1008,1000
255.978905166448,1008,1000
255.988905166448,1008,1000
255.998905166448,1008,1000
256.008905164319,1008,1000
256.018905164319,1008,1000
256.028905164319,1008,1000
256.038905164319,1008,1000
256.048905164319,1008,1000
256.058905164319,1008,1000
256.06890516219,1008,1000
256.07890516219,1008,1000
256.08890516219,1008,1000
256.09890516219,1008,1000
256.108905160088,1008,1000
256.118905160088,1008,1000
256.130054425357,1008,1000
256.139511522966,1008,1000
256.148905160088,1008,1000
256.158905160088,1008,1000
256.168905157986,1008,1000
256.178905157986,1008,1000
256.188905157986,1008,1000
256.199254684293,1008,1000
256.21000130667,1008,1000
256.219774155894,1008,1000
256.228905155894,1008,1000
256.239138840272,1008,1000
256.248905155894,1008,1000
256.259007912926,1008,1000
256.269317291651,1008,1000
256.279219561422,1008,1000
256.289172410646,1008,1000
256.298905153802,1008,1000
256.308905151742,1008,1000
256.318905151742,1008,1000
256.328905151742,1008,1000
256.338905151742,1008,1000
256.348905151742,1008,1000
256.358905151742,1008,1000
256.368905149682,1008,1000
256.378905149682,1008,1000
256.388905149682,1008,1000
256.398905149682,1008,1000
256.408905149778,1008,1000
256.418905149778,1008,1000
256.428905149778,1008,1000
256.438905149778,1008,1000
256.448905149778,1008,1000
256.458905149778,1008,1000
256.468905149874,1008,1000
256.478905149874,1008,1000
256.489450149874,1008,1000
256.498905149874,1008,1000
256.508905152193,1008,1000
256.518905152193,1008,1000
256.528905152193,1008,1000
256.538905152193,1008,1000
256.548905152193,1008,1000
256.558905152193,1008,1000
256.568905154512,1008,1000
256.578905154512,1008,1000
256.588905154512,1008,1000
256.598905154512,1008,1000
256.608905156847,1008,1000
256.618905156847,1008,1000
256.628905156847,1008,1000
256.638905156847,1008,1000
256.648905156847,1008,1000
256.658905156847,1008,1000
256.668905159182,1008,1000
256.678905159182,1008,1000
256.688905159182,1008,1000
256.698905159182,1008,1000
256.708905161536,1008,1000
256.718905161536,1008,1000
256.728905161536,1008,1000
256.738905161536,1008,1000
256.748905161536,1008,1000
256.758905161536,1008,1000
256.76890516389,1008,1000
256.77890516389,1008,1000
256.78890516389,1008,1000
256.79890516389,1008,1000
256.808905166258,1008,1000
256.818905166258,1008,1000
256.828905166258,1008,1000
256.838905166258,1008,1000
256.849335347907,1008,1000
256.859990166258,1008,1000
256.868905168626,1008,1000
256.878949216773,1008,1000
256.888905168626,1008,1000
256.89899879908,1008,1000
256.909589169251,1008,1000
256.919864169251,1008,1000
256.929280436459,1008,1000
256.938905169251,1008,1000
256.948905169251,1008,1000
256.958905169251,1008,1000
256.968905169876,1008,1000
256.978905169876,1008,1000
256.989235440077,1008,1000
256.998905169876,1008,1000
257.00890516944,1008,1000
257.01890516944,1008,1000
257.02890516944,1008,1000
257.03890516944,1008,1000
257.04890516944,1008,1000
257.05890516944,1008,1000
257.069630169004,1008,1000
257.079900169004,1008,1000
257.088905169004,1008,1000
257.098905169004,1008,1000
257.108905168599,1008,1000
257.118905168599,1008,1000
257.128905168599,1008,1000
257.138905168599,1008,1000
257.149181438553,1008,1000
257.158905168599,1008,1000
257.168905168194,1008,1000
257.178905168194,1008,1000
257.188905168194,1008,1000
257.198905168194,1008,1000
257.208905167818,1008,1000
257.218905167818,1008,1000
257.228905167818,1008,1000
257.238905167818,1008,1000
257.248905167818,1008,1000
257.258905167818,1008,1000
257.268905167442,1008,1000
257.278905167442,1008,1000
257.288905167442,1008,1000
257.298905167442,1008,1000
257.308905167257,1008,1000
257.318905167257,1008,1000
257.328905167257,1008,1000
257.338905167257,1008,1000
257.348905167257,1008,1000
257.359522167257,1008,1000
257.368905167072,1008,1000
257.378905167072,1008,1000
257.388905167072,1008,1000
257.398905167072,1008,1000
257.408905167228,1008,1000
257.418905167228,1008,1000
257.428905167228,1008,1000
257.440936261054,1008,1000
257.448905167228,1008,1000
257.458905167228,1008,1000
257.468905167384,1008,1000
257.478905167384,1008,1000
257.489217719869,1008,1000
257.498905167384,1008,1000
257.508905167571,1008,1000
257.518885585428,1008,1000
257.528905167571,1008,1000
257.538905167571,1008,1000
257.548905167571,1008,1000
257.558905167571,1008,1000
257.569787167758,1008,1000
257.578905167758,1008,1000
257.589172283949,1008,1000
257.598905167758,1008,1000
257.608905167976,1008,1000
257.618905167976,1008,1000
257.628905167976,1008,1000
257.639113436684,1008,1000
257.648905167976,1008,1000
257.658905167976,1008,1000
257.668905168194,1008,1000
257.678905168194,1008,1000
257.688905168194,1008,1000
257.699877168194,1008,1000
257.708905168445,1008,1000
257.718905168445,1008,1000
257.728905168445,1008,1000
257.738905168445,1008,1000
257.748905168445,1008,1000
257.758905168445,1008,1000
257.76908643784,1008,1000
257.778905168696,1008,1000
257.788905168696,1008,1000
257.798905168696,1008,1000
257.808905168975,1008,1000
257.818905168975,1008,1000
257.828905168975,1008,1000
257.838905168975,1008,1000
257.848905168975,1008,1000
257.858905168975,1008,1000
257.868905169254,1008,1000
257.878905169254,1008,1000
257.888905169254,1008,1000
257.898905169254,1008,1000
257.908905169565,1008,1000
257.918905169565,1008,1000
257.928905169565,1008,1000
257.938905169565,1008,1000
257.948905169565,1008,1000
257.958905169565,1008,1000
257.968905169876,1008,1000
257.978905169876,1008,1000
257.988905169876,1008,1000
257.998905169876,1008,1000
258.008905170218,1008,1000
258.018905170218,1008,1000
258.028905170218,1008,1000
258.038905170218,1008,1000
258.048905170218,1008,1000
258.058905170218,1008,1000
258.06890517056,1008,1000
258.07890517056,1008,1000
258.08890517056,1008,1000
258.09890517056,1008,1000
258.108905170933,1008,1000
258.118905170933,1008,1000
258.129073094095,1008,1000
258.138905170933,1008,1000
258.148905170933,1008,1000
258.159010956291,1008,1000
258.168905171306,1008,1000
258.179196809115,1008,1000
258.188905171306,1008,1000
258.198905171306,1008,1000
258.20890517171,1008,1000
258.21890517171,1008,1000
258.22890517171,1008,1000
258.23890517171,1008,1000
258.24890517171,1008,1000
258.25986817171,1008,1000
258.268905172114,1008,1000
258.278905172114,1008,1000
258.288905172114,1008,1000
258.298905172114,1008,1000
258.308905172563,1008,1000
258.318905172563,1008,1000
258.329149445223,1008,1000
258.338905172563,1008,1000
258.348905172563,1008,1000
258.358905172563,1008,1000
258.368905173012,1008,1000
258.378905173012,1008,1000
258.388905173012,1008,1000
258.398905173012,1008,1000
258.408905173583,1008,1000
258.418905173583,1008,1000
258.428905173583,1008,1000
258.438905173583,1008,1000
258.448905173583,1008,1000
258.458905173583,1008,1000
258.468905174154,1008,1000
258.478905174154,1008,1000
258.488905174154,1008,1000
258.499739575314,1008,1000
258.508905174758,1008,1000
258.518905174758,1008,1000
258.528905174758,1008,1000
258.539854755139,1008,1000
258.548905174758,1008,1000
258.558905174758,1008,1000
258.569209851626,1008,1000
258.578905175362,1008,1000
258.588905175362,1008,1000
258.598905175362,1008,1000
258.609073032086,1008,1000
258.618905175997,1008,1000
258.628905175997,1008,1000
258.638905175997,1008,1000
258.648905175997,1008,1000
258.658905175997,1008,1000
258.668905176632,1008,1000
258.678905176632,1008,1000
258.688905176632,1008,1000
258.698905176632,1008,1000
258.708905177298,1008,1000
258.719203817145,1008,1000
258.728905177298,1008,1000
258.738905177298,1008,1000
258.749783761856,1008,1000
258.758905177298,1008,1000
258.76899301541,1008,1000
258.778905177964,1008,1000
258.788905177964,1008,1000
258.798905177964,1008,1000
258.808905178656,1008,1000
258.81911804395,1008,1000
258.829522178656,1008,1000
258.839783178656,1008,1000
258.848905178656,1008,1000
258.858905178656,1008,1000
258.868905179348,1008,1000
258.878905179348,1008,1000
258.888905179348,1008,1000
258.898905179348,1008,1000
258.90904645968,1008,1000
258.918905180074,1008,1000
258.929620800417,1008,1000
258.938905180074,1008,1000
258.948905180074,1008,1000
258.958905180074,1008,1000
258.9689051808,1008,1000
258.9789051808,1008,1000
258.9899721808,1008,1000
258.9989051808,1008,1000
259.008905181555,1008,1000
259.019891181555,1008,1000
259.028905181555,1008,1000
259.038905181555,1008,1000
259.048905181555,1008,1000
259.059226463305,1008,1000
259.06890518231,1008,1000
259.07890518231,1008,1000
259.089325464815,1008,1000
259.09890518231,1008,1000
259.108905183093,1008,1000
259.118905183093,1008,1000
259.129954183093,1008,1000
259.138905183093,1008,1000
259.148905183093,1008,1000
259.158905183093,1008,1000
259.168905183876,1008,1000
259.178905183876,1008,1000
259.188905183876,1008,1000
259.199271467919,1008,1000
259.208905184689,1008,1000
259.218905184689,1008,1000
259.229976184689,1008,1000
259.239499184689,1008,1000
259.248905184689,1008,1000
259.258905184689,1008,1000
259.269064132867,1008,1000
259.278905185502,1008,1000
259.288905185502,1008,1000
259.299320471141,1008,1000
259.308905186342,1008,1000
259.318905186342,1008,1000
259.328905186342,1008,1000
259.339457761845,1008,1000
259.348905186342,1008,1000
259.358905186342,1008,1000
259.368905187182,1008,1000
259.378905187182,1008,1000
259.389693135554,1008,1000
259.398905187182,1008,1000
259.409587432655,1008,1000
259.418905188058,1008,1000
259.428905188058,1008,1000
259.438905188058,1008,1000
259.448905188058,1008,1000
259.458905188058,1008,1000
259.468905188934,1008,1000
259.478905188934,1008,1000
259.489580188934,1008,1000
259.498905188934,1008,1000
259.508905189866,1008,1000
259.518905189866,1008,1000
259.528905189866,1008,1000
259.539814189866,1008,1000
259.548905189866,1008,1000
259.558905189866,1008,1000
259.568905190798,1008,1000
259.578905190798,1008,1000
259.588905190798,1008,1000
259.598905190798,1008,1000
259.609248482568,1008,1000
259.618905191752,1008,1000
259.628905191752,1008,1000
259.638905191752,1008,1000
259.649913191752,1008,1000
259.658905191752,1008,1000
259.668905192706,1008,1000
259.679535192706,1008,1000
259.689738192706,1008,1000
259.698905192706,1008,1000
259.708905193691,1008,1000
259.719383486393,1008,1000
259.728905193691,1008,1000
259.738905193691,1008,1000
259.748905193691,1008,1000
259.759109487347,1008,1000
259.768905194676,1008,1000
259.778905194676,1008,1000
259.788905194676,1008,1000
259.798905194676,1008,1000
259.80890519569,1008,1000
259.81890519569,1008,1000
259.82890519569,1008,1000
259.83890519569,1008,1000
259.84890519569,1008,1000
259.85890519569,1008,1000
259.868905196704,1008,1000
259.878905196704,1008,1000
259.888905196704,1008,1000
259.898905196704,1008,1000
259.90890519775,1008,1000
259.91890519775,1008,1000
259.92890519775,1008,1000
259.939281886728,1008,1000
259.94890519775,1008,1000
259.95890519775,1008,1000
259.968905198796,1008,1000
259.978905198796,1008,1000
259.989999198796,1008,1000
259.998905198796,1008,1000
260.009603199872,1008,1000
260.018905199872,1008,1000
260.030810294618,1008,1000
260.038905199872,1008,1000
260.048905199872,1008,1000
260.059336085531,1008,1000
260.068905200948,1008,1000
260.078905200948,1008,1000
260.088905200948,1008,1000
260.098905200948,1008,1000
260.108905202049,1008,1000
260.118905202049,1008,1000
260.128905202049,1008,1000
260.138905202049,1008,1000
260.148905202049,1008,1000
260.158905202049,1008,1000
260.16890520315,1008,1000
260.17890520315,1008,1000
260.18890520315,1008,1000
260.19890520315,1008,1000
260.208914576645,1008,1000
260.218905204285,1008,1000
260.228905204285,1008,1000
260.238905204285,1008,1000
260.249141992248,1008,1000
260.259540204285,1008,1000
260.26890520542,1008,1000
260.27963020542,1008,1000
260.28890520542,1008,1000
260.29961220542,1008,1000
260.308971259506,1008,1000
260.318905206578,1008,1000
260.328905206578,1008,1000
260.338905206578,1008,1000
260.348905206578,1008,1000
260.358905206578,1008,1000
260.369891207736,1008,1000
260.379454207736,1008,1000
260.389760207736,1008,1000
260.398905207736,1008,1000
260.40890520892,1008,1000
260.41890520892,1008,1000
260.42890520892,1008,1000
260.439280517606,1008,1000
260.44890520892,1008,1000
260.459203517606,1008,1000
260.468905210104,1008,1000
260.478905210104,1008,1000
260.488905210104,1008,1000
260.498905210104,1008,1000
260.508905211323,1008,1000
260.518905211323,1008,1000
260.528905211323,1008,1000
260.538905211323,1008,1000
260.548905211323,1008,1000
260.558905211323,1008,1000
260.571567306212,1008,1000
260.578905212542,1008,1000
260.588905212542,1008,1000
260.598905212542,1008,1000
260.608905213789,1008,1000
260.618905213789,1008,1000
260.628905213789,1008,1000
260.638905213789,1008,1000
260.648905213789,1008,1000
260.658905213789,1008,1000
260.669583887659,1008,1000
260.678905215036,1008,1000
260.688962939431,1008,1000
260.698905215036,1008,1000
260.709877216311,1008,1000
260.719895216311,1008,1000
260.728905216311,1008,1000
260.738905216311,1008,1000
260.748905216311,1008,1000
260.758905216311,1008,1000
260.768905217586,1008,1000
260.779140534847,1008,1000
260.789257534847,1008,1000
260.798905217586,1008,1000
260.808905218883,1008,1000
260.818905218883,1008,1000
260.828905218883,1008,1000
260.838905218883,1008,1000
260.848905218883,1008,1000
260.859652218883,1008,1000
260.86890522018,1008,1000
260.879972327814,1008,1000
260.88890522018,1008,1000
260.89890522018,1008,1000
260.908905221507,1008,1000
260.918905221507,1008,1000
260.929643221507,1008,1000
260.940003221507,1008,1000
260.949325650271,1008,1000
260.958905221507,1008,1000
260.968905222834,1008,1000
260.978905222834,1008,1000
260.988905222834,1008,1000
260.998905222834,1008,1000
261.009221546649,1008,1000
261.018905224192,1008,1000
261.028905224192,1008,1000
261.038905224192,1008,1000
261.048905224192,1008,1000
261.058905224192,1008,1000
261.06890522555,1008,1000
261.07890522555,1008,1000
261.089416970862,1008,1000
261.09969722555,1008,1000
261.108905226928,1008,1000
261.118905226928,1008,1000
261.128905226928,1008,1000
261.138905226928,1008,1000
261.149643226928,1008,1000
261.158905226928,1008,1000
261.168905228306,1008,1000
261.178905228306,1008,1000
261.188905228306,1008,1000
261.198905228306,1008,1000
261.208905229721,1008,1000
261.218905229721,1008,1000
261.229659980525,1008,1000
261.238905229721,1008,1000
261.248905229721,1008,1000
261.258905229721,1008,1000
261.268905231136,1008,1000
261.279636463178,1008,1000
261.288905231136,1008,1000
261.298905231136,1008,1000
261.309565266229,1008,1000
261.319729232567,1008,1000
261.328905232567,1008,1000
261.338905232567,1008,1000
261.348905232567,1008,1000
261.358905232567,1008,1000
261.369801233998,1008,1000
261.378905233998,1008,1000
261.38990149519,1008,1000
261.398905233998,1008,1000
261.408905235466,1008,1000
261.418905235466,1008,1000
261.428905235466,1008,1000
261.439235570414,1008,1000
261.448905235466,1008,1000
261.459128831606,1008,1000
261.468905236934,1008,1000
261.479513236934,1008,1000
261.488905236934,1008,1000
261.498905236934,1008,1000
261.508905238414,1008,1000
261.518905238414,1008,1000
261.529096630131,1008,1000
261.538905238414,1008,1000
261.548905238414,1008,1000
261.558905238414,1008,1000
261.568905239894,1008,1000
261.578905239894,1008,1000
261.590012239894,1008,1000
261.598905239894,1008,1000
261.608905241393,1008,1000
261.618905241393,1008,1000
261.630232495684,1008,1000
261.638905241393,1008,1000
261.649972241393,1008,1000
261.659302582237,1008,1000
261.668905242892,1008,1000
261.678905242892,1008,1000
261.689490242892,1008,1000
261.699513839526,1008,1000
261.708905244413,1008,1000
261.719835911307,1008,1000
261.728905244413,1008,1000
261.738905244413,1008,1000
261.748905244413,1008,1000
261.758905244413,1008,1000
261.768905245934,1008,1000
261.779616245934,1008,1000
261.789081258191,1008,1000
261.798905245934,1008,1000
261.808905247481,1008,1000
261.818905247481,1008,1000
261.828905247481,1008,1000
261.838905247481,1008,1000
261.848905247481,1008,1000
261.858905247481,1008,1000
261.868905249028,1008,1000
261.878905249028,1008,1000
261.888905249028,1008,1000
261.898905249028,1008,1000
261.908905250606,1008,1000
261.919482860683,1008,1000
261.928905250606,1008,1000
261.940918345854,1008,1000
261.949483644411,1008,1000
261.959859250606,1008,1000
261.968905252184,1008,1000
261.978905252184,1008,1000
261.988905252184,1008,1000
261.999549260531,1008,1000
262.009900253778,1008,1000
262.018905253778,1008,1000
262.029302605334,1008,1000
262.038905253778,1008,1000
262.048905253778,1008,1000
262.058905253778,1008,1000
262.068905255372,1008,1000
262.0792446101,1008,1000
262.088905255372,1008,1000
262.098905255372,1008,1000
262.108905256995,1008,1000
262.118905256995,1008,1000
262.128905256995,1008,1000
262.138905256995,1008,1000
262.148905256995,1008,1000
262.158905256995,1008,1000
262.168905258618,1008,1000
262.178905258618,1008,1000
262.188905258618,1008,1000
262.198905258618,1008,1000
262.209688260273,1008,1000
262.218905260273,1008,1000
262.228905260273,1008,1000
262.238905260273,1008,1000
262.248905260273,1008,1000
262.258905260273,1008,1000
262.268905261928,1008,1000
262.278905261928,1008,1000
262.288905261928,1008,1000
262.299679261928,1008,1000
262.308905263605,1008,1000
262.318905263605,1008,1000
262.328905263605,1008,1000
262.338905263605,1008,1000
262.348905263605,1008,1000
262.358905263605,1008,1000
262.370003126251,1008,1000
262.379886265282,1008,1000
262.388905265282,1008,1000
262.398905265282,1008,1000
262.408905266989,1008,1000
262.418905266989,1008,1000
262.428905266989,1008,1000
262.43942849419,1008,1000
262.449257633221,1008,1000
262.458905266989,1008,1000
262.468905268696,1008,1000
262.478905268696,1008,1000
262.488905268696,1008,1000
262.498905268696,1008,1000
262.508905270425,1008,1000
262.518905270425,1008,1000
262.528905270425,1008,1000
262.538905270425,1008,1000
262.550948270425,1008,1000
262.559581259425,1008,1000
262.568905272154,1008,1000
262.578905272154,1008,1000
262.591348490259,1008,1000
262.599508272154,1008,1000
262.608905273899,1008,1000
262.618905273899,1008,1000
262.628905273899,1008,1000
262.638905273899,1008,1000
262.648905273899,1008,1000
262.659443398334,1008,1000
262.668905275644,1008,1000
262.678905275644,1008,1000
262.688905275644,1008,1000
262.700210277427,1008,1000
262.709648277427,1008,1000
262.718905277427,1008,1000
262.728905277427,1008,1000
262.738905277427,1008,1000
262.748905277427,1008,1000
262.758905277427,1008,1000
262.769581657587,1008,1000
262.77890527921,1008,1000
262.79119637288,1008,1000
262.799096441685,1008,1000
262.808905281011,1008,1000
262.818905281011,1008,1000
262.830909376482,1008,1000
262.838905281011,1008,1000
262.848905281011,1008,1000
262.859219281011,1008,1000
262.868905282812,1008,1000
262.878905282812,1008,1000
262.888905282812,1008,1000
262.898905282812,1008,1000
262.90970228464,1008,1000
262.919573216598,1008,1000
262.92890528464,1008,1000
262.93890528464,1008,1000
262.94890528464,1008,1000
262.95890528464,1008,1000
262.969513286468,1008,1000
262.978905286468,1008,1000
262.988905286468,1008,1000
262.998905286468,1008,1000
263.008905288326,1008,1000
263.020437063149,1008,1000
263.028905288326,1008,1000
263.038905288326,1008,1000
263.05002789905,1008,1000
263.058905288326,1008,1000
263.069022032676,1008,1000
263.078905290184,1008,1000
263.089817454283,1008,1000
263.098905290184,1008,1000
263.108905292055,1008,1000
263.119478681331,1008,1000
263.128905292055,1008,1000
263.138905292055,1008,1000
263.148905292055,1008,1000
263.159125847288,1008,1000
263.168905293926,1008,1000
263.178905293926,1008,1000
263.188905293926,1008,1000
263.201214391394,1008,1000
263.208905295825,1008,1000
263.219463295825,1008,1000
263.229257405359,1008,1000
263.238905295825,1008,1000
263.248905295825,1008,1000
263.258905295825,1008,1000
263.269219297724,1008,1000
263.278905297724,1008,1000
263.288905297724,1008,1000
263.298905297724,1008,1000
263.308905299651,1008,1000
263.319769442792,1008,1000
263.328905299651,1008,1000
263.338905299651,1008,1000
263.348905299651,1008,1000
263.358905299651,1008,1000
263.368905301578,1008,1000
263.378905301578,1008,1000
263.38991484532,1008,1000
263.398905301578,1008,1000
263.408905303513,1008,1000
263.418905303513,1008,1000
263.428905303513,1008,1000
263.438905303513,1008,1000
263.448905303513,1008,1000
263.459340249783,1008,1000
263.468905305448,1008,1000
263.478905305448,1008,1000
263.488905305448,1008,1000
263.499396199993,1008,1000
263.509363211938,1008,1000
263.518905307407,1008,1000
263.528905307407,1008,1000
263.538905307407,1008,1000
263.548905307407,1008,1000
263.558905307407,1008,1000
263.569792309366,1008,1000
263.579967309366,1008,1000
263.588905309366,1008,1000
263.598905309366,1008,1000
263.608905311349,1008,1000
263.618905311349,1008,1000
263.628905311349,1008,1000
263.639226721665,1008,1000
263.649568182099,1008,1000
263.658905311349,1008,1000
263.668905313332,1008,1000
263.679888269895,1008,1000
263.688905313332,1008,1000
263.699697313332,1008,1000
263.708905315335,1008,1000
263.718905315335,1008,1000
263.728905315335,1008,1000
263.738905315335,1008,1000
263.74923268618,1008,1000
263.758905315335,1008,1000
263.768905317338,1008,1000
263.779976317338,1008,1000
263.791475411008,1008,1000
263.800085737258,1008,1000
263.808905319372,1008,1000
263.819603319372,1008,1000
263.828905319372,1008,1000
263.839517070871,1008,1000
263.84942873766,1008,1000
263.859219319372,1008,1000
263.869274786289,1008,1000
263.878905321406,1008,1000
263.889715257754,1008,1000
263.898905321406,1008,1000
263.909657323464,1008,1000
263.921035419192,1008,1000
263.928905323464,1008,1000
263.938912896496,1008,1000
263.948905323464,1008,1000
263.958960682168,1008,1000
263.968905325522,1008,1000
263.978905325522,1008,1000
263.988905325522,1008,1000
263.998905325522,1008,1000
264.010954423358,1008,1000
264.018905327605,1008,1000
264.028905327605,1008,1000
264.038905327605,1008,1000
264.049645265284,1008,1000
264.058905327605,1008,1000
264.068905329688,1008,1000
264.078905329688,1008,1000
264.088905329688,1008,1000
264.098905329688,1008,1000
264.108905331785,1008,1000
264.118905331785,1008,1000
264.128905331785,1008,1000
264.138905331785,1008,1000
264.149210785197,1008,1000
264.159507286731,1008,1000
264.169729333882,1008,1000
264.178905333882,1008,1000
264.189841333882,1008,1000
264.199176066314,1008,1000
264.208905336012,1008,1000
264.218905336012,1008,1000
264.228905336012,1008,1000
264.239020985172,1008,1000
264.248905336012,1008,1000
264.259068770844,1008,1000
264.269257033908,1008,1000
264.278905338142,1008,1000
264.288905338142,1008,1000
264.298905338142,1008,1000
264.308905340288,1008,1000
264.318905340288,1008,1000
264.328905340288,1008,1000
264.338905340288,1008,1000
264.348905340288,1008,1000
264.358905340288,1008,1000
264.368905342434,1008,1000
264.378905342434,1008,1000
264.388905342434,1008,1000
264.398905342434,1008,1000
264.408905344597,1008,1000
264.419760344597,1008,1000
264.428905344597,1008,1000
264.438905344597,1008,1000
264.448905344597,1008,1000
264.46009556448,1008,1000
264.46890534676,1008,1000
264.479309482059,1008,1000
264.488993184872,1008,1000
264.49890534676,1008,1000
264.509193170245,1008,1000
264.51890534895,1008,1000
264.52948501438,1008,1000
264.53890534895,1008,1000
264.549722473339,1008,1000
264.55890534895,1008,1000
264.56890535114,1008,1000
264.58002789905,1008,1000
264.58890535114,1008,1000
264.59890535114,1008,1000
264.608905353349,1008,1000
264.618931927638,1008,1000
264.628905353349,1008,1000
264.638905353349,1008,1000
264.653070031083,1008,1000
264.658905353349,1008,1000
264.668905355558,1008,1000
264.678905355558,1008,1000
264.689668934324,1008,1000
264.698905355558,1008,1000
264.708905357796,1008,1000
264.718905357796,1008,1000
264.728905357796,1008,1000
264.738905357796,1008,1000
264.749459357796,1008,1000
264.758905357796,1008,1000
264.769679360034,1008,1000
264.778905360034,1008,1000
264.792240453704,1008,1000
264.798905360034,1008,1000
264.808905362281,1008,1000
264.818905362281,1008,1000
264.828905362281,1008,1000
264.840487705996,1008,1000
264.848905362281,1008,1000
264.859219362281,1008,1000
264.868905364528,1008,1000
264.878905364528,1008,1000
264.888905364528,1008,1000
264.898905364528,1008,1000
264.909760173739,1008,1000
264.918905366793,1008,1000
264.928905366793,1008,1000
264.938905366793,1008,1000
264.949864366793,1008,1000
264.959873366793,1008,1000
264.968905369058,1008,1000
264.979149643747,1008,1000
264.988905369058,1008,1000
264.998905369058,1008,1000
265.008905371351,1008,1000
265.019199839094,1008,1000
265.029280839094,1008,1000
265.038905371351,1008,1000
265.048905371351,1008,1000
265.058905371351,1008,1000
265.068905373644,1008,1000
265.078905373644,1008,1000
265.088905373644,1008,1000
265.098905373644,1008,1000
265.108905375953,1008,1000
265.119434893783,1008,1000
265.129354416518,1008,1000
265.138905375953,1008,1000
265.149012552895,1008,1000
265.158905375953,1008,1000
265.168905378262,1008,1000
265.178905378262,1008,1000
265.188905378262,1008,1000
265.198905378262,1008,1000
265.208905380594,1008,1000
265.218905380594,1008,1000
265.229837380594,1008,1000
265.238909790194,1008,1000
265.251293790192,1008,1000
265.258909790194,1008,1000
265.27007184462,1008,1000
265.279867792525,1008,1000
265.288909792526,1008,1000
265.29929427407,1008,1000
265.309202336191,1008,1000
265.318909794888,1008,1000
265.328909794888,1008,1000
265.339402740458,1008,1000
265.349099688363,1008,1000
265.358909794888,1008,1000
265.369921797249,1008,1000
265.37890538765,1008,1000
265.39055738765,1008,1000
265.39951338765,1008,1000
265.40890539002,1008,1000
265.41890539002,1008,1000
265.42890539002,1008,1000
265.439950288219,1008,1000
265.44890539002,1008,1000
265.45978487862,1008,1000
265.46890539239,1008,1000
265.47890539239,1008,1000
265.48890539239,1008,1000
265.49890539239,1008,1000
265.509411783957,1008,1000
265.519579472768,1008,1000
265.529075374358,1008,1000
265.539490394788,1008,1000
265.549666394788,1008,1000
265.558905394788,1008,1000
265.568905397186,1008,1000
265.578905397186,1008,1000
265.589841397186,1008,1000
265.599904397186,1008,1000
265.608905399585,1008,1000
265.618905399585,1008,1000
265.628905399585,1008,1000
265.638905399585,1008,1000
265.648905399585,1008,1000
265.659185897721,1008,1000
265.66932090012,1008,1000
265.679520487876,1008,1000
265.688905401984,1008,1000
265.698905401984,1008,1000
265.708905404415,1008,1000
265.718905404415,1008,1000
265.729499404415,1008,1000
265.739767369423,1008,1000
265.749697404415,1008,1000
265.759119305504,1008,1000
265.768905406846,1008,1000
265.778905406846,1008,1000
265.789155936276,1008,1000
265.799624270803,1008,1000
265.809228879662,1008,1000
265.818905409289,1008,1000
265.828905409289,1008,1000
265.838905409289,1008,1000
265.848905409289,1008,1000
265.858905409289,1008,1000
265.868905411732,1008,1000
265.879603411732,1008,1000
265.888905411732,1008,1000
265.898905411732,1008,1000
265.908905414201,1008,1000
265.918905414201,1008,1000
265.929580414201,1008,1000
265.938905414201,1008,1000
265.95002789905,1008,1000
265.958905414201,1008,1000
265.969548081721,1008,1000
265.98117851034,1008,1000
265.98890541667,1008,1000
265.99890541667,1008,1000
266.009684419166,1008,1000
266.019342307965,1008,1000
266.028905419166,1008,1000
266.038905419166,1008,1000
266.049219419166,1008,1000
266.058905419166,1008,1000
266.069458050847,1008,1000
266.079796831262,1008,1000
266.088909831262,1008,1000
266.098909831262,1008,1000
266.109903833775,1008,1000
266.118909833776,1008,1000
266.128909833776,1008,1000
266.14002789905,1008,1000
266.149744765988,1008,1000
266.158909833776,1008,1000
266.16890983629,1008,1000
266.179171771015,1008,1000
266.18892338252,1008,1000
266.20104874636,1008,1000
266.209212363933,1008,1000
266.220936525396,1008,1000
266.228905429208,1008,1000
266.238905429208,1008,1000
266.250008429208,1008,1000
266.258905429208,1008,1000
266.271784905382,1008,1000
266.278905431726,1008,1000
266.288905431726,1008,1000
266.298905431726,1008,1000
266.308905434266,1008,1000
266.319235964424,1008,1000
266.328905434266,1008,1000
266.339841434266,1008,1000
266.348905434266,1008,1000
266.359693434266,1008,1000
266.368905436806,1008,1000
266.378905436806,1008,1000
266.389958436806,1008,1000
266.399226724395,1008,1000
266.409149974585,1008,1000
266.418905439369,1008,1000
266.428993322908,1008,1000
266.441299439369,1008,1000
266.448905439369,1008,1000
266.459302977125,1008,1000
266.471028441932,1008,1000
266.478905441932,1008,1000
266.488905441932,1008,1000
266.498905441932,1008,1000
266.508905444501,1008,1000
266.518905444501,1008,1000
266.528905444501,1008,1000
266.54083754074,1008,1000
266.548905444501,1008,1000
266.559307987383,1008,1000
266.56890544707,1008,1000
266.579218723828,1008,1000
266.58890544707,1008,1000
266.59890544707,1008,1000
266.608905449662,1008,1000
266.619576449662,1008,1000
266.628905449662,1008,1000
266.638905449662,1008,1000
266.649544449662,1008,1000
266.659571449662,1008,1000
266.668905452254,1008,1000
266.678905452254,1008,1000
266.688905452254,1008,1000
266.698905452254,1008,1000
266.709486454865,1008,1000
266.718905454865,1008,1000
266.728905454865,1008,1000
266.738905454865,1008,1000
266.748905454865,1008,1000
266.758905454865,1008,1000
266.768905457476,1008,1000
266.781341551146,1008,1000
266.789837457476,1008,1000
266.799769457476,1008,1000
266.808905460113,1008,1000
266.819913524659,1008,1000
266.828905460113,1008,1000
266.84120955642,1008,1000
266.848905460113,1008,1000
266.859029018539,1008,1000
266.870073021176,1008,1000
266.87985946275,1008,1000
266.889276088359,1008,1000
266.89891028195,1008,1000
266.909224284587,1008,1000
266.918910284587,1008,1000
266.928910284587,1008,1000
266.939269406713,1008,1000
266.950103848286,1008,1000
266.958910284587,1008,1000
266.968910287224,1008,1000
266.981573287222,1008,1000
266.988910287224,1008,1000
266.998910287224,1008,1000
267.009517289901,1008,1000
267.019739140868,1008,1000
267.029548518883,1008,1000
267.039154142989,1008,1000
267.048905470702,1008,1000
267.058905470702,1008,1000
267.068884707721,1008,1000
267.07890786907,1008,1000
267.089101715198,1008,1000
267.09890547338,1008,1000
267.108905476078,1008,1000
267.119729476078,1008,1000
267.128905476078,1008,1000
267.138905476078,1008,1000
267.148905476078,1008,1000
267.158905476078,1008,1000
267.168905478776,1008,1000
267.18002789905,1008,1000
267.189128055804,1008,1000
267.198905478776,1008,1000
267.208905481485,1008,1000
267.219814481485,1008,1000
267.230927577864,1008,1000
267.238905481485,1008,1000
267.249344061211,1008,1000
267.258905481485,1008,1000
267.268905484194,1008,1000
267.278905484194,1008,1000
267.289231066629,1008,1000
267.298905484194,1008,1000
267.309738486907,1008,1000
267.319350649068,1008,1000
267.329976486907,1008,1000
267.338905486907,1008,1000
267.348905486907,1008,1000
267.358905486907,1008,1000
267.36890548962,1008,1000
267.379614077477,1008,1000
267.38890548962,1008,1000
267.399429077477,1008,1000
267.408905492349,1008,1000
267.419765492349,1008,1000
267.428905492349,1008,1000
267.438905492349,1008,1000
267.448905492349,1008,1000
267.458905492349,1008,1000
267.470260495078,1008,1000
267.478905495078,1008,1000
267.489110088377,1008,1000
267.500846594256,1008,1000
267.508905497832,1008,1000
267.518905497832,1008,1000
267.531124594256,1008,1000
267.540810594256,1008,1000
267.548905497832,1008,1000
267.559937376857,1008,1000
267.568905500586,1008,1000
267.579245099368,1008,1000
267.589859500586,1008,1000
267.599219500586,1008,1000
267.608905503368,1008,1000
267.618905503368,1008,1000
267.629245981175,1008,1000
267.638905503368,1008,1000
267.649670503368,1008,1000
267.659576526342,1008,1000
267.66890550615,1008,1000
267.678946566589,1008,1000
267.68890550615,1008,1000
267.69890550615,1008,1000
267.71002789905,1008,1000
267.718905508951,1008,1000
267.730864605422,1008,1000
267.739045170806,1008,1000
267.74944987726,1008,1000
267.759684508951,1008,1000
267.768905511752,1008,1000
267.779214708698,1008,1000
267.788905511752,1008,1000
267.798905511752,1008,1000
267.808905514549,1008,1000
267.819958514549,1008,1000
267.828905514549,1008,1000
267.838905514549,1008,1000
267.848905514549,1008,1000
267.858905514549,1008,1000
267.868905517346,1008,1000
267.878905517346,1008,1000
267.890037132845,1008,1000
267.898905517346,1008,1000
267.908905520171,1008,1000
267.918905520171,1008,1000
267.929913520171,1008,1000
267.938905520171,1008,1000
267.948905520171,1008,1000
267.959237753966,1008,1000
267.969318733039,1008,1000
267.978905522996,1008,1000
267.988905522996,1008,1000
267.999231144117,1008,1000
268.00890552584,1008,1000
268.01890552584,1008,1000
268.02890552584,1008,1000
268.03890552584,1008,1000
268.04890552584,1008,1000
268.05890552584,1008,1000
268.068905528684,1008,1000
268.078905528684,1008,1000
268.089589528684,1008,1000
268.100031282929,1008,1000
268.108905531527,1008,1000
268.118905531527,1008,1000
268.128905531527,1008,1000
268.138905531527,1008,1000
268.148905531527,1008,1000
268.158905531527,1008,1000
268.170122918249,1008,1000
268.17890553437,1008,1000
268.18890553437,1008,1000
268.19947753437,1008,1000
268.209904537235,1008,1000
268.218905537235,1008,1000
268.229761227852,1008,1000
268.239566556434,1008,1000
268.248905537235,1008,1000
268.258905537235,1008,1000
268.2689055401,1008,1000
268.279330178285,1008,1000
268.289453913005,1008,1000
268.299737912406,1008,1000
268.308905542991,1008,1000
268.319886542991,1008,1000
268.331209542991,1008,1000
268.338905542991,1008,1000
268.348905542991,1008,1000
268.358905542991,1008,1000
268.369028559238,1008,1000
268.379540545882,1008,1000
268.390842189823,1008,1000
268.398905545882,1008,1000
268.408905548769,1008,1000
268.419684548769,1008,1000
268.429774548769,1008,1000
268.438905548769,1008,1000
268.448905548769,1008,1000
268.458905548769,1008,1000
268.468905551656,1008,1000
268.479981551656,1008,1000
268.489819551656,1008,1000
268.499056201375,1008,1000
268.50890555457,1008,1000
268.51890555457,1008,1000
268.52890555457,1008,1000
268.53890555457,1008,1000
268.550078207176,1008,1000
268.559164207176,1008,1000
268.569878344958,1008,1000
268.578905557484,1008,1000
268.588905557484,1008,1000
268.598905557484,1008,1000
268.608905560397,1008,1000
268.619332868523,1008,1000
268.628905560397,1008,1000
268.639322006305,1008,1000
268.648905560397,1008,1000
268.661008264767,1008,1000
268.66969356331,1008,1000
268.67982356331,1008,1000
268.68890556331,1008,1000
268.69890556331,1008,1000
268.708905566239,1008,1000
268.718905566239,1008,1000
268.728905566239,1008,1000
268.738905566239,1008,1000
268.750100230499,1008,1000
268.758905566239,1008,1000
268.768905569168,1008,1000
268.778905569168,1008,1000
268.788905569168,1008,1000
268.798905569168,1008,1000
268.808905572129,1008,1000
268.821586903578,1008,1000
268.829720572129,1008,1000
268.838905572129,1008,1000
268.848905572129,1008,1000
268.860512572129,1008,1000
268.86890557509,1008,1000
268.87988657509,1008,1000
268.88890557509,1008,1000
268.898966248169,1008,1000
268.908905578042,1008,1000
268.918905578042,1008,1000
268.929938251121,1008,1000
268.939629301942,1008,1000
268.949150254082,1008,1000
268.959391023792,1008,1000
268.969571580994,1008,1000
268.978905580994,1008,1000
268.988905580994,1008,1000
268.999255933065,1008,1000
269.008905583976,1008,1000
269.019522583976,1008,1000
269.028905583976,1008,1000
269.038905583976,1008,1000
269.048909605217,1008,1000
269.058905583976,1008,1000
269.071035680628,1008,1000
269.078905586958,1008,1000
269.088905586958,1008,1000
269.099553586958,1008,1000
269.110150926784,1008,1000
269.118905589946,1008,1000
269.128905589946,1008,1000
269.138905589946,1008,1000
269.148905589946,1008,1000
269.159675589946,1008,1000
269.168905592934,1008,1000
269.179414620668,1008,1000
269.188905592934,1008,1000
269.199562592934,1008,1000
269.20890559594,1008,1000
269.21890559594,1008,1000
269.22890559594,1008,1000
269.23890559594,1008,1000
269.24890559594,1008,1000
269.25890559594,1008,1000
269.268905598946,1008,1000
269.280039360158,1008,1000
269.288905598946,1008,1000
269.298905598946,1008,1000
269.308905601959,1008,1000
269.318905601959,1008,1000
269.328905601959,1008,1000
269.338905601959,1008,1000
269.349456063067,1008,1000
269.358905601959,1008,1000
269.368905604972,1008,1000
269.381369907065,1008,1000
269.388905604972,1008,1000
269.398905604972,1008,1000
269.408905607996,1008,1000
269.418905607996,1008,1000
269.431158104947,1008,1000
269.438905607996,1008,1000
269.449428816419,1008,1000
269.458905607996,1008,1000
269.46890561102,1008,1000
269.47890561102,1008,1000
269.48890561102,1008,1000
269.499127011277,1008,1000
269.508905614055,1008,1000
269.518905614055,1008,1000
269.528905614055,1008,1000
269.538905614055,1008,1000
269.548905614055,1008,1000
269.560521614055,1008,1000
269.56890561709,1008,1000
269.58002789905,1008,1000
269.58890561709,1008,1000
269.59991361709,1008,1000
269.609780538796,1008,1000
269.619688620134,1008,1000
269.629740335139,1008,1000
269.638905620134,1008,1000
269.649213338174,1008,1000
269.660012620134,1008,1000
269.669321341218,1008,1000
269.679935262924,1008,1000
269.688905623178,1008,1000
269.699121059267,1008,1000
269.708905626237,1008,1000
269.721890722966,1008,1000
269.729429347321,1008,1000
269.740786626237,1008,1000
269.750962990111,1008,1000
269.758905626237,1008,1000
269.768905629296,1008,1000
269.782458658891,1008,1000
269.789823629296,1008,1000
269.798905629296,1008,1000
269.808905632376,1008,1000
269.818905632376,1008,1000
269.828905632376,1008,1000
269.838905632376,1008,1000
269.849734568301,1008,1000
269.859249362622,1008,1000
269.869823635456,1008,1000
269.878905635456,1008,1000
269.888905635456,1008,1000
269.901349735324,1008,1000
269.908905638555,1008,1000
269.919682307806,1008,1000
269.928905638555,1008,1000
269.940325374961,1008,1000
269.951035735324,1008,1000
269.959666638555,1008,1000
269.969219641654,1008,1000
269.979697641654,1008,1000
269.988905641654,1008,1000
269.999630641654,1008,1000
270.009661120674,1008,1000
270.018905644763,1008,1000
270.028905644763,1008,1000
270.039769644763,1008,1000
270.048905644763,1008,1000
270.060042311349,1008,1000
270.073525741542,1008,1000
270.078905647872,1008,1000
270.088905647872,1008,1000
270.099792647872,1008,1000
270.108997396695,1008,1000
270.118905650982,1008,1000
270.129414063281,1008,1000
270.139922650982,1008,1000
270.149832650982,1008,1000
270.158905650982,1008,1000
270.169065402914,1008,1000
270.178905654092,1008,1000
270.189555698005,1008,1000
270.198905654092,1008,1000
270.210176409136,1008,1000
270.220263079781,1008,1000
270.229684657204,1008,1000
270.23904300978,1008,1000
270.248905657204,1008,1000
270.258905657204,1008,1000
270.268905660316,1008,1000
270.281593753986,1008,1000
270.290141511038,1008,1000
270.298905660316,1008,1000
270.30977466344,1008,1000
270.31890566344,1008,1000
270.32890566344,1008,1000
270.339085604316,1008,1000
270.34949066344,1008,1000
270.359423275428,1008,1000
270.368905666564,1008,1000
270.380087430954,1008,1000
270.389589666564,1008,1000
270.398905666564,1008,1000
270.40890566971,1008,1000
270.41890566971,1008,1000
270.42890566971,1008,1000
270.43890566971,1008,1000
270.450211201614,1008,1000
270.45890566971,1008,1000
270.469967672856,1008,1000
270.478905672856,1008,1000
270.489814672856,1008,1000
270.499906118173,1008,1000
270.508905676012,1008,1000
270.520226978576,1008,1000
270.528905676012,1008,1000
270.539339449818,1008,1000
270.548905676012,1008,1000
270.561395772838,1008,1000
270.569975898291,1008,1000
270.579255024535,1008,1000
270.591035772838,1008,1000
270.598905679168,1008,1000
270.609967682345,1008,1000
270.618905682345,1008,1000
270.630134682345,1008,1000
270.639401681586,1008,1000
270.648905682345,1008,1000
270.658905682345,1008,1000
270.668905685522,1008,1000
270.679177468817,1008,1000
270.688905685522,1008,1000
270.699344468817,1008,1000
270.708905688692,1008,1000
270.718905688692,1008,1000
270.728905688692,1008,1000
270.738905688692,1008,1000
270.748905688692,1008,1000
270.758905688692,1008,1000
270.769855691862,1008,1000
270.779517691862,1008,1000
270.789985691862,1008,1000
270.798905691862,1008,1000
270.808905695057,1008,1000
270.821380695057,1008,1000
270.829672126944,1008,1000
270.839218487869,1008,1000
270.848905695057,1008,1000
270.860334467838,1008,1000
270.868905698252,1008,1000
270.879612698252,1008,1000
270.888905698252,1008,1000
270.898905698252,1008,1000
270.909848183141,1008,1000
270.91890570145,1008,1000
270.929751270238,1008,1000
270.93983770145,1008,1000
270.94890570145,1008,1000
270.95890570145,1008,1000
270.971637798318,1008,1000
270.979494884574,1008,1000
270.988905704648,1008,1000
270.998970075836,1008,1000
271.010181510254,1008,1000
271.018905707854,1008,1000
271.028905707854,1008,1000
271.039219707854,1008,1000
271.048905707854,1008,1000
271.058905707854,1008,1000
271.06890571106,1008,1000
271.080332322264,1008,1000
271.08890571106,1008,1000
271.09890571106,1008,1000
271.108905714299,1008,1000
271.118905714299,1008,1000
271.129469756272,1008,1000
271.138905714299,1008,1000
271.149641137513,1008,1000
271.159733714299,1008,1000
271.169859717538,1008,1000
271.179760717538,1008,1000
271.189468717538,1008,1000
271.199652717538,1008,1000
271.20890572079,1008,1000
271.21890572079,1008,1000
271.229006536039,1008,1000
271.239312539278,1008,1000
271.249033539278,1008,1000
271.259700252874,1008,1000
271.268905724042,1008,1000
271.278905724042,1008,1000
271.288905724042,1008,1000
271.299819724042,1008,1000
271.313403824242,1008,1000
271.319859727307,1008,1000
271.328905727307,1008,1000
271.338905727307,1008,1000
271.352237824242,1008,1000
271.358905727307,1008,1000
271.370954824242,1008,1000
271.378905730572,1008,1000
271.389231558829,1008,1000
271.398905730572,1008,1000
271.409531733825,1008,1000
271.418905733825,1008,1000
271.428905733825,1008,1000
271.438905733825,1008,1000
271.448905733825,1008,1000
271.459639733825,1008,1000
271.469671557409,1008,1000
271.478905737078,1008,1000
271.491124830748,1008,1000
271.49938385634,1008,1000
271.51043857846,1008,1000
271.519135506821,1008,1000
271.528905740348,1008,1000
271.538905740348,1008,1000
271.548905740348,1008,1000
271.559219740348,1008,1000
271.570076632606,1008,1000
271.581259837288,1008,1000
271.589823743618,1008,1000
271.598905743618,1008,1000
271.608905746887,1008,1000
271.618905746887,1008,1000
271.629531746887,1008,1000
271.641909425219,1008,1000
271.649219746887,1008,1000
271.659105591455,1008,1000
271.67002789905,1008,1000
271.679819750156,1008,1000
271.688905750156,1008,1000
271.699945750156,1008,1000
271.709725334847,1008,1000
271.718905753454,1008,1000
271.728905753454,1008,1000
271.73990260456,1008,1000
271.74910160456,1008,1000
271.758905753454,1008,1000
271.769362607858,1008,1000
271.778993591566,1008,1000
271.788905756752,1008,1000
271.798905756752,1008,1000
271.809301465581,1008,1000
271.818905760071,1008,1000
271.828905760071,1008,1000
271.838905760071,1008,1000
271.848905760071,1008,1000
271.859733760071,1008,1000
271.86890576339,1008,1000
271.87890576339,1008,1000
271.88890576339,1008,1000
271.89890576339,1008,1000
271.909344627712,1008,1000
271.918905766691,1008,1000
271.930217627712,1008,1000
271.939508766691,1008,1000
271.948905766691,1008,1000
271.958905766691,1008,1000
271.974128734604,1008,1000
271.978905769992,1008,1000
271.989864769992,1008,1000
271.999418498654,1008,1000
272.009562773313,1008,1000
272.021115870304,1008,1000
272.029540773313,1008,1000
272.042089082755,1008,1000
272.051002773313,1008,1000
272.059952644255,1008,1000
272.070982899113,1008,1000
272.079477776634,1008,1000
272.092562747888,1008,1000
272.099459776634,1008,1000
272.110174992408,1008,1000
272.119873779957,1008,1000
272.129315525162,1008,1000
272.13919424853,1008,1000
272.148905779957,1008,1000
272.158905779957,1008,1000
272.16969378328,1008,1000
272.179573876638,1008,1000
272.189065664187,1008,1000
272.19890578328,1008,1000
272.208905786622,1008,1000
272.218905786622,1008,1000
272.229490786622,1008,1000
272.238905786622,1008,1000
272.248905786622,1008,1000
272.258905786622,1008,1000
272.268905789964,1008,1000
272.279756789964,1008,1000
272.288905789964,1008,1000
272.299652789964,1008,1000
272.309882793311,1008,1000
272.319882793311,1008,1000
272.329616793311,1008,1000
272.342803890328,1008,1000
272.349020684225,1008,1000
272.360539793311,1008,1000
272.368905796658,1008,1000
272.381472682197,1008,1000
272.389218690919,1008,1000
272.398905796658,1008,1000
272.409219800035,1008,1000
272.418905800035,1008,1000
272.429884694296,1008,1000
272.438905800035,1008,1000
272.449468591904,1008,1000
272.458905800035,1008,1000
272.469531803412,1008,1000
272.478905803412,1008,1000
272.488905803412,1008,1000
272.499157598658,1008,1000
272.508905806775,1008,1000
272.521574903808,1008,1000
272.532570903808,1008,1000
272.538905806775,1008,1000
272.549963806775,1008,1000
272.559837806775,1008,1000
272.568905810138,1008,1000
272.579684810138,1008,1000
272.589219810138,1008,1000
272.599999810138,1008,1000
272.608905813513,1008,1000
272.619200721238,1008,1000
272.629934721238,1008,1000
272.641533813513,1008,1000
272.648905813513,1008,1000
272.661565910558,1008,1000
272.670981910558,1008,1000
272.679517816888,1008,1000
272.689940816888,1008,1000
272.699279639076,1008,1000
272.708905820295,1008,1000
272.720395820295,1008,1000
272.729219820295,1008,1000
272.739293280649,1008,1000
272.749432749641,1008,1000
272.760271738133,1008,1000
272.768905823702,1008,1000
272.77918463783,1008,1000
272.789740744947,1008,1000
272.800097763269,1008,1000
272.808905827101,1008,1000
272.818905827101,1008,1000
272.829820208082,1008,1000
272.838905827101,1008,1000
272.848905827101,1008,1000
272.858995672998,1008,1000
272.869361694719,1008,1000
272.8789058305,1008,1000
272.8899638305,1008,1000
272.899246139532,1008,1000
272.911979931008,1008,1000
272.922552931008,1008,1000
272.929796833919,1008,1000
272.939661833919,1008,1000
272.948905833919,1008,1000
272.960010765369,1008,1000
272.968905837338,1008,1000
272.97961879986,1008,1000
272.990404837338,1008,1000
272.999713772207,1008,1000
273.009963840775,1008,1000
273.020003840775,1008,1000
273.031704707094,1008,1000
273.038905840775,1008,1000
273.049832840775,1008,1000
273.059614779063,1008,1000
273.068905844212,1008,1000
273.079209785937,1008,1000
273.089366785937,1008,1000
273.098905844212,1008,1000
273.108905847645,1008,1000
273.121904944748,1008,1000
273.129490847645,1008,1000
273.138905847645,1008,1000
273.149729847645,1008,1000
273.160274847645,1008,1000
273.168905851078,1008,1000
273.178905851078,1008,1000
273.189900851078,1008,1000
273.199814851078,1008,1000
273.209801853725,1008,1000
273.21909280232,1008,1000
273.22959280232,1008,1000
273.238905853725,1008,1000
273.249747853725,1008,1000
273.259290805753,1008,1000
273.2700328084,1008,1000
273.279272811047,1008,1000
273.288905856372,1008,1000
273.298905856372,1008,1000
273.309648857954,1008,1000
273.319119812629,1008,1000
273.329540857954,1008,1000
273.342020953206,1008,1000
273.348905857954,1008,1000
273.359774857954,1008,1000
273.368905859536,1008,1000
273.379065031224,1008,1000
273.389381851616,1008,1000
273.401271916904,1008,1000
273.409219861142,1008,1000
273.419229026442,1008,1000
273.429119820046,1008,1000
273.44002789905,1008,1000
273.448996655785,1008,1000
273.458905861142,1008,1000
273.469321823234,1008,1000
273.479981862748,1008,1000
273.489580862748,1008,1000
273.498905862748,1008,1000
273.509430391348,1008,1000
273.518905866148,1008,1000
273.530382866148,1008,1000
273.538905866148,1008,1000
273.551787963218,1008,1000
273.558905866148,1008,1000
273.568905869548,1008,1000
273.578905869548,1008,1000
273.588905869548,1008,1000
273.599691836646,1008,1000
273.608905873051,1008,1000
273.619972873051,1008,1000
273.628905873051,1008,1000
273.640906937219,1008,1000
273.651439970224,1008,1000
273.658905873051,1008,1000
273.671133970224,1008,1000
273.678905876554,1008,1000
273.690096827406,1008,1000
273.698905876554,1008,1000
273.708905880061,1008,1000
273.719219880061,1008,1000
273.728905880061,1008,1000
273.739219880061,1008,1000
273.748905880061,1008,1000
273.759387808417,1008,1000
273.768905883568,1008,1000
273.779832883568,1008,1000
273.788905883568,1008,1000
273.798905883568,1008,1000
273.808905887102,1008,1000
273.818905887102,1008,1000
273.829481887102,1008,1000
273.842161956876,1008,1000
273.85128387162,1008,1000
273.861151984306,1008,1000
273.868905890636,1008,1000
273.88002789905,1008,1000
273.889630890636,1008,1000
273.898905890636,1008,1000
273.909788866756,1008,1000
273.918905894186,1008,1000
273.930837991406,1008,1000
273.938905894186,1008,1000
273.949831463686,1008,1000
273.961187991406,1008,1000
273.970310897736,1008,1000
273.980294890457,1008,1000
273.989670897736,1008,1000
273.998905897736,1008,1000
274.01002789905,1008,1000
274.01915846592,1008,1000
274.030399901284,1008,1000
274.03955689997,1008,1000
274.051463998502,1008,1000
274.058967416573,1008,1000
274.069558904832,1008,1000
274.079211855502,1008,1000
274.088905904832,1008,1000
274.102588005592,1008,1000
274.108905908377,1008,1000
274.119459908377,1008,1000
274.130301908377,1008,1000
274.138905908377,1008,1000
274.148905908377,1008,1000
274.159454908377,1008,1000
274.169219911922,1008,1000
274.181761005592,1008,1000
274.189499911922,1008,1000
274.200784012738,1008,1000
274.211666012738,1008,1000
274.218905915495,1008,1000
274.229666915495,1008,1000
274.240422915495,1008,1000
274.248905915495,1008,1000
274.258905915495,1008,1000
274.270544919068,1008,1000
274.279526919068,1008,1000
274.288905919068,1008,1000
274.30198001986,1008,1000
274.31273801986,1008,1000
274.318905922629,1008,1000
274.328905922629,1008,1000
274.339853942647,1008,1000
274.349972922629,1008,1000
274.358905922629,1008,1000
274.36921992619,1008,1000
274.379922338125,1008,1000
274.38890592619,1008,1000
274.39890592619,1008,1000
274.409306973355,1008,1000
274.421891953337,1008,1000
274.429994929758,1008,1000
274.438905929758,1008,1000
274.449366368833,1008,1000
274.458905929758,1008,1000
274.468905933326,1008,1000
274.479639933326,1008,1000
274.489841933326,1008,1000
274.500037964034,1008,1000
274.509733936895,1008,1000
274.518905936895,1008,1000
274.533571731126,1008,1000
274.538905936895,1008,1000
274.548905936895,1008,1000
274.562220034134,1008,1000
274.573538034134,1008,1000
274.579204978309,1008,1000
274.591521034134,1008,1000
274.599658637456,1008,1000
274.61046794407,1008,1000
274.61890594407,1008,1000
274.62949994407,1008,1000
274.641810041346,1008,1000
274.649902240231,1008,1000
274.65921994407,1008,1000
274.668905947676,1008,1000
274.680892041346,1008,1000
274.688905947676,1008,1000
274.699886947676,1008,1000
274.708905951282,1008,1000
274.719283292463,1008,1000
274.728905951282,1008,1000
274.739886951282,1008,1000
274.748905951282,1008,1000
274.761647048558,1008,1000
274.769160003514,1008,1000
274.778905954888,1008,1000
274.789823497809,1008,1000
274.800067954888,1008,1000
274.809903010714,1008,1000
274.818905958482,1008,1000
274.832260055746,1008,1000
274.841479958482,1008,1000
274.848905958482,1008,1000
274.859758557241,1008,1000
274.869260017914,1008,1000
274.87932907374,1008,1000
274.893832055746,1008,1000
274.901855063,1008,1000
274.908905965703,1008,1000
274.919192025135,1008,1000
274.929085623894,1008,1000
274.939621965703,1008,1000
274.948905965703,1008,1000
274.961629965703,1008,1000
274.97042296933,1008,1000
274.97890596933,1008,1000
274.98995896933,1008,1000
274.99969796933,1008,1000
275.008905972968,1008,1000
275.019922972968,1008,1000
275.028905972968,1008,1000
275.039777043248,1008,1000
275.050173207198,1008,1000
275.060951043248,1008,1000
275.069513976606,1008,1000
275.079564078508,1008,1000
275.089367050524,1008,1000
275.099796976606,1008,1000
275.108978124431,1008,1000
275.119608288381,1008,1000
275.128905980233,1008,1000
275.143370980233,1008,1000
275.148905980233,1008,1000
275.158929744487,1008,1000
275.169178061416,1008,1000
275.181804059361,1008,1000
275.18890598386,1008,1000
275.19890598386,1008,1000
275.208905987481,1008,1000
275.218905987481,1008,1000
275.229846987481,1008,1000
275.239625987481,1008,1000
275.248905987481,1008,1000
275.258905987481,1008,1000
275.268905991102,1008,1000
275.279729991102,1008,1000
275.288905991102,1008,1000
275.299966079533,1008,1000
275.309622268883,1008,1000
275.32045899473,1008,1000
275.330448380686,1008,1000
275.339119201514,1008,1000
275.349624086782,1008,1000
275.36015699473,1008,1000
275.370175178841,1008,1000
275.378905998358,1008,1000
275.389723094038,1008,1000
275.40097309936,1008,1000
275.408906002024,1008,1000
275.419500002024,1008,1000
275.429957097704,1008,1000
275.439385281815,1008,1000
275.448906002024,1008,1000
275.462639397322,1008,1000
275.46970300569,1008,1000
275.479493103636,1008,1000
275.48890600569,1008,1000
275.501480208009,1008,1000
275.514505009355,1008,1000
275.52222010669,1008,1000
275.53350810669,1008,1000
275.538906009355,1008,1000
275.549815009355,1008,1000
275.559725009355,1008,1000
275.56973001302,1008,1000
275.57890601302,1008,1000
275.58890601302,1008,1000
275.59890601302,1008,1000
275.609635016687,1008,1000
275.619079126992,1008,1000
275.629088126992,1008,1000
275.639809130657,1008,1000
275.648906016687,1008,1000
275.660922016687,1008,1000
275.669505020354,1008,1000
275.683441235328,1008,1000
275.688906020354,1008,1000
275.698906020354,1008,1000
275.710212256273,1008,1000
275.719766024666,1008,1000
275.731647122648,1008,1000
275.743900248264,1008,1000
275.754868369568,1008,1000
275.759932024666,1008,1000
275.768906028978,1008,1000
275.780856122648,1008,1000
275.792932154594,1008,1000
275.799220028978,1008,1000
275.811067158949,1008,1000
275.826873131358,1008,1000
275.831486131358,1008,1000
275.842817033333,1008,1000
275.848906033333,1008,1000
275.859586033333,1008,1000
275.874567131358,1008,1000
275.880377456562,1008,1000
275.893865037688,1008,1000
275.899491037688,1008,1000
275.908906042096,1008,1000
275.919761042096,1008,1000
275.929775042096,1008,1000
275.940227042096,1008,1000
275.950964140174,1008,1000
275.959887042096,1008,1000
275.971197140174,1008,1000
275.980203046504,1008,1000
275.98916918955,1008,1000
276.002695435108,1008,1000
276.012628193984,1008,1000
276.018906050938,1008,1000
276.029151193984,1008,1000
276.043229292062,1008,1000
276.050925439516,1008,1000
276.061296149042,1008,1000
276.07263459143,1008,1000
276.078906055372,1008,1000
276.089896055372,1008,1000
276.10147615708,1008,1000
276.108906059391,1008,1000
276.119685059391,1008,1000
276.129220059391,1008,1000
276.14365915708,1008,1000
276.148906059391,1008,1000
276.18142215708,1008,1000
276.18407741511,1008,1000
276.18945506341,1008,1000
276.20148006711,1008,1000
276.21006206711,1008,1000
276.22044106711,1008,1000
276.23028706711,1008,1000
276.23922006711,1008,1000
276.24980106711,1008,1000
276.25890606711,1008,1000
276.26890607081,1008,1000
276.27939823887,1008,1000
276.29086516448,1008,1000
276.300303242505,1008,1000
276.309604074445,1008,1000
276.319938242505,1008,1000
276.329698074445,1008,1000
276.34192217175,1008,1000
276.348906074445,1008,1000
276.359541074445,1008,1000
276.370400421535,1008,1000
276.38105807808,1008,1000
276.389328421535,1008,1000
276.39954107808,1008,1000
276.409846081636,1008,1000
276.420787081636,1008,1000
276.430369081636,1008,1000
276.441619480696,1008,1000
276.451375260666,1008,1000
276.458906081636,1008,1000
276.468906085192,1008,1000
276.479961267778,1008,1000
276.488906085192,1008,1000
276.500304271242,1008,1000
276.516146950114,1008,1000
276.518906088656,1008,1000
276.529460088656,1008,1000
276.54160318579,1008,1000
276.549333457384,1008,1000
276.561800088656,1008,1000
276.57083241972,1008,1000
276.582565288444,1008,1000
276.59191818579,1008,1000
276.59890609212,1008,1000
276.613150146466,1008,1000
276.618928989925,1008,1000
276.628906095472,1008,1000
276.642917909586,1008,1000
276.651134192494,1008,1000
276.660531095472,1008,1000
276.669698098824,1008,1000
276.680838192494,1008,1000
276.688906098824,1008,1000
276.69965358869,1008,1000
276.710274819189,1008,1000
276.719220102097,1008,1000
276.729768298519,1008,1000
276.739482102097,1008,1000
276.750482102097,1008,1000
276.758906102097,1008,1000
276.76890610537,1008,1000
276.779692025509,1008,1000
276.78890610537,1008,1000
276.803965205412,1008,1000
276.808906108556,1008,1000
276.821870311603,1008,1000
276.828906108556,1008,1000
276.843681108556,1008,1000
276.849694108556,1008,1000
276.861251205412,1008,1000
276.873985418104,1008,1000
276.878906111742,1008,1000
276.890549111742,1008,1000
276.899797111742,1008,1000
276.909752114849,1008,1000
276.923689524202,1008,1000
276.929220114849,1008,1000
276.939554114849,1008,1000
276.955170211626,1008,1000
276.961037327541,1008,1000
276.979255211626,1008,1000
276.98368446193,1008,1000
276.998697743108,1008,1000
276.999511055684,1008,1000
277.008906120993,1008,1000
277.0209192177,1008,1000
277.028906120993,1008,1000
277.038906120993,1008,1000
277.053929683873,1008,1000
277.060244022965,1008,1000
277.06952712403,1008,1000
277.07890612403,1008,1000
277.08890612403,1008,1000
277.10175622359,1008,1000
277.108906126975,1008,1000
277.12166522359,1008,1000
277.13190022359,1008,1000
277.138906126975,1008,1000
277.15270522359,1008,1000
277.16174222359,1008,1000
277.16962612992,1008,1000
277.17962612992,1008,1000
277.18922012992,1008,1000
277.201314229266,1008,1000
277.214366229266,1008,1000
277.219220132758,1008,1000
277.236546781838,1008,1000
277.238906132758,1008,1000
277.248906132758,1008,1000
277.261752229266,1008,1000
277.270875465812,1008,1000
277.279220135596,1008,1000
277.291666135596,1008,1000
277.306144021148,1008,1000
277.312043570538,1008,1000
277.31945513836,1008,1000
277.32958613836,1008,1000
277.341107234794,1008,1000
277.351968004967,1008,1000
277.364617374906,1008,1000
277.368906141124,1008,1000
277.382108812612,1008,1000
277.388906141124,1008,1000
277.399473141124,1008,1000
277.4092201438,1008,1000
277.419874240146,1008,1000
277.4289061438,1008,1000
277.440152913445,1008,1000
277.4499411438,1008,1000
277.4589061438,1008,1000
277.468906146476,1008,1000
277.488460146476,1008,1000
277.490250487572,1008,1000
277.498906146476,1008,1000
277.509507163475,1008,1000
277.520982245354,1008,1000
277.52988314908,1008,1000
277.53890614908,1008,1000
277.54890614908,1008,1000
277.561251245354,1008,1000
277.568906151684,1008,1000
277.579941151684,1008,1000
277.590865245354,1008,1000
277.600223404215,1008,1000
277.609550154185,1008,1000
277.619991154185,1008,1000
277.629220154185,1008,1000
277.639631154185,1008,1000
277.649151406819,1008,1000
277.658906154185,1008,1000
277.673423613552,1008,1000
277.682687316164,1008,1000
277.689890411821,1008,1000
277.698906156686,1008,1000
277.711485255248,1008,1000
277.722766510438,1008,1000
277.730270159132,1008,1000
277.761945255248,1008,1000
277.762641611446,1008,1000
277.766907967644,1008,1000
277.770322419214,1008,1000
277.783189517776,1008,1000
277.789473161578,1008,1000
277.804696259908,1008,1000
277.809982163908,1008,1000
277.826411520106,1008,1000
277.835323620766,1008,1000
277.839721684072,1008,1000
277.849602194957,1008,1000
277.858906163908,1008,1000
277.868906166238,1008,1000
277.882005431096,1008,1000
277.888906166238,1008,1000
277.901082529362,1008,1000
277.909633953526,1008,1000
277.918906168504,1008,1000
277.929874168504,1008,1000
277.94152126444,1008,1000
277.949973168504,1008,1000
277.958906168504,1008,1000
277.97137726444,1008,1000
277.97890617077,1008,1000
277.98890617077,1008,1000
277.999291440224,1008,1000
278.00922017296,1008,1000
278.019858434506,1008,1000
278.02890617296,1008,1000
278.04302990374,1008,1000
278.04890617296,1008,1000
278.06211617296,1008,1000
278.06890617515,1008,1000
278.08119726882,1008,1000
278.090067710606,1008,1000
278.09957217515,1008,1000
278.108906177257,1008,1000
278.118906177257,1008,1000
278.132267451167,1008,1000
278.138906177257,1008,1000
278.152710273034,1008,1000
278.160137988813,1008,1000
278.169527179364,1008,1000
278.178906179364,1008,1000
278.188906179364,1008,1000
278.199568179364,1008,1000
278.211548277086,1008,1000
278.221504277086,1008,1000
278.232436277086,1008,1000
278.23890618139,1008,1000
278.251233277086,1008,1000
278.25954118139,1008,1000
278.271878277086,1008,1000
278.279220183416,1008,1000
278.289455183416,1008,1000
278.299914183416,1008,1000
278.308906185376,1008,1000
278.319765185376,1008,1000
278.328906185376,1008,1000
278.339622185376,1008,1000
278.349941185376,1008,1000
278.363028591549,1008,1000
278.370452471702,1008,1000
278.379532187336,1008,1000
278.389191473662,1008,1000
278.401413284768,1008,1000
278.410376670486,1008,1000
278.422583475543,1008,1000
278.431574574935,1008,1000
278.441129761869,1008,1000
278.450315189217,1008,1000
278.458906189217,1008,1000
278.48940773397,1008,1000
278.493197767591,1008,1000
278.494852153309,1008,1000
278.503579868776,1008,1000
278.509910192891,1008,1000
278.520784288354,1008,1000
278.549598870657,1008,1000
278.568782288354,1008,1000
278.570473677658,1008,1000
278.574499456266,1008,1000
278.57672684557,1008,1000
278.581962288354,1008,1000
278.588906194684,1008,1000
278.600847291836,1008,1000
278.609622196425,1008,1000
278.62489194664,1008,1000
278.632170196425,1008,1000
278.641635364337,1008,1000
278.663680291836,1008,1000
278.666789684622,1008,1000
278.668906198166,1008,1000
278.678906198166,1008,1000
278.688906198166,1008,1000
278.702240595875,1008,1000
278.71002789905,1008,1000
278.721851295118,1008,1000
278.731680295118,1008,1000
278.738906199807,1008,1000
278.748906199807,1008,1000
278.758906199807,1008,1000
278.769498502205,1008,1000
278.779989502205,1008,1000
278.788906201448,1008,1000
278.799937201448,1008,1000
278.810387202989,1008,1000
278.818906202989,1008,1000
278.8316442982,1008,1000
278.838906202989,1008,1000
278.849460806144,1008,1000
278.858906202989,1008,1000
278.872703506928,1008,1000
278.885288517166,1008,1000
278.889437907619,1008,1000
278.898907182418,1008,1000
278.91095820601,1008,1000
278.92171020601,1008,1000
278.92987420601,1008,1000
278.93890620601,1008,1000
278.953320424976,1008,1000
278.95890620601,1008,1000
278.97156730116,1008,1000
278.97890620749,1008,1000
278.98890620749,1008,1000
279.003615996197,1008,1000
279.010484208898,1008,1000
279.018906208898,1008,1000
279.031269303976,1008,1000
279.040333208898,1008,1000
279.049586208898,1008,1000
279.060540208898,1008,1000
279.084031222378,1008,1000
279.085784627304,1008,1000
279.089842210306,1008,1000
279.105402619291,1008,1000
279.111188306682,1008,1000
279.122006306682,1008,1000
279.131197306682,1008,1000
279.139482211659,1008,1000
279.149667211659,1008,1000
279.159916522915,1008,1000
279.170468525621,1008,1000
279.179220213012,1008,1000
279.190119213012,1008,1000
279.201856621919,1008,1000
279.217299482755,1008,1000
279.219905167049,1008,1000
279.246864122489,1008,1000
279.250113438195,1008,1000
279.252961753901,1008,1000
279.261418122489,1008,1000
279.269865121086,1008,1000
279.280727436323,1008,1000
279.290865309232,1008,1000
279.298906215562,1008,1000
279.309626216776,1008,1000
279.322854166988,1008,1000
279.328906166988,1008,1000
279.35086531166,1008,1000
279.35156172427,1008,1000
279.359640216776,1008,1000
279.369228534502,1008,1000
279.38272831166,1008,1000
279.405069313926,1008,1000
279.417922711647,1008,1000
279.418511126523,1008,1000
279.426286044343,1008,1000
279.428906219123,1008,1000
279.439773612218,1008,1000
279.45002789905,1008,1000
279.459874219123,1008,1000
279.472016220256,1008,1000
279.479541220256,1008,1000
279.488906220256,1008,1000
279.498906220256,1008,1000
279.512583934501,1008,1000
279.519218541406,1008,1000
279.531207958436,1008,1000
279.539919221333,1008,1000
279.549469221333,1008,1000
279.56222531608,1008,1000
279.56890622241,1008,1000
279.605391318156,1008,1000
279.607370737262,1008,1000
279.608031156368,1008,1000
279.609345545731,1008,1000
279.619739223448,1008,1000
279.629532223448,1008,1000
279.643994737262,1008,1000
279.649808546808,1008,1000
279.659534223448,1008,1000
279.669220224486,1008,1000
279.680982318156,1008,1000
279.689156548884,1008,1000
279.703025225459,1008,1000
279.734682320102,1008,1000
279.739542741154,1008,1000
279.741090202816,1008,1000
279.749586166816,1008,1000
279.758906110214,1008,1000
279.768906109146,1008,1000
279.779514167789,1008,1000
279.788906109146,1008,1000
279.80079320082,1008,1000
279.808906108148,1008,1000
279.82393420082,1008,1000
279.828906108148,1008,1000
279.843128108148,1008,1000
279.848906108148,1008,1000
279.859617108148,1008,1000
279.86890610715,1008,1000
279.878913205742,1008,1000
279.88922010715,1008,1000
279.89982410715,1008,1000
279.908906106193,1008,1000
279.918907671693,1008,1000
279.931419198906,1008,1000
279.944568106193,1008,1000
279.949788106193,1008,1000
279.958906106193,1008,1000
279.969268313336,1008,1000
279.982875105236,1008,1000
279.988906105236,1008,1000
279.999550105236,1008,1000
280.00890610437,1008,1000
280.020217467102,1008,1000
280.030094902854,1008,1000
280.04111210437,1008,1000
280.04890610437,1008,1000
280.05988310437,1008,1000
280.070450103504,1008,1000
280.078906103504,1008,1000
280.090498735595,1008,1000
280.105540112547,1008,1000
280.110093408827,1008,1000
280.118906168386,1008,1000
280.130011307902,1008,1000
280.139793166621,1008,1000
280.148906102582,1008,1000
280.158906168386,1008,1000
280.170795084681,1008,1000
280.178906233268,1008,1000
280.189973233268,1008,1000
280.19891754117,1008,1000
280.208906234153,1008,1000
280.218906234153,1008,1000
280.228906234153,1008,1000
280.242210921105,1008,1000
280.257956758366,1008,1000
280.260101568371,1008,1000
280.271414328708,1008,1000
280.28362893043,1008,1000
280.292156235038,1008,1000
280.299455235038,1008,1000
280.310463758747,1008,1000
280.322913191332,1008,1000
280.329056454331,1008,1000
280.343666596008,1008,1000
280.351651768072,1008,1000
280.363046098693,1008,1000
280.368906097662,1008,1000
280.381251191332,1008,1000
280.390513097662,1008,1000
280.398906167293,1008,1000
280.409311707638,1008,1000
280.421459237906,1008,1000
280.42972516622,1008,1000
280.441422189186,1008,1000
280.449936096589,1008,1000
280.464070585337,1008,1000
280.468906095516,1008,1000
280.483798479322,1008,1000
280.488906095516,1008,1000
280.499160362686,1008,1000
280.511366382223,1008,1000
280.5215931869,1008,1000
280.529775490524,1008,1000
280.541626354074,1008,1000
280.554295674645,1008,1000
280.559509580975,1008,1000
280.57000009323,1008,1000
280.584158864253,1008,1000
280.58922009323,1008,1000
280.603421971333,1008,1000
280.609604259183,1008,1000
280.618906092009,1008,1000
280.628906092009,1008,1000
280.640160286189,1008,1000
280.649910092009,1008,1000
280.658906092009,1008,1000
280.668906090788,1008,1000
280.679923090788,1008,1000
280.689779090788,1008,1000
280.699928090788,1008,1000
280.70991947663,1008,1000
280.720854587288,1008,1000
280.728906089491,1008,1000
280.739860089491,1008,1000
280.749313281229,1008,1000
280.760182281229,1008,1000
280.769165279932,1008,1000
280.784133948588,1008,1000
280.792454059246,1008,1000
280.799550088194,1008,1000
280.811239277271,1008,1000
280.82159308683,1008,1000
280.833538031909,1008,1000
280.83890608683,1008,1000
280.849604853554,1008,1000
280.859972964212,1008,1000
280.869851085466,1008,1000
280.879559085466,1008,1000
280.888906085466,1008,1000
280.901648176326,1008,1000
280.908906084061,1008,1000
280.918906084061,1008,1000
280.931595149223,1008,1000
280.940380270477,1008,1000
280.951081176326,1008,1000
280.961539176326,1008,1000
280.971188176326,1008,1000
280.982439082656,1008,1000
280.989491082656,1008,1000
280.999955082656,1008,1000
281.009842452617,1008,1000
281.022974173394,1008,1000
281.032731531745,1008,1000
281.03922008119,1008,1000
281.049833816819,1008,1000
281.05945108119,1008,1000
281.070143294052,1008,1000
281.081716173394,1008,1000
281.090191079724,1008,1000
281.098906079724,1008,1000
281.109649078201,1008,1000
281.12068699597,1008,1000
281.132105170348,1008,1000
281.140060473203,1008,1000
281.148906078201,1008,1000
281.159410258875,1008,1000
281.169056044424,1008,1000
281.179865076678,1008,1000
281.191562173598,1008,1000
281.207594166954,1008,1000
281.209297649134,1008,1000
281.222142166954,1008,1000
281.228906074981,1008,1000
281.239210680153,1008,1000
281.250355016863,1008,1000
281.258906074981,1008,1000
281.271491331737,1008,1000
281.278906073284,1008,1000
281.289220073284,1008,1000
281.299871724197,1008,1000
281.311261163344,1008,1000
281.323365163344,1008,1000
281.328906071479,1008,1000
281.338906071479,1008,1000
281.348906071479,1008,1000
281.358906071479,1008,1000
281.370094894821,1008,1000
281.379341477532,1008,1000
281.392295427638,1008,1000
281.398929291213,1008,1000
281.425481159574,1008,1000
281.426276420098,1008,1000
281.428906067789,1008,1000
281.43950306356,1008,1000
281.448906067789,1008,1000
281.461009159574,1008,1000
281.468906065904,1008,1000
281.479220065904,1008,1000
281.489220065904,1008,1000
281.499014726623,1008,1000
281.510417022902,1008,1000
281.522627155658,1008,1000
281.529829063946,1008,1000
281.538906063946,1008,1000
281.548906063946,1008,1000
281.55909351036,1008,1000
281.568906061988,1008,1000
281.581925442448,1008,1000
281.599484318596,1008,1000
281.60023457318,1008,1000
281.608906059964,1008,1000
281.619220059964,1008,1000
281.628906059964,1008,1000
281.639937059964,1008,1000
281.650000059964,1008,1000
281.658906059964,1008,1000
281.67051173207,1008,1000
281.68252005794,1008,1000
281.692361471414,1008,1000
281.69967605794,1008,1000
281.709309216773,1008,1000
281.719309216773,1008,1000
281.728906055859,1008,1000
281.742919888879,1008,1000
281.749694055859,1008,1000
281.75891777072,1008,1000
281.769460053778,1008,1000
281.778906053778,1008,1000
281.788906053778,1008,1000
281.799878053778,1008,1000
281.812265041466,1008,1000
281.819892051637,1008,1000
281.828906051637,1008,1000
281.839973051637,1008,1000
281.849617051637,1008,1000
281.858906051637,1008,1000
281.869349204224,1008,1000
281.884742191912,1008,1000
281.890910143166,1008,1000
281.898906049496,1008,1000
281.909192199885,1008,1000
281.920004047298,1008,1000
281.928906047298,1008,1000
281.938906047298,1008,1000
281.949487047298,1008,1000
281.958929811552,1008,1000
281.9698020451,1008,1000
281.982063835062,1008,1000
281.989930193348,1008,1000
281.9989060451,1008,1000
282.00890604284,1008,1000
282.02149413425,1008,1000
282.02890604284,1008,1000
282.04095513425,1008,1000
282.05002789905,1008,1000
282.059212337138,1008,1000
282.06890604058,1008,1000
282.07973904058,1008,1000
282.09095627578,1008,1000
282.09890604058,1008,1000
282.109856038274,1008,1000
282.119854878356,1008,1000
282.129995038274,1008,1000
282.142208594125,1008,1000
282.149993179804,1008,1000
282.158906038274,1008,1000
282.169586035968,1008,1000
282.180065175192,1008,1000
282.190982129638,1008,1000
282.199898175192,1008,1000
282.209587498291,1008,1000
282.219982314558,1008,1000
282.228906033804,1008,1000
282.238906033804,1008,1000
282.249950309946,1008,1000
282.258906033804,1008,1000
282.270062307782,1008,1000
282.27890603164,1008,1000
282.289435447148,1008,1000
282.300342029434,1008,1000
282.309694029434,1008,1000
282.32194644033,1008,1000
282.328906029434,1008,1000
282.339916438166,1008,1000
282.348906029434,1008,1000
282.359509029434,1008,1000
282.370991120898,1008,1000
282.380419027228,1008,1000
282.388906027228,1008,1000
282.399141395975,1008,1000
282.409288564069,1008,1000
282.418906024953,1008,1000
282.428928716177,1008,1000
282.438906024953,1008,1000
282.449872153131,1008,1000
282.458906024953,1008,1000
282.468906022678,1008,1000
282.479559022678,1008,1000
282.488906022678,1008,1000
282.498906022678,1008,1000
282.508906020356,1008,1000
282.519190274437,1008,1000
282.528906020356,1008,1000
282.538906020356,1008,1000
282.549842020356,1008,1000
282.559986020356,1008,1000
282.569779018034,1008,1000
282.578906018034,1008,1000
282.589460018034,1008,1000
282.598906018034,1008,1000
282.608906015643,1008,1000
282.619124136949,1008,1000
282.631194136949,1008,1000
282.642337106922,1008,1000
282.649469015643,1008,1000
282.659366347281,1008,1000
282.669685013252,1008,1000
282.679536013252,1008,1000
282.689995013252,1008,1000
282.698906013252,1008,1000
282.708906010801,1008,1000
282.719489275736,1008,1000
282.728906010801,1008,1000
282.738906010801,1008,1000
282.748906010801,1008,1000
282.760078125003,1008,1000
282.769987531052,1008,1000
282.77890600835,1008,1000
282.78890600835,1008,1000
282.800874097016,1008,1000
282.810892097016,1008,1000
282.818906005848,1008,1000
282.830811097016,1008,1000
282.83930563785,1008,1000
282.848906005848,1008,1000
282.858906005848,1008,1000
282.869631003346,1008,1000
282.878906003346,1008,1000
282.891684201312,1008,1000
282.898906003346,1008,1000
282.911224091928,1008,1000
282.918906000802,1008,1000
282.929806000802,1008,1000
282.938906000802,1008,1000
282.949689000802,1008,1000
282.958906000802,1008,1000
282.968905998258,1008,1000
282.979626764799,1008,1000
282.989919976146,1008,1000
282.99905210001,1008,1000
283.014087086724,1008,1000
283.018905995656,1008,1000
283.028905995656,1008,1000
283.038905995656,1008,1000
283.048905995656,1008,1000
283.060769072752,1008,1000
283.071621086724,1008,1000
283.081729086724,1008,1000
283.088905993054,1008,1000
283.101587175424,1008,1000
283.113786640195,1008,1000
283.118905990402,1008,1000
283.129988164104,1008,1000
283.139621990402,1008,1000
283.151925577564,1008,1000
283.158905990402,1008,1000
283.170326081754,1008,1000
283.17890598775,1008,1000
283.18958098775,1008,1000
283.199441252804,1008,1000
283.20890598504,1008,1000
283.219966481184,1008,1000
283.22890598504,1008,1000
283.240522167744,1008,1000
283.25045898504,1008,1000
283.26039916199,1008,1000
283.26890598233,1008,1000
283.282769076,1008,1000
283.289982564464,1008,1000
283.301215070484,1008,1000
283.309993248266,1008,1000
283.327598065562,1008,1000
283.332859070484,1008,1000
283.344442151006,1008,1000
283.348905979572,1008,1000
283.359210644986,1008,1000
283.369219976814,1008,1000
283.381855070484,1008,1000
283.391896070484,1008,1000
283.40002789905,1008,1000
283.412483054509,1008,1000
283.420481973987,1008,1000
283.428905973987,1008,1000
283.44241706483,1008,1000
283.449670973987,1008,1000
283.458905973987,1008,1000
283.477062048924,1008,1000
283.47990997116,1008,1000
283.489710046097,1008,1000
283.49980597116,1008,1000
283.509881968276,1008,1000
283.528375059062,1008,1000
283.530929968276,1008,1000
283.538905968276,1008,1000
283.552004059062,1008,1000
283.558905968276,1008,1000
283.570227037502,1008,1000
283.579164034618,1008,1000
283.590900965392,1008,1000
283.60083805319,1008,1000
283.608905962456,1008,1000
283.618905962456,1008,1000
283.628905962456,1008,1000
283.640490100908,1008,1000
283.648905962456,1008,1000
283.66085605319,1008,1000
283.66890595952,1008,1000
283.679792571235,1008,1000
283.68960395952,1008,1000
283.701233047178,1008,1000
283.709718158372,1008,1000
283.718905956514,1008,1000
283.728905956514,1008,1000
283.739504956514,1008,1000
283.749191628699,1008,1000
283.759468956514,1008,1000
283.769219953508,1008,1000
283.77991821283,1008,1000
283.788905953508,1008,1000
283.799679953508,1008,1000
283.809855950455,1008,1000
283.818905950455,1008,1000
283.828905950455,1008,1000
283.838905950455,1008,1000
283.851932041072,1008,1000
283.858940976695,1008,1000
283.869940947402,1008,1000
283.881069763061,1008,1000
283.888905947402,1008,1000
283.898905947402,1008,1000
283.909976944278,1008,1000
283.919612944278,1008,1000
283.928905944278,1008,1000
283.93992099263,1008,1000
283.948929708532,1008,1000
283.959463944278,1008,1000
283.971849023406,1008,1000
283.980869986382,1008,1000
283.988905941154,1008,1000
283.998905941154,1008,1000
284.009239031559,1008,1000
284.019922937979,1008,1000
284.029972937979,1008,1000
284.038905937979,1008,1000
284.049630937979,1008,1000
284.058905937979,1008,1000
284.075364064228,1008,1000
284.078905934804,1008,1000
284.089240973733,1008,1000
284.099200973733,1008,1000
284.109994931575,1008,1000
284.119697931575,1008,1000
284.128905931575,1008,1000
284.139637967329,1008,1000
284.148905931575,1008,1000
284.158905931575,1008,1000
284.168905928346,1008,1000
284.181202960871,1008,1000
284.188905928346,1008,1000
284.201784976227,1008,1000
284.209715925065,1008,1000
284.218905925065,1008,1000
284.228905925065,1008,1000
284.238905925065,1008,1000
284.248905925065,1008,1000
284.261009015454,1008,1000
284.268905921784,1008,1000
284.281009015454,1008,1000
284.288905921784,1008,1000
284.298905921784,1008,1000
284.309580918464,1008,1000
284.323724008814,1008,1000
284.328905918464,1008,1000
284.338905918464,1008,1000
284.348905918464,1008,1000
284.358905918464,1008,1000
284.369585915144,1008,1000
284.378905915144,1008,1000
284.388905915144,1008,1000
284.398905915144,1008,1000
284.435355002092,1008,1000
284.436168105134,1008,1000
284.436981208176,1008,1000
284.439877911783,1008,1000
284.448905911783,1008,1000
284.463441014825,1008,1000
284.472061002092,1008,1000
284.482648114506,1008,1000
284.491617002092,1008,1000
284.499219908422,1008,1000
284.50911491775,1008,1000
284.519877905017,1008,1000
284.52971891775,1008,1000
284.540144632565,1008,1000
284.550377905017,1008,1000
284.558905905017,1008,1000
284.568905901612,1008,1000
284.578905901612,1008,1000
284.589843884626,1008,1000
284.600481916853,1008,1000
284.610151631668,1008,1000
284.62105090412,1008,1000
284.629765898153,1008,1000
284.638905898153,1008,1000
284.648905898153,1008,1000
284.659170883729,1008,1000
284.669898912497,1008,1000
284.679514627312,1008,1000
284.690918988364,1008,1000
284.703070890291,1008,1000
284.709715891188,1008,1000
284.719657891188,1008,1000
284.729931891188,1008,1000
284.739207904635,1008,1000
284.748905891188,1008,1000
284.759972891188,1008,1000
284.769922887682,1008,1000
284.77895287982,1008,1000
284.788905887682,1008,1000
284.79931287982,1008,1000
284.809612884124,1008,1000
284.819868884124,1008,1000
284.829416876262,1008,1000
284.839294872756,1008,1000
284.848905884124,1008,1000
284.859711884124,1008,1000
284.869886880566,1008,1000
284.878905880566,1008,1000
284.89002789905,1008,1000
284.898905880566,1008,1000
284.908905876974,1008,1000
284.921080967052,1008,1000
284.931322967052,1008,1000
284.942033967052,1008,1000
284.948905876974,1008,1000
284.960187843564,1008,1000
284.968905873382,1008,1000
284.978905873382,1008,1000
284.988905873382,1008,1000
284.999219873382,1008,1000
285.00921986974,1008,1000
285.01977486974,1008,1000
285.029550814254,1008,1000
285.042218959768,1008,1000
285.053496133914,1008,1000
285.05890586974,1008,1000
285.071053959768,1008,1000
285.081317866098,1008,1000
285.089227836788,1008,1000
285.098905866098,1008,1000
285.109219862412,1008,1000
285.119669036558,1008,1000
285.129463862412,1008,1000
285.138905862412,1008,1000
285.148905862412,1008,1000
285.161961862412,1008,1000
285.169783858726,1008,1000
285.178905858726,1008,1000
285.189090735306,1008,1000
285.198905858726,1008,1000
285.209616854985,1008,1000
285.218905854985,1008,1000
285.228905854985,1008,1000
285.241675944914,1008,1000
285.249463854985,1008,1000
285.261493944914,1008,1000
285.269643851244,1008,1000
285.279724851244,1008,1000
285.288905851244,1008,1000
285.298905851244,1008,1000
285.308905847443,1008,1000
285.321580937312,1008,1000
285.329219847443,1008,1000
285.339724847443,1008,1000
285.348997799637,1008,1000
285.359522847443,1008,1000
285.371777937312,1008,1000
285.378905843642,1008,1000
285.388905843642,1008,1000
285.399459843642,1008,1000
285.40894378818,1008,1000
285.418905839787,1008,1000
285.429787839787,1008,1000
285.439219839787,1008,1000
285.449101774069,1008,1000
285.458905839787,1008,1000
285.468905835932,1008,1000
285.478905835932,1008,1000
285.489751835932,1008,1000
285.499069776669,1008,1000
285.508905832023,1008,1000
285.519580832023,1008,1000
285.529377493926,1008,1000
285.541214921784,1008,1000
285.555512832023,1008,1000
285.558993670135,1008,1000
285.568905828114,1008,1000
285.579504828114,1008,1000
285.588905828114,1008,1000
285.598905828114,1008,1000
285.60921982414,1008,1000
285.61890582414,1008,1000
285.630051445733,1008,1000
285.63890582414,1008,1000
285.64890582414,1008,1000
285.65967082414,1008,1000
285.668905820166,1008,1000
285.678905820166,1008,1000
285.690449820166,1008,1000
285.699324366849,1008,1000
285.709778816152,1008,1000
285.718905816152,1008,1000
285.728905816152,1008,1000
285.741664905808,1008,1000
285.752114905808,1008,1000
285.760438737268,1008,1000
285.768905812138,1008,1000
285.77906972924,1008,1000
285.789895812138,1008,1000
285.799504812138,1008,1000
285.811421897716,1008,1000
285.819219808092,1008,1000
285.832347653068,1008,1000
285.839801808092,1008,1000
285.848905808092,1008,1000
285.85925872118,1008,1000
285.868905804046,1008,1000
285.880295804046,1008,1000
285.892261802712,1008,1000
285.898905804046,1008,1000
285.909254708981,1008,1000
285.918905799939,1008,1000
285.928905799939,1008,1000
285.938905799939,1008,1000
285.952106889502,1008,1000
285.960999889502,1008,1000
285.968905795832,1008,1000
285.979643795832,1008,1000
285.988905795832,1008,1000
286.002532773822,1008,1000
286.008905791678,1008,1000
286.02197378213,1008,1000
286.028905791678,1008,1000
286.038905791678,1008,1000
286.04974289448,1008,1000
286.059486791678,1008,1000
286.070335680152,1008,1000
286.078905787524,1008,1000
286.089496148691,1008,1000
286.098905787524,1008,1000
286.108905777666,1008,1000
286.119760903175,1008,1000
286.128905777666,1008,1000
286.141394861478,1008,1000
286.149693777666,1008,1000
286.159490777666,1008,1000
286.169931767808,1008,1000
286.181565861478,1008,1000
286.189906771933,1008,1000
286.199738767808,1008,1000
286.209219763521,1008,1000
286.221800852904,1008,1000
286.228905763521,1008,1000
286.239384632279,1008,1000
286.253206725949,1008,1000
286.259269636404,1008,1000
286.269065627992,1008,1000
286.278947200761,1008,1000
286.289643759234,1008,1000
286.299472759234,1008,1000
286.309522754892,1008,1000
286.318905754892,1008,1000
286.33356521665,1008,1000
286.338905754892,1008,1000
286.349372152074,1008,1000
286.358905754892,1008,1000
286.37134984422,1008,1000
286.37890575055,1008,1000
286.38890575055,1008,1000
286.39890575055,1008,1000
286.408905746159,1008,1000
286.418905746159,1008,1000
286.431250835438,1008,1000
286.439219746159,1008,1000
286.450175330222,1008,1000
286.458905746159,1008,1000
286.468905741768,1008,1000
286.479463741768,1008,1000
286.488905741768,1008,1000
286.499219741768,1008,1000
286.508905737324,1008,1000
286.519394168496,1008,1000
286.528905737324,1008,1000
286.538905737324,1008,1000
286.548905737324,1008,1000
286.559985737324,1008,1000
286.56987773288,1008,1000
286.57890573288,1008,1000
286.58890573288,1008,1000
286.601529817538,1008,1000
286.609131162539,1008,1000
286.618905728374,1008,1000
286.629321566648,1008,1000
286.643541817538,1008,1000
286.65002789905,1008,1000
286.659882728374,1008,1000
286.669219723868,1008,1000
286.679891723868,1008,1000
286.688905723868,1008,1000
286.699789309954,1008,1000
286.709219719327,1008,1000
286.721639548651,1008,1000
286.729092548651,1008,1000
286.738905719327,1008,1000
286.751187808456,1008,1000
286.759657719327,1008,1000
286.76923312569,1008,1000
286.778905714786,1008,1000
286.788905714786,1008,1000
286.798905714786,1008,1000
286.80946371021,1008,1000
286.82000771021,1008,1000
286.829378259132,1008,1000
286.840506846256,1008,1000
286.84890571021,1008,1000
286.85890571021,1008,1000
286.869702430776,1008,1000
286.878905705634,1008,1000
286.890212516794,1008,1000
286.899544705634,1008,1000
286.911035790026,1008,1000
286.918905700995,1008,1000
286.928905700995,1008,1000
286.940181876321,1008,1000
286.948905700995,1008,1000
286.959548318739,1008,1000
286.968905696356,1008,1000
286.978905696356,1008,1000
286.989594696356,1008,1000
286.998905696356,1008,1000
287.013576668936,1008,1000
287.018905691665,1008,1000
287.030557691665,1008,1000
287.038905691665,1008,1000
287.048905691665,1008,1000
287.059504691665,1008,1000
287.068905686974,1008,1000
287.078905686974,1008,1000
287.091124780644,1008,1000
287.099866479589,1008,1000
287.110930682235,1008,1000
287.118905682235,1008,1000
287.129491356444,1008,1000
287.138905682235,1008,1000
287.148905682235,1008,1000
287.159219682235,1008,1000
287.169076258035,1008,1000
287.18000460645,1008,1000
287.188905677496,1008,1000
287.198905677496,1008,1000
287.208905672711,1008,1000
287.218905672711,1008,1000
287.228905672711,1008,1000
287.238905672711,1008,1000
287.251526242657,1008,1000
287.258905672711,1008,1000
287.268905667926,1008,1000
287.278905667926,1008,1000
287.288905667926,1008,1000
287.298905667926,1008,1000
287.308905663097,1008,1000
287.320144446389,1008,1000
287.329476765828,1008,1000
287.338905663097,1008,1000
287.348905663097,1008,1000
287.359684663097,1008,1000
287.368905658268,1008,1000
287.378905658268,1008,1000
287.389435205607,1008,1000
287.399355721012,1008,1000
287.408905653397,1008,1000
287.420512653397,1008,1000
287.428905653397,1008,1000
287.438905653397,1008,1000
287.449540653397,1008,1000
287.45950154973,1008,1000
287.468905648526,1008,1000
287.478905648526,1008,1000
287.489866402873,1008,1000
287.498905648526,1008,1000
287.509495643611,1008,1000
287.522641732366,1008,1000
287.528905643611,1008,1000
287.538905643611,1008,1000
287.548905643611,1008,1000
287.559328147434,1008,1000
287.568905638696,1008,1000
287.578905638696,1008,1000
287.589219638696,1008,1000
287.598905638696,1008,1000
287.608905633732,1008,1000
287.618905633732,1008,1000
287.628905633732,1008,1000
287.638905633732,1008,1000
287.649153206694,1008,1000
287.658905633732,1008,1000
287.669505843096,1008,1000
287.679945628768,1008,1000
287.689553628768,1008,1000
287.698905628768,1008,1000
287.708905623764,1008,1000
287.718905623764,1008,1000
287.728905623764,1008,1000
287.738905623764,1008,1000
287.749407353482,1008,1000
287.758905623764,1008,1000
287.76890561876,1008,1000
287.77890561876,1008,1000
287.78890561876,1008,1000
287.800238613723,1008,1000
287.808905613723,1008,1000
287.819528036899,1008,1000
287.829544613723,1008,1000
287.839751613723,1008,1000
287.848905613723,1008,1000
287.858905613723,1008,1000
287.869529323359,1008,1000
287.880485608686,1008,1000
287.888905608686,1008,1000
287.901053692228,1008,1000
287.909141318295,1008,1000
287.918905603622,1008,1000
287.930008603622,1008,1000
287.938905603622,1008,1000
287.949695313258,1008,1000
287.958905603622,1008,1000
287.968905598558,1008,1000
287.978905598558,1008,1000
287.989751598558,1008,1000
287.99920930313,1008,1000
288.009972593465,1008,1000
288.018905593465,1008,1000
288.029819593465,1008,1000
288.039540593465,1008,1000
288.048905593465,1008,1000
288.059141292973,1008,1000
288.068905588372,1008,1000
288.079371282787,1008,1000
288.088905588372,1008,1000
288.099745561921,1008,1000
288.108905583225,1008,1000
288.118905583225,1008,1000
288.128905583225,1008,1000
288.139544583225,1008,1000
288.148905583225,1008,1000
288.158905583225,1008,1000
288.169009240949,1008,1000
288.178905578078,1008,1000
288.188905578078,1008,1000
288.199693578078,1008,1000
288.208905572884,1008,1000
288.218905572884,1008,1000
288.228905572884,1008,1000
288.239537914783,1008,1000
288.249499572884,1008,1000
288.258905572884,1008,1000
288.26890556769,1008,1000
288.27984156769,1008,1000
288.28890556769,1008,1000
288.29958056769,1008,1000
288.308905562467,1008,1000
288.318920878715,1008,1000
288.328905562467,1008,1000
288.338905562467,1008,1000
288.350131231107,1008,1000
288.359976562467,1008,1000
288.368905557244,1008,1000
288.379832557244,1008,1000
288.388905557244,1008,1000
288.398905557244,1008,1000
288.408905552,1008,1000
288.419340884057,1008,1000
288.429204215417,1008,1000
288.439549552,1008,1000
288.450001210194,1008,1000
288.459936552,1008,1000
288.468905546756,1008,1000
288.478905546756,1008,1000
288.489765546756,1008,1000
288.498905546756,1008,1000
288.509124474537,1008,1000
288.519426852625,1008,1000
288.529146194431,1008,1000
288.538905541481,1008,1000
288.548905541481,1008,1000
288.559056189187,1008,1000
288.568905536206,1008,1000
288.578905536206,1008,1000
288.590454536206,1008,1000
288.598905536206,1008,1000
288.608905530913,1008,1000
288.619425630865,1008,1000
288.628905530913,1008,1000
288.638905530913,1008,1000
288.648905530913,1008,1000
288.659691168069,1008,1000
288.66890552562,1008,1000
288.67890552562,1008,1000
288.68890552562,1008,1000
288.69890552562,1008,1000
288.708905520287,1008,1000
288.719468520287,1008,1000
288.728905520287,1008,1000
288.738905520287,1008,1000
288.748905520287,1008,1000
288.759134735711,1008,1000
288.768905514954,1008,1000
288.778905514954,1008,1000
288.788905514954,1008,1000
288.799904514954,1008,1000
288.809805509571,1008,1000
288.819846509571,1008,1000
288.829949509571,1008,1000
288.838905509571,1008,1000
288.848905509571,1008,1000
288.858905509571,1008,1000
288.870127120092,1008,1000
288.879202670309,1008,1000
288.889092114709,1008,1000
288.899402114709,1008,1000
288.908905498769,1008,1000
288.918905498769,1008,1000
288.928905498769,1008,1000
288.939570719811,1008,1000
288.948905498769,1008,1000
288.958905498769,1008,1000
288.96890549335,1008,1000
288.97890549335,1008,1000
288.98961649335,1008,1000
289.000936576102,1008,1000
289.009535487891,1008,1000
289.018905487891,1008,1000
289.028905487891,1008,1000
289.038905487891,1008,1000
289.048905487891,1008,1000
289.058905487891,1008,1000
289.068905482432,1008,1000
289.078905482432,1008,1000
289.088905482432,1008,1000
289.099724482432,1008,1000
289.108905476942,1008,1000
289.120215476942,1008,1000
289.128905476942,1008,1000
289.139580476942,1008,1000
289.149454476942,1008,1000
289.158905476942,1008,1000
289.169177054834,1008,1000
289.178905471452,1008,1000
289.189407049344,1008,1000
289.198905471452,1008,1000
289.209819465938,1008,1000
289.218905465938,1008,1000
289.228905465938,1008,1000
289.238905465938,1008,1000
289.248905465938,1008,1000
289.258905465938,1008,1000
289.268905460424,1008,1000
289.279155027312,1008,1000
289.288905460424,1008,1000
289.298905460424,1008,1000
289.308905455029,1008,1000
289.318905455029,1008,1000
289.328905455029,1008,1000
289.338905455029,1008,1000
289.349450455029,1008,1000
289.358905455029,1008,1000
289.368905449634,1008,1000
289.378905449634,1008,1000
289.388905449634,1008,1000
289.398909743352,1008,1000
289.410008444379,1008,1000
289.41923405474,1008,1000
289.429498644612,1008,1000
289.438905444379,1008,1000
289.449832444379,1008,1000
289.458905444379,1008,1000
289.468905439124,1008,1000
289.479280984453,1008,1000
289.488905439124,1008,1000
289.498905439124,1008,1000
289.508905434003,1008,1000
289.519881613076,1008,1000
289.528905434003,1008,1000
289.539922434003,1008,1000
289.549540434003,1008,1000
289.558905434003,1008,1000
289.568905428882,1008,1000
289.578905428882,1008,1000
289.589100142908,1008,1000
289.598905428882,1008,1000
289.609194958848,1008,1000
289.619823423895,1008,1000
289.628905423895,1008,1000
289.638905423895,1008,1000
289.648905423895,1008,1000
289.658905423895,1008,1000
289.668905418908,1008,1000
289.678905418908,1008,1000
289.689185943753,1008,1000
289.698914507216,1008,1000
289.709612414058,1008,1000
289.718905414058,1008,1000
289.729603414058,1008,1000
289.739675414058,1008,1000
289.748905414058,1008,1000
289.758905414058,1008,1000
289.768905409208,1008,1000
289.778905409208,1008,1000
289.788905409208,1008,1000
289.798905409208,1008,1000
289.808905404493,1008,1000
289.818905404493,1008,1000
289.829787404493,1008,1000
289.838905404493,1008,1000
289.848905404493,1008,1000
289.858905404493,1008,1000
289.869666399778,1008,1000
289.878905399778,1008,1000
289.888905399778,1008,1000
289.899041905221,1008,1000
289.909792395197,1008,1000
289.918905395197,1008,1000
289.928905395197,1008,1000
289.939994395197,1008,1000
289.948905395197,1008,1000
289.958905395197,1008,1000
289.968905390616,1008,1000
289.979490853336,1008,1000
289.989579471999,1008,1000
289.998905390616,1008,1000
290.009455882315,1008,1000
290.020162529287,1008,1000
290.028905386168,1008,1000
290.039276711313,1008,1000
290.048905386168,1008,1000
290.058905386168,1008,1000
290.06953538172,1008,1000
290.07890538172,1008,1000
290.089516011957,1008,1000
290.099829688477,1008,1000
290.108905377404,1008,1000
290.118905377404,1008,1000
290.128905377404,1008,1000
290.138905377404,1008,1000
290.148905377404,1008,1000
290.158905377404,1008,1000
290.169210162515,1008,1000
290.178905373088,1008,1000
290.188905373088,1008,1000
290.198905373088,1008,1000
290.208905368902,1008,1000
290.218905368902,1008,1000
290.228905368902,1008,1000
290.238905368902,1008,1000
290.248905368902,1008,1000
290.258905368902,1008,1000
290.268905364716,1008,1000
290.278905364716,1008,1000
290.288905364716,1008,1000
290.299107727071,1008,1000
290.3098863604,1008,1000
290.3189053604,1008,1000
290.3289053604,1008,1000
290.3389053604,1008,1000
290.3497153604,1008,1000
290.359550936284,1008,1000
290.368905356084,1008,1000
290.379140817434,1008,1000
290.388905356084,1008,1000
290.398905356084,1008,1000
290.41002789905,1008,1000
290.419167812845,1008,1000
290.428905351495,1008,1000
290.438905351495,1008,1000
290.448905351495,1008,1000
290.459616351495,1008,1000
290.468905346906,1008,1000
290.479253799351,1008,1000
290.488905346906,1008,1000
290.498905346906,1008,1000
290.508905342458,1008,1000
290.518905342458,1008,1000
290.528905342458,1008,1000
290.538905342458,1008,1000
290.548905342458,1008,1000
290.55907133184,1008,1000
290.56890533801,1008,1000
290.57890533801,1008,1000
290.58890533801,1008,1000
290.60188042306,1008,1000
290.6089053337,1008,1000
290.6189053337,1008,1000
290.6295313337,1008,1000
290.6389053337,1008,1000
290.6489053337,1008,1000
290.6589053337,1008,1000
290.66921932939,1008,1000
290.67951732939,1008,1000
290.68890532939,1008,1000
290.69890532939,1008,1000
290.708905325219,1008,1000
290.718905325219,1008,1000
290.728905325219,1008,1000
290.738905325219,1008,1000
290.748905325219,1008,1000
290.759963325219,1008,1000
290.768905321048,1008,1000
290.778905321048,1008,1000
290.788905321048,1008,1000
290.798905321048,1008,1000
290.808905317281,1008,1000
290.818905317281,1008,1000
290.82927174345,1008,1000
290.838905317281,1008,1000
290.848905317281,1008,1000
290.858905317281,1008,1000
290.868905313514,1008,1000
290.878905313514,1008,1000
290.889151420295,1008,1000
290.898905313514,1008,1000
290.908905310084,1008,1000
290.918905310084,1008,1000
290.928905310084,1008,1000
290.938905310084,1008,1000
290.948905310084,1008,1000
290.958905310084,1008,1000
290.969841306654,1008,1000
290.978905306654,1008,1000
290.988905306654,1008,1000
290.999567306654,1008,1000
291.008905303241,1008,1000
291.018905303241,1008,1000
291.028905303241,1008,1000
291.039104710845,1008,1000
291.048905303241,1008,1000
291.058905303241,1008,1000
291.068905299828,1008,1000
291.078905299828,1008,1000
291.088905299828,1008,1000
291.098905299828,1008,1000
291.108905296435,1008,1000
291.118905296435,1008,1000
291.128905296435,1008,1000
291.139553296435,1008,1000
291.148905296435,1008,1000
291.158905296435,1008,1000
291.168905293042,1008,1000
291.180845196618,1008,1000
291.188905293042,1008,1000
291.198905293042,1008,1000
291.208905289637,1008,1000
291.218905289637,1008,1000
291.228905289637,1008,1000
291.238905289637,1008,1000
291.250090587205,1008,1000
291.259576289637,1008,1000
291.271628379902,1008,1000
291.278905286232,1008,1000
291.288905286232,1008,1000
291.298905286232,1008,1000
291.309756282861,1008,1000
291.319317971016,1008,1000
291.328905282861,1008,1000
291.339219282861,1008,1000
291.348905282861,1008,1000
291.359486282861,1008,1000
291.36890527949,1008,1000
291.378993120973,1008,1000
291.38890527949,1008,1000
291.39987727949,1008,1000
291.408905276144,1008,1000
291.419154659955,1008,1000
291.428905276144,1008,1000
291.438905276144,1008,1000
291.448905276144,1008,1000
291.458905276144,1008,1000
291.470004653238,1008,1000
291.478905272798,1008,1000
291.488905272798,1008,1000
291.498905272798,1008,1000
291.508905269474,1008,1000
291.518905269474,1008,1000
291.528905269474,1008,1000
291.539412023662,1008,1000
291.548905269474,1008,1000
291.558905269474,1008,1000
291.56890526615,1008,1000
291.57890526615,1008,1000
291.59002789905,1008,1000
291.59890526615,1008,1000
291.608905262871,1008,1000
291.618905262871,1008,1000
291.628905262871,1008,1000
291.639922262871,1008,1000
291.656614262871,1008,1000
291.659212629971,1008,1000
291.66936593389,1008,1000
291.678905259592,1008,1000
291.688905259592,1008,1000
291.698905259592,1008,1000
291.709122620168,1008,1000
291.718905256347,1008,1000
291.728905256347,1008,1000
291.738905256347,1008,1000
291.748905256347,1008,1000
291.758905256347,1008,1000
291.768905253102,1008,1000
291.778905253102,1008,1000
291.788905253102,1008,1000
291.798905253102,1008,1000
291.808905249861,1008,1000
291.818905249861,1008,1000
291.828905249861,1008,1000
291.838905249861,1008,1000
291.848905249861,1008,1000
291.858941922248,1008,1000
291.86993624662,1008,1000
291.87978724662,1008,1000
291.88890524662,1008,1000
291.89890524662,1008,1000
291.908905243377,1008,1000
291.918905243377,1008,1000
291.928905243377,1008,1000
291.939226590947,1008,1000
291.949005590947,1008,1000
291.958905243377,1008,1000
291.968905240134,1008,1000
291.978905240134,1008,1000
291.988905240134,1008,1000
291.998905240134,1008,1000
292.008905236902,1008,1000
292.018905236902,1008,1000
292.029777015983,1008,1000
292.038905236902,1008,1000
292.049688547002,1008,1000
292.058905236902,1008,1000
292.06890523367,1008,1000
292.079632999812,1008,1000
292.08890523367,1008,1000
292.099085350603,1008,1000
292.108905230457,1008,1000
292.118905230457,1008,1000
292.128905230457,1008,1000
292.138905230457,1008,1000
292.148905230457,1008,1000
292.158905230457,1008,1000
292.168905227244,1008,1000
292.178905227244,1008,1000
292.188905227244,1008,1000
292.198905227244,1008,1000
292.208905224031,1008,1000
292.218905224031,1008,1000
292.228905224031,1008,1000
292.238905224031,1008,1000
292.248905224031,1008,1000
292.258905224031,1008,1000
292.268905220818,1008,1000
292.278905220818,1008,1000
292.288905220818,1008,1000
292.298905220818,1008,1000
292.309654587534,1008,1000
292.318905217616,1008,1000
292.328905217616,1008,1000
292.338905217616,1008,1000
292.349695954822,1008,1000
292.358905217616,1008,1000
292.368905214414,1008,1000
292.378905214414,1008,1000
292.388929502189,1008,1000
292.399398942014,1008,1000
292.408905211233,1008,1000
292.418905211233,1008,1000
292.428905211233,1008,1000
292.438905211233,1008,1000
292.448905211233,1008,1000
292.458905211233,1008,1000
292.468905208052,1008,1000
292.478905208052,1008,1000
292.488905208052,1008,1000
292.499488922907,1008,1000
292.508905204865,1008,1000
292.518905204865,1008,1000
292.529459204865,1008,1000
292.539775340168,1008,1000
292.548905204865,1008,1000
292.558905204865,1008,1000
292.569503631326,1008,1000
292.578905201678,1008,1000
292.588905201678,1008,1000
292.598905201678,1008,1000
292.60920963964,1008,1000
292.618905198522,1008,1000
292.628905198522,1008,1000
292.638905198522,1008,1000
292.648905198522,1008,1000
292.658905198522,1008,1000
292.668905195366,1008,1000
292.678905195366,1008,1000
292.688905195366,1008,1000
292.698905195366,1008,1000
292.708905192231,1008,1000
292.718905192231,1008,1000
292.728905192231,1008,1000
292.739675192231,1008,1000
292.748905192231,1008,1000
292.758905192231,1008,1000
292.769522189096,1008,1000
292.780231865993,1008,1000
292.788905189096,1008,1000
292.798905189096,1008,1000
292.808905185955,1008,1000
292.818905185955,1008,1000
292.829154672054,1008,1000
292.838905185955,1008,1000
292.849432152898,1008,1000
292.858905185955,1008,1000
292.868905182814,1008,1000
292.878905182814,1008,1000
292.888905182814,1008,1000
292.898905182814,1008,1000
292.908905179715,1008,1000
292.918905179715,1008,1000
292.928905179715,1008,1000
292.938905179715,1008,1000
292.948905179715,1008,1000
292.958905179715,1008,1000
292.969670176616,1008,1000
292.978905176616,1008,1000
292.988905176616,1008,1000
292.998905176616,1008,1000
293.00890517352,1008,1000
293.01890517352,1008,1000
293.02890517352,1008,1000
293.03890517352,1008,1000
293.04890517352,1008,1000
293.05890517352,1008,1000
293.068905170424,1008,1000
293.079769170424,1008,1000
293.089156716019,1008,1000
293.098905170424,1008,1000
293.109742167345,1008,1000
293.118905167345,1008,1000
293.128905167345,1008,1000
293.138905167345,1008,1000
293.149239438719,1008,1000
293.158905167345,1008,1000
293.168905164266,1008,1000
293.179194432561,1008,1000
293.188905164266,1008,1000
293.198905164266,1008,1000
293.210846251838,1008,1000
293.218905161217,1008,1000
293.228905161217,1008,1000
293.239820302307,1008,1000
293.248905161217,1008,1000
293.258905161217,1008,1000
293.268905158168,1008,1000
293.278905158168,1008,1000
293.288905158168,1008,1000
293.298905158168,1008,1000
293.309146558382,1008,1000
293.318905155125,1008,1000
293.328905155125,1008,1000
293.338905155125,1008,1000
293.349104757008,1008,1000
293.358905155125,1008,1000
293.368905152082,1008,1000
293.378905152082,1008,1000
293.388905152082,1008,1000
293.398905152082,1008,1000
293.408905149053,1008,1000
293.418905149053,1008,1000
293.428905149053,1008,1000
293.44015428662,1008,1000
293.448905149053,1008,1000
293.458905149053,1008,1000
293.469521410985,1008,1000
293.478905146024,1008,1000
293.489402552179,1008,1000
293.498905146024,1008,1000
293.509525530582,1008,1000
293.518905143012,1008,1000
293.528905143012,1008,1000
293.538905143012,1008,1000
293.548905143012,1008,1000
293.558905143012,1008,1000
293.56890514,1008,1000
293.57890514,1008,1000
293.58890514,1008,1000
293.59890514,1008,1000
293.60898079813,1008,1000
293.618905137003,1008,1000
293.628905137003,1008,1000
293.638905137003,1008,1000
293.648905137003,1008,1000
293.658905137003,1008,1000
293.668905134006,1008,1000
293.678905134006,1008,1000
293.688905134006,1008,1000
293.698905134006,1008,1000
293.708905131049,1008,1000
293.718905131049,1008,1000
293.729415440161,1008,1000
293.738905131049,1008,1000
293.748905131049,1008,1000
293.758905131049,1008,1000
293.768905128092,1008,1000
293.778905128092,1008,1000
293.788905128092,1008,1000
293.799352313827,1008,1000
293.808905125142,1008,1000
293.818905125142,1008,1000
293.829760125142,1008,1000
293.838905125142,1008,1000
293.850007791396,1008,1000
293.858905125142,1008,1000
293.868905122192,1008,1000
293.878905122192,1008,1000
293.888905122192,1008,1000
293.899104348284,1008,1000
293.908905119254,1008,1000
293.9192260116,1008,1000
293.928905119254,1008,1000
293.938905119254,1008,1000
293.948905119254,1008,1000
293.958905119254,1008,1000
293.969696882362,1008,1000
293.978905116316,1008,1000
293.989381466743,1008,1000
293.998905116316,1008,1000
294.008905113418,1008,1000
294.018905113418,1008,1000
294.028905113418,1008,1000
294.038905113418,1008,1000
294.048905113418,1008,1000
294.060180992047,1008,1000
294.06890511052,1008,1000
294.07986811052,1008,1000
294.08890511052,1008,1000
294.09890511052,1008,1000
294.108905107636,1008,1000
294.118905107636,1008,1000
294.129408200633,1008,1000
294.138905107636,1008,1000
294.149131319106,1008,1000
294.159578624246,1008,1000
294.168905104752,1008,1000
294.178905104752,1008,1000
294.188905104752,1008,1000
294.198905104752,1008,1000
294.209643101874,1008,1000
294.218905101874,1008,1000
294.228905101874,1008,1000
294.238905101874,1008,1000
294.250049356245,1008,1000
294.258905101874,1008,1000
294.268905098996,1008,1000
294.278905098996,1008,1000
294.288905098996,1008,1000
294.298905098996,1008,1000
294.308905096143,1008,1000
294.319294553338,1008,1000
294.328905096143,1008,1000
294.338905096143,1008,1000
294.348905096143,1008,1000
294.358905096143,1008,1000
294.36890509329,1008,1000
294.37890509329,1008,1000
294.38983709329,1008,1000
294.39890509329,1008,1000
294.408905090466,1008,1000
294.418905090466,1008,1000
294.428905090466,1008,1000
294.438905090466,1008,1000
294.448905090466,1008,1000
294.459253284706,1008,1000
294.468905087642,1008,1000
294.478905087642,1008,1000
294.488905087642,1008,1000
294.498905087642,1008,1000
294.5092145585,1008,1000
294.518905084822,1008,1000
294.528905084822,1008,1000
294.538905084822,1008,1000
294.548905084822,1008,1000
294.558905084822,1008,1000
294.568905082002,1008,1000
294.578905082002,1008,1000
294.588905082002,1008,1000
294.598905082002,1008,1000
294.608905079206,1008,1000
294.620201079206,1008,1000
294.628905079206,1008,1000
294.638905079206,1008,1000
294.648905079206,1008,1000
294.658905079206,1008,1000
294.66890507641,1008,1000
294.679472367969,1008,1000
294.689644256566,1008,1000
294.69890507641,1008,1000
294.711148344664,1008,1000
294.718905073634,1008,1000
294.728905073634,1008,1000
294.738905073634,1008,1000
294.748905073634,1008,1000
294.758905073634,1008,1000
294.768905070858,1008,1000
294.778905070858,1008,1000
294.788905070858,1008,1000
294.798905070858,1008,1000
294.808905068125,1008,1000
294.818905068125,1008,1000
294.828905068125,1008,1000
294.838905068125,1008,1000
294.848905068125,1008,1000
294.859497505411,1008,1000
294.871232159062,1008,1000
294.878905065392,1008,1000
294.888905065392,1008,1000
294.898905065392,1008,1000
294.908905062665,1008,1000
294.918905062665,1008,1000
294.928905062665,1008,1000
294.940453033583,1008,1000
294.948905062665,1008,1000
294.958905062665,1008,1000
294.968905059938,1008,1000
294.978905059938,1008,1000
294.988905059938,1008,1000
294.998905059938,1008,1000
295.00976119177,1008,1000
295.018905057237,1008,1000
295.028905057237,1008,1000
295.038905057237,1008,1000
295.048905057237,1008,1000
295.058905057237,1008,1000
295.068905054536,1008,1000
295.079159347256,1008,1000
295.088905054536,1008,1000
295.098905054536,1008,1000
295.108905051868,1008,1000
295.118905051868,1008,1000
295.128905051868,1008,1000
295.138905051868,1008,1000
295.148905051868,1008,1000
295.158905051868,1008,1000
295.1689050492,1008,1000
295.1789050492,1008,1000
295.1889050492,1008,1000
295.1989050492,1008,1000
295.208905046531,1008,1000
295.218905046531,1008,1000
295.228905046531,1008,1000
295.238905046531,1008,1000
295.248905046531,1008,1000
295.258905046531,1008,1000
295.268905043862,1008,1000
295.278905043862,1008,1000
295.288905043862,1008,1000
295.298905043862,1008,1000
295.308905041239,1008,1000
295.318905041239,1008,1000
295.328905041239,1008,1000
295.338905041239,1008,1000
295.348905041239,1008,1000
295.358905041239,1008,1000
295.368905038616,1008,1000
295.378905038616,1008,1000
295.388905038616,1008,1000
295.398905038616,1008,1000
295.408905036016,1008,1000
295.418905036016,1008,1000
295.428905036016,1008,1000
295.438905036016,1008,1000
295.448905036016,1008,1000
295.458905036016,1008,1000
295.468905033416,1008,1000
295.478905033416,1008,1000
295.488905033416,1008,1000
295.498905033416,1008,1000
295.508905030826,1008,1000
295.518905030826,1008,1000
295.528905030826,1008,1000
295.538905030826,1008,1000
295.549034393228,1008,1000
295.558905030826,1008,1000
295.568905028236,1008,1000
295.578905028236,1008,1000
295.589918028236,1008,1000
295.598905028236,1008,1000
295.608905025672,1008,1000
295.618905025672,1008,1000
295.628905025672,1008,1000
295.638905025672,1008,1000
295.648905025672,1008,1000
295.659181154858,1008,1000
295.668905023108,1008,1000
295.678905023108,1008,1000
295.688905023108,1008,1000
295.698905023108,1008,1000
295.708905020563,1008,1000
295.718905020563,1008,1000
295.728905020563,1008,1000
295.738905020563,1008,1000
295.749891020563,1008,1000
295.758905020563,1008,1000
295.768905018018,1008,1000
295.778905018018,1008,1000
295.788905018018,1008,1000
295.798905018018,1008,1000
295.808905015502,1008,1000
295.819091137015,1008,1000
295.828905015502,1008,1000
295.838905015502,1008,1000
295.848905015502,1008,1000
295.858905015502,1008,1000
295.868905012986,1008,1000
295.878905012986,1008,1000
295.889544896725,1008,1000
295.898905012986,1008,1000
295.908905010505,1008,1000
295.918905010505,1008,1000
295.928905010505,1008,1000
295.938905010505,1008,1000
295.948905010505,1008,1000
295.958905010505,1008,1000
295.968905008024,1008,1000
295.978905008024,1008,1000
295.988905008024,1008,1000
295.999496596611,1008,1000
296.008905005562,1008,1000
296.018905005562,1008,1000
296.028905005562,1008,1000
296.038905005562,1008,1000
296.048905005562,1008,1000
296.058905005562,1008,1000
296.0689050031,1008,1000
296.0789050031,1008,1000
296.0889050031,1008,1000
296.0989050031,1008,1000
296.108905000651,1008,1000
296.118905000651,1008,1000
296.128905000651,1008,1000
296.138905000651,1008,1000
296.148905000651,1008,1000
296.158905000651,1008,1000
296.168904998202,1008,1000
296.178904998202,1008,1000
296.188904998202,1008,1000
296.198904998202,1008,1000
296.20890499578,1008,1000
296.219852006416,1008,1000
296.22890499578,1008,1000
296.23948999578,1008,1000
296.24890499578,1008,1000
296.259381639438,1008,1000
296.270085366918,1008,1000
296.278904993358,1008,1000
296.289205100724,1008,1000
296.298904993358,1008,1000
296.308904990971,1008,1000
296.318904990971,1008,1000
296.328904990971,1008,1000
296.339366458839,1008,1000
296.349541816317,1008,1000
296.358904990971,1008,1000
296.368904988584,1008,1000
296.378904988584,1008,1000
296.388904988584,1008,1000
296.398904988584,1008,1000
296.408904986214,1008,1000
296.418904986214,1008,1000
296.428904986214,1008,1000
296.438904986214,1008,1000
296.450000067383,1008,1000
296.458904986214,1008,1000
296.468904983844,1008,1000
296.478904983844,1008,1000
296.488904983844,1008,1000
296.498904983844,1008,1000
296.50957824713,1008,1000
296.519428682499,1008,1000
296.528904981502,1008,1000
296.538904981502,1008,1000
296.548904981502,1008,1000
296.559503981502,1008,1000
296.56890497916,1008,1000
296.57890497916,1008,1000
296.58890497916,1008,1000
296.599656280065,1008,1000
296.608904976851,1008,1000
296.618904976851,1008,1000
296.628904976851,1008,1000
296.638904976851,1008,1000
296.648904976851,1008,1000
296.658904976851,1008,1000
296.668904974542,1008,1000
296.678904974542,1008,1000
296.688904974542,1008,1000
296.698904974542,1008,1000
296.708904972271,1008,1000
296.718904972271,1008,1000
296.728904972271,1008,1000
296.738904972271,1008,1000
296.748904972271,1008,1000
296.759017276953,1008,1000
296.769560214654,1008,1000
296.779205728079,1008,1000
296.78890497,1008,1000
296.79890497,1008,1000
296.808904967753,1008,1000
296.818904967753,1008,1000
296.828904967753,1008,1000
296.838904967753,1008,1000
296.848904967753,1008,1000
296.858904967753,1008,1000
296.868904965506,1008,1000
296.878904965506,1008,1000
296.888904965506,1008,1000
296.898904965506,1008,1000
296.908906604077,1008,1000
296.918904963288,1008,1000
296.928904963288,1008,1000
296.938904963288,1008,1000
296.948904963288,1008,1000
296.958904963288,1008,1000
296.96890496107,1008,1000
296.97890496107,1008,1000
296.98890496107,1008,1000
296.99890496107,1008,1000
297.008904958882,1008,1000
297.018904958882,1008,1000
297.028904958882,1008,1000
297.039198771586,1008,1000
297.048904958882,1008,1000
297.058904958882,1008,1000
297.068904956694,1008,1000
297.078904956694,1008,1000
297.088904956694,1008,1000
297.098904956694,1008,1000
297.10890495453,1008,1000
297.11890495453,1008,1000
297.12890495453,1008,1000
297.13890495453,1008,1000
297.14890495453,1008,1000
297.15890495453,1008,1000
297.168904952366,1008,1000
297.178904952366,1008,1000
297.188904952366,1008,1000
297.199786952366,1008,1000
297.20890495018,1008,1000
297.22018795018,1008,1000
297.22890495018,1008,1000
297.23890495018,1008,1000
297.24890495018,1008,1000
297.25890495018,1008,1000
297.26902300131,1008,1000
297.278904947994,1008,1000
297.289567999124,1008,1000
297.298966817396,1008,1000
297.308904945748,1008,1000
297.318904945748,1008,1000
297.328904945748,1008,1000
297.338904945748,1008,1000
297.348904945748,1008,1000
297.358904945748,1008,1000
297.368904943502,1008,1000
297.378904943502,1008,1000
297.388904943502,1008,1000
297.398904943502,1008,1000
297.408904941293,1008,1000
297.419491267425,1008,1000
297.428904941293,1008,1000
297.438904941293,1008,1000
297.448904941293,1008,1000
297.458904941293,1008,1000
297.468904939084,1008,1000
297.478904939084,1008,1000
297.488904939084,1008,1000
297.498904939084,1008,1000
297.508904936907,1008,1000
297.518904936907,1008,1000
297.528904936907,1008,1000
297.538904936907,1008,1000
297.548904936907,1008,1000
297.558904936907,1008,1000
297.56890493473,1008,1000
297.57890493473,1008,1000
297.58890493473,1008,1000
297.599691414511,1008,1000
297.608904932568,1008,1000
297.618904932568,1008,1000
297.628904932568,1008,1000
297.638904932568,1008,1000
297.648904932568,1008,1000
297.658904932568,1008,1000
297.668904930406,1008,1000
297.67934030015,1008,1000
297.688904930406,1008,1000
297.698904930406,1008,1000
297.708904928271,1008,1000
297.718904928271,1008,1000
297.728904928271,1008,1000
297.739441334079,1008,1000
297.748904928271,1008,1000
297.758904928271,1008,1000
297.768904926136,1008,1000
297.778904926136,1008,1000
297.788904926136,1008,1000
297.798904926136,1008,1000
297.808904924042,1008,1000
297.818904924042,1008,1000
297.828904924042,1008,1000
297.838904924042,1008,1000
297.848904924042,1008,1000
297.858904924042,1008,1000
297.868904921948,1008,1000
297.878904921948,1008,1000
297.888904921948,1008,1000
297.899073743161,1008,1000
297.908904919874,1008,1000
297.918904919874,1008,1000
297.928904919874,1008,1000
297.939306335549,1008,1000
297.948904919874,1008,1000
297.958904919874,1008,1000
297.9695759178,1008,1000
297.9789049178,1008,1000
297.9889049178,1008,1000
297.9989049178,1008,1000
298.008904915766,1008,1000
298.018904915766,1008,1000
298.028904915766,1008,1000
298.038904915766,1008,1000
298.048904915766,1008,1000
298.058904915766,1008,1000
298.068904913732,1008,1000
298.078904913732,1008,1000
298.088904913732,1008,1000
298.098904913732,1008,1000
298.108904911732,1008,1000
298.118904911732,1008,1000
298.128904911732,1008,1000
298.138904911732,1008,1000
298.149669911732,1008,1000
298.158904911732,1008,1000
298.168904909732,1008,1000
298.178904909732,1008,1000
298.188904909732,1008,1000
298.199119369459,1008,1000
298.208904907762,1008,1000
298.219745488138,1008,1000
298.228904907762,1008,1000
298.238904907762,1008,1000
298.248904907762,1008,1000
298.260011907762,1008,1000
298.268904905792,1008,1000
298.278904905792,1008,1000
298.28900849488,1008,1000
298.298904905792,1008,1000
298.308904903855,1008,1000
298.318904903855,1008,1000
298.329445912567,1008,1000
298.338904903855,1008,1000
298.348904903855,1008,1000
298.358904903855,1008,1000
298.368904901918,1008,1000
298.378904901918,1008,1000
298.388904901918,1008,1000
298.398904901918,1008,1000
298.408904900016,1008,1000
298.418904900016,1008,1000
298.428904900016,1008,1000
298.438904900016,1008,1000
298.448904900016,1008,1000
298.459031405996,1008,1000
298.468904898114,1008,1000
298.478904898114,1008,1000
298.488904898114,1008,1000
298.498904898114,1008,1000
298.508904896234,1008,1000
298.519681077188,1008,1000
298.528904896234,1008,1000
298.538904896234,1008,1000
298.548904896234,1008,1000
298.558904896234,1008,1000
298.568904894354,1008,1000
298.578904894354,1008,1000
298.589446340925,1008,1000
298.598904894354,1008,1000
298.608904892513,1008,1000
298.618904892513,1008,1000
298.628904892513,1008,1000
298.638904892513,1008,1000
298.648904892513,1008,1000
298.658904892513,1008,1000
298.668904890672,1008,1000
298.678904890672,1008,1000
298.688904890672,1008,1000
298.698904890672,1008,1000
298.708904888867,1008,1000
298.718934967622,1008,1000
298.728904888867,1008,1000
298.738904888867,1008,1000
298.748904888867,1008,1000
298.758904888867,1008,1000
298.768904887062,1008,1000
298.778904887062,1008,1000
298.788904887062,1008,1000
298.798904887062,1008,1000
298.808904885276,1008,1000
298.818904885276,1008,1000
298.828904885276,1008,1000
298.838904885276,1008,1000
298.848904885276,1008,1000
298.858904885276,1008,1000
298.86890488349,1008,1000
298.87890488349,1008,1000
298.88890488349,1008,1000
298.89890488349,1008,1000
298.908904881747,1008,1000
298.918904881747,1008,1000
298.928904881747,1008,1000
298.938904881747,1008,1000
298.948904881747,1008,1000
298.958904881747,1008,1000
298.968904880004,1008,1000
298.978904880004,1008,1000
298.988904880004,1008,1000
298.999586937325,1008,1000
299.008904878301,1008,1000
299.018904878301,1008,1000
299.028904878301,1008,1000
299.038904878301,1008,1000
299.048904878301,1008,1000
299.058904878301,1008,1000
299.068904876598,1008,1000
299.078904876598,1008,1000
299.090177967148,1008,1000
299.098904876598,1008,1000
299.108904874921,1008,1000
299.118904874921,1008,1000
299.128904874921,1008,1000
299.138904874921,1008,1000
299.148904874921,1008,1000
299.159503943019,1008,1000
299.168904873244,1008,1000
299.178904873244,1008,1000
299.188904873244,1008,1000
299.198904873244,1008,1000
299.208904871606,1008,1000
299.218904871606,1008,1000
299.228904871606,1008,1000
299.238904871606,1008,1000
299.248904871606,1008,1000
299.258904871606,1008,1000
299.268904869968,1008,1000
299.278904869968,1008,1000
299.288904869968,1008,1000
299.298904869968,1008,1000
299.308904868357,1008,1000
299.318904868357,1008,1000
299.329451905501,1008,1000
299.338904868357,1008,1000
299.348904868357,1008,1000
299.358904868357,1008,1000
299.368904866746,1008,1000
299.378904866746,1008,1000
299.388904866746,1008,1000
299.398904866746,1008,1000
299.40890486517,1008,1000
299.41890486517,1008,1000
299.42890486517,1008,1000
299.43890486517,1008,1000
299.44890486517,1008,1000
299.459590963962,1008,1000
299.468904863594,1008,1000
299.478904863594,1008,1000
299.488904863594,1008,1000
299.498904863594,1008,1000
299.508904862053,1008,1000
299.518904862053,1008,1000
299.528904862053,1008,1000
299.538904862053,1008,1000
299.548904862053,1008,1000
299.558904862053,1008,1000
299.568904860512,1008,1000
299.578904860512,1008,1000
299.588904860512,1008,1000
299.598904860512,1008,1000
299.608904859013,1008,1000
299.618904859013,1008,1000
299.628904859013,1008,1000
299.638904859013,1008,1000
299.648904859013,1008,1000
299.659939859013,1008,1000
299.668904857514,1008,1000
299.678904857514,1008,1000
299.688904857514,1008,1000
299.698904857514,1008,1000
299.708904856046,1008,1000
299.718904856046,1008,1000
299.729382816009,1008,1000
299.738904856046,1008,1000
299.748904856046,1008,1000
299.759993856046,1008,1000
299.768904854578,1008,1000
299.778904854578,1008,1000
299.788904854578,1008,1000
299.798904854578,1008,1000
299.808904853153,1008,1000
299.818904853153,1008,1000
299.829391810149,1008,1000
299.838904853153,1008,1000
299.848904853153,1008,1000
299.859920600129,1008,1000
299.868904851728,1008,1000
299.878904851728,1008,1000
299.888904851728,1008,1000
299.898904851728,1008,1000
299.908904402692,1008,1000
299.91890485034,1008,1000
299.929282551419,1008,1000
299.93890485034,1008,1000
299.949682679507,1008,1000
299.95890485034,1008,1000
299.968904848952,1008,1000
299.978904848952,1008,1000
299.988904848952,1008,1000
299.998904848952,1008,1000
300.008904847602,1008,1000
300.018904847602,1008,1000
300.028904847602,1008,1000
300.038904847602,1008,1000
300.048904847602,1008,1000
300.058904847602,1008,1000
300.068904846252,1008,1000
300.078904846252,1008,1000
300.088904846252,1008,1000
300.098904846252,1008,1000
300.10890484493,1008,1000
300.11890484493,1008,1000
300.12890484493,1008,1000
300.13890484493,1008,1000
300.14890484493,1008,1000
300.15890484493,1008,1000
300.168904843608,1008,1000
300.178904843608,1008,1000
300.188904843608,1008,1000
300.198904843608,1008,1000
300.209585725716,1008,1000
300.218904842329,1008,1000
300.228904842329,1008,1000
300.238904842329,1008,1000
300.248904842329,1008,1000
300.258904842329,1008,1000
300.26890484105,1008,1000
300.27890484105,1008,1000
300.28890484105,1008,1000
300.29890484105,1008,1000
300.31000283981,1008,1000
300.31890483981,1008,1000
300.32890483981,1008,1000
300.33890483981,1008,1000
300.35047583981,1008,1000
300.35890483981,1008,1000
300.36890483857,1008,1000
300.37922977933,1008,1000
300.38890483857,1008,1000
300.39890483857,1008,1000
300.408904837369,1008,1000
300.419909778129,1008,1000
300.428904837369,1008,1000
300.438904837369,1008,1000
300.448904837369,1008,1000
300.458904837369,1008,1000
300.469299773435,1008,1000
300.478904836168,1008,1000
300.489172715247,1008,1000
300.498904836168,1008,1000
300.508904835005,1008,1000
300.518904835005,1008,1000
300.528904835005,1008,1000
300.538904835005,1008,1000
300.548904835005,1008,1000
300.558904835005,1008,1000
300.568904833842,1008,1000
300.578904833842,1008,1000
300.588904833842,1008,1000
300.598904833842,1008,1000
300.608904832721,1008,1000
300.618904832721,1008,1000
300.628904832721,1008,1000
300.638904832721,1008,1000
300.648904832721,1008,1000
300.658904832721,1008,1000
300.6689048316,1008,1000
300.6789048316,1008,1000
300.6889048316,1008,1000
300.6989048316,1008,1000
300.708904830518,1008,1000
300.718904830518,1008,1000
300.729265820229,1008,1000
300.738904830518,1008,1000
300.748904830518,1008,1000
300.758904830518,1008,1000
300.768904829436,1008,1000
300.778904829436,1008,1000
300.790366001221,1008,1000
300.798904829436,1008,1000
300.808904828389,1008,1000
300.818904828389,1008,1000
300.828904828389,1008,1000
300.838904828389,1008,1000
300.848904828389,1008,1000
300.85965593056,1008,1000
300.868904827342,1008,1000
300.878904827342,1008,1000
300.888904827342,1008,1000
300.898904827342,1008,1000
300.908904826334,1008,1000
300.918904826334,1008,1000
300.928904826334,1008,1000
300.938904826334,1008,1000
300.948904826334,1008,1000
300.958904826334,1008,1000
300.968904825326,1008,1000
300.978904825326,1008,1000
300.989195868334,1008,1000
300.998904825326,1008,1000
301.008904824362,1008,1000
301.018904824362,1008,1000
301.028904824362,1008,1000
301.038904824362,1008,1000
301.048904824362,1008,1000
301.058904824362,1008,1000
301.068904823398,1008,1000
301.078904823398,1008,1000
301.088904823398,1008,1000
301.098904823398,1008,1000
301.108904821916,1008,1000
301.118904821916,1008,1000
301.128904821916,1008,1000
301.138904821916,1008,1000
301.148904821916,1008,1000
301.158904821916,1008,1000
301.168904820434,1008,1000
301.178904820434,1008,1000
301.188904820434,1008,1000
301.198904820434,1008,1000
301.209692816149,1008,1000
301.218904816149,1008,1000
301.229988987058,1008,1000
301.238904816149,1008,1000
301.248963911763,1008,1000
301.258904816149,1008,1000
301.268904811864,1008,1000
301.278904811864,1008,1000
301.289983577467,1008,1000
301.299359899872,1008,1000
301.308904807628,1008,1000
301.318904807628,1008,1000
301.328904807628,1008,1000
301.338904807628,1008,1000
301.348904807628,1008,1000
301.359264486045,1008,1000
301.369452226137,1008,1000
301.378904803392,1008,1000
301.389593803392,1008,1000
301.398904803392,1008,1000
301.408904799959,1008,1000
301.418904799959,1008,1000
301.429872799959,1008,1000
301.438904799959,1008,1000
301.448904799959,1008,1000
301.458904799959,1008,1000
301.468904796526,1008,1000
301.478904796526,1008,1000
301.488904796526,1008,1000
301.499144697435,1008,1000
301.508904795451,1008,1000
301.518904795451,1008,1000
301.528904795451,1008,1000
301.538904795451,1008,1000
301.548904795451,1008,1000
301.558904795451,1008,1000
301.568904794376,1008,1000
301.578904794376,1008,1000
301.588904794376,1008,1000
301.598904794376,1008,1000
301.608904793333,1008,1000
301.618904793333,1008,1000
301.629535257494,1008,1000
301.638904793333,1008,1000
301.648904793333,1008,1000
301.658904793333,1008,1000
301.66890479229,1008,1000
301.680038064293,1008,1000
301.68890479229,1008,1000
301.69958479229,1008,1000
301.708904791292,1008,1000
301.718904791292,1008,1000
301.728904791292,1008,1000
301.738904791292,1008,1000
301.749399956535,1008,1000
301.758904791292,1008,1000
301.768904790294,1008,1000
301.778904790294,1008,1000
301.788904790294,1008,1000
301.798904790294,1008,1000
301.808904789334,1008,1000
301.818904789334,1008,1000
301.828904789334,1008,1000
301.838904789334,1008,1000
301.848904789334,1008,1000
301.858904789334,1008,1000
301.868904788374,1008,1000
301.878904788374,1008,1000
301.890055299694,1008,1000
301.898904788374,1008,1000
301.90890478746,1008,1000
301.91890478746,1008,1000
301.92890478746,1008,1000
301.93890478746,1008,1000
301.94890478746,1008,1000
301.960352377559,1008,1000
301.968904786546,1008,1000
301.978904786546,1008,1000
301.988904786546,1008,1000
301.998904786546,1008,1000
302.008985298783,1008,1000
302.018904785676,1008,1000
302.030227264185,1008,1000
302.038904785676,1008,1000
302.050057312108,1008,1000
302.058904785676,1008,1000
302.068904784806,1008,1000
302.078904784806,1008,1000
302.088904784806,1008,1000
302.099571149941,1008,1000
302.108904783976,1008,1000
302.119482197034,1008,1000
302.128904783976,1008,1000
302.138904783976,1008,1000
302.149251343672,1008,1000
302.158904783976,1008,1000
302.169755783146,1008,1000
302.178904783146,1008,1000
302.189719743101,1008,1000
302.198904783146,1008,1000
302.208904782357,1008,1000
302.218904782357,1008,1000
302.228904782357,1008,1000
302.239126666453,1008,1000
302.248904782357,1008,1000
302.259000626408,1008,1000
302.268904781568,1008,1000
302.278904781568,1008,1000
302.288904781568,1008,1000
302.298904781568,1008,1000
302.308904780823,1008,1000
302.318904780823,1008,1000
302.328904780823,1008,1000
302.338904780823,1008,1000
302.348904780823,1008,1000
302.358904780823,1008,1000
302.368904780078,1008,1000
302.378904780078,1008,1000
302.388904780078,1008,1000
302.398904780078,1008,1000
302.408904779381,1008,1000
302.418904779381,1008,1000
302.428904779381,1008,1000
302.438904779381,1008,1000
302.448904779381,1008,1000
302.458904779381,1008,1000
302.468904778684,1008,1000
302.478904778684,1008,1000
302.488904778684,1008,1000
302.498904778684,1008,1000
302.508904778225,1008,1000
302.518904778225,1008,1000
302.528904778225,1008,1000
302.538904778225,1008,1000
302.548904778225,1008,1000
302.558904778225,1008,1000
302.568904777766,1008,1000
302.578904777766,1008,1000
302.589659988267,1008,1000
302.599498777766,1008,1000
302.608904777549,1008,1000
302.618904777549,1008,1000
302.628904777549,1008,1000
302.638904777549,1008,1000
302.648904777549,1008,1000
302.658904777549,1008,1000
302.669492628434,1008,1000
302.678904777332,1008,1000
302.688904777332,1008,1000
302.698904777332,1008,1000
302.708904777159,1008,1000
302.718904777159,1008,1000
302.728904777159,1008,1000
302.738904777159,1008,1000
302.748904777159,1008,1000
302.759765962674,1008,1000
302.768904776986,1008,1000
302.778904776986,1008,1000
302.788904776986,1008,1000
302.798904776986,1008,1000
302.808904776858,1008,1000
302.818904776858,1008,1000
302.828992840482,1008,1000
302.838904776858,1008,1000
302.848904776858,1008,1000
302.858904776858,1008,1000
302.86890477673,1008,1000
302.87890477673,1008,1000
302.88890477673,1008,1000
302.89890477673,1008,1000
302.908904776646,1008,1000
302.918904776646,1008,1000
302.928904776646,1008,1000
302.938904776646,1008,1000
302.948904776646,1008,1000
302.958904776646,1008,1000
302.968904776562,1008,1000
302.978904776562,1008,1000
302.988904776562,1008,1000
302.998904776562,1008,1000
303.008904776523,1008,1000
303.018904776523,1008,1000
303.029404625301,1008,1000
303.038904776523,1008,1000
303.048904776523,1008,1000
303.058904776523,1008,1000
303.069707597022,1008,1000
303.078904776484,1008,1000
303.088904776484,1008,1000
303.098904776484,1008,1000
303.108904776489,1008,1000
303.118904776489,1008,1000
303.128904776489,1008,1000
303.138904776489,1008,1000
303.148904776489,1008,1000
303.158904776489,1008,1000
303.168904776494,1008,1000
303.178904776494,1008,1000
303.188904776494,1008,1000
303.198904776494,1008,1000
303.208904776542,1008,1000
303.218904776542,1008,1000
303.228904776542,1008,1000
303.238904776542,1008,1000
303.248904776542,1008,1000
303.258904776542,1008,1000
303.26890477659,1008,1000
303.27890477659,1008,1000
303.28890477659,1008,1000
303.29890477659,1008,1000
303.308904776683,1008,1000
303.318904776683,1008,1000
303.329451625385,1008,1000
303.338904776683,1008,1000
303.348904776683,1008,1000
303.358904776683,1008,1000
303.368904776776,1008,1000
303.378904776776,1008,1000
303.388904776776,1008,1000
303.398904776776,1008,1000
303.408904776914,1008,1000
303.419773633211,1008,1000
303.428904776914,1008,1000
303.438904776914,1008,1000
303.449060626036,1008,1000
303.458904776914,1008,1000
303.468904777052,1008,1000
303.479800777052,1008,1000
303.488992615164,1008,1000
303.498904777052,1008,1000
303.508904777234,1008,1000
303.518904777234,1008,1000
303.52968562677,1008,1000
303.538904777234,1008,1000
303.549081655236,1008,1000
303.558904777234,1008,1000
303.568904777416,1008,1000
303.578904777416,1008,1000
303.588904777416,1008,1000
303.598904777416,1008,1000
303.608904777642,1008,1000
303.618904777642,1008,1000
303.628904777642,1008,1000
303.639110736459,1008,1000
303.649852319275,1008,1000
303.658904777642,1008,1000
303.668904777868,1008,1000
303.678904777868,1008,1000
303.688904777868,1008,1000
303.698904777868,1008,1000
303.709095588036,1008,1000
303.719241198364,1008,1000
303.728904778139,1008,1000
303.740090426508,1008,1000
303.748904778139,1008,1000
303.758904778139,1008,1000
303.76890477841,1008,1000
303.77890477841,1008,1000
303.78890477841,1008,1000
303.79890477841,1008,1000
303.809362306182,1008,1000
303.818904778724,1008,1000
303.828904778724,1008,1000
303.838904778724,1008,1000
303.848904778724,1008,1000
303.858904778724,1008,1000
303.868904779038,1008,1000
303.878904779038,1008,1000
303.888904779038,1008,1000
303.899544806982,1008,1000
303.908904779397,1008,1000
303.918904779397,1008,1000
303.928904779397,1008,1000
303.939331726157,1008,1000
303.948904779397,1008,1000
303.958904779397,1008,1000
303.968904779756,1008,1000
303.978904779756,1008,1000
303.988904779756,1008,1000
303.998904779756,1008,1000
304.008904780159,1008,1000
304.018904780159,1008,1000
304.028904780159,1008,1000
304.038904780159,1008,1000
304.049970635241,1008,1000
304.058904780159,1008,1000
304.069561780562,1008,1000
304.078904780562,1008,1000
304.088904780562,1008,1000
304.098904780562,1008,1000
304.108904781009,1008,1000
304.1191795172,1008,1000
304.128904781009,1008,1000
304.139078461839,1008,1000
304.148904781009,1008,1000
304.159366858351,1008,1000
304.168904781456,1008,1000
304.178904781456,1008,1000
304.188904781456,1008,1000
304.198904781456,1008,1000
304.208904781947,1008,1000
304.218904781947,1008,1000
304.228904781947,1008,1000
304.238904781947,1008,1000
304.248904781947,1008,1000
304.258904781947,1008,1000
304.268904782438,1008,1000
304.278904782438,1008,1000
304.288904782438,1008,1000
304.298904782438,1008,1000
304.308904782973,1008,1000
304.318904782973,1008,1000
304.328904782973,1008,1000
304.338904782973,1008,1000
304.348904782973,1008,1000
304.358904782973,1008,1000
304.368904783508,1008,1000
304.378904783508,1008,1000
304.389462783508,1008,1000
304.398904783508,1008,1000
304.408904784088,1008,1000
304.419269910117,1008,1000
304.428904784088,1008,1000
304.438904784088,1008,1000
304.448904784088,1008,1000
304.458904784088,1008,1000
304.468904784668,1008,1000
304.478904784668,1008,1000
304.488904784668,1008,1000
304.498904784668,1008,1000
304.510843052044,1008,1000
304.518904785285,1008,1000
304.528904785285,1008,1000
304.538904785285,1008,1000
304.548904785285,1008,1000
304.558904785285,1008,1000
304.568904785902,1008,1000
304.578904785902,1008,1000
304.588904785902,1008,1000
304.598904785902,1008,1000
304.608904786564,1008,1000
304.618904786564,1008,1000
304.628904786564,1008,1000
304.638904786564,1008,1000
304.648904786564,1008,1000
304.658904786564,1008,1000
304.668904787226,1008,1000
304.679190961556,1008,1000
304.688904787226,1008,1000
304.698904787226,1008,1000
304.708904787929,1008,1000
304.718904787929,1008,1000
304.728904787929,1008,1000
304.738904787929,1008,1000
304.748904787929,1008,1000
304.758904787929,1008,1000
304.768904788632,1008,1000
304.778904788632,1008,1000
304.788904788632,1008,1000
304.798904788632,1008,1000
304.808904789381,1008,1000
304.818904789381,1008,1000
304.828904789381,1008,1000
304.838904789381,1008,1000
304.848904789381,1008,1000
304.858904789381,1008,1000
304.86890479013,1008,1000
304.87890479013,1008,1000
304.88890479013,1008,1000
304.89890479013,1008,1000
304.908904790921,1008,1000
304.918904790921,1008,1000
304.928904790921,1008,1000
304.938986013959,1008,1000
304.948904790921,1008,1000
304.958904790921,1008,1000
304.968904791712,1008,1000
304.978904791712,1008,1000
304.988904791712,1008,1000
304.998904791712,1008,1000
305.008904792542,1008,1000
305.020980887042,1008,1000
305.028904792542,1008,1000
305.038904792542,1008,1000
305.048904792542,1008,1000
305.058904792542,1008,1000
305.068904793372,1008,1000
305.078904793372,1008,1000
305.088904793372,1008,1000
305.098904793372,1008,1000
305.108904794249,1008,1000
305.119625359133,1008,1000
305.128904794249,1008,1000
305.138904794249,1008,1000
305.148904794249,1008,1000
305.158904794249,1008,1000
305.168904795126,1008,1000
305.178904795126,1008,1000
305.188904795126,1008,1000
305.198988065826,1008,1000
305.20890479604,1008,1000
305.21890479604,1008,1000
305.22890479604,1008,1000
305.23890479604,1008,1000
305.24890479604,1008,1000
305.25890479604,1008,1000
305.268904796954,1008,1000
305.278904796954,1008,1000
305.288904796954,1008,1000
305.298904796954,1008,1000
305.308904797909,1008,1000
305.319584375631,1008,1000
305.328904797909,1008,1000
305.338904797909,1008,1000
305.348904797909,1008,1000
305.360176784287,1008,1000
305.368904798864,1008,1000
305.378904798864,1008,1000
305.388904798864,1008,1000
305.398904798864,1008,1000
305.408904799864,1008,1000
305.418904799864,1008,1000
305.429556685101,1008,1000
305.438904799864,1008,1000
305.448904799864,1008,1000
305.458904799864,1008,1000
305.468904800864,1008,1000
305.478904800864,1008,1000
305.488904800864,1008,1000
305.498904800864,1008,1000
305.508904801905,1008,1000
305.518904801905,1008,1000
305.528904801905,1008,1000
305.538904801905,1008,1000
305.548904801905,1008,1000
305.558904801905,1008,1000
305.568904802946,1008,1000
305.579298433824,1008,1000
305.588904802946,1008,1000
305.598904802946,1008,1000
305.608904804027,1008,1000
305.618904804027,1008,1000
305.628904804027,1008,1000
305.638904804027,1008,1000
305.648904804027,1008,1000
305.658904804027,1008,1000
305.668904805108,1008,1000
305.678904805108,1008,1000
305.688904805108,1008,1000
305.698904805108,1008,1000
305.708904806234,1008,1000
305.718904806234,1008,1000
305.728904806234,1008,1000
305.738904806234,1008,1000
305.748904806234,1008,1000
305.758904806234,1008,1000
305.76890480736,1008,1000
305.77890480736,1008,1000
305.78890480736,1008,1000
305.79890480736,1008,1000
305.80890480852,1008,1000
305.81890480852,1008,1000
305.82890480852,1008,1000
305.839408491765,1008,1000
305.84890480852,1008,1000
305.859773206837,1008,1000
305.86890480968,1008,1000
305.87890480968,1008,1000
305.88890480968,1008,1000
305.89890480968,1008,1000
305.908904810878,1008,1000
305.918904810878,1008,1000
305.929144118665,1008,1000
305.938904810878,1008,1000
305.948904810878,1008,1000
305.958904810878,1008,1000
305.968904812076,1008,1000
305.978904812076,1008,1000
305.988904812076,1008,1000
305.998904812076,1008,1000
306.008904813318,1008,1000
306.018904813318,1008,1000
306.028904813318,1008,1000
306.038904813318,1008,1000
306.048904813318,1008,1000
306.058904813318,1008,1000
306.06890481456,1008,1000
306.07890481456,1008,1000
306.08890481456,1008,1000
306.099230551565,1008,1000
306.108904815836,1008,1000
306.118904815836,1008,1000
306.128904815836,1008,1000
306.138904815836,1008,1000
306.148904815836,1008,1000
306.158904815836,1008,1000
306.168904817112,1008,1000
306.17971274563,1008,1000
306.188904817112,1008,1000
306.198904817112,1008,1000
306.208904818429,1008,1000
306.218904818429,1008,1000
306.228904818429,1008,1000
306.238904818429,1008,1000
306.248904818429,1008,1000
306.258904818429,1008,1000
306.268904819746,1008,1000
306.278904819746,1008,1000
306.288904819746,1008,1000
306.298904819746,1008,1000
306.308904821102,1008,1000
306.318904821102,1008,1000
306.328904821102,1008,1000
306.338904821102,1008,1000
306.349316756164,1008,1000
306.359087756164,1008,1000
306.368904822458,1008,1000
306.378904822458,1008,1000
306.388904822458,1008,1000
306.398904822458,1008,1000
306.40890482386,1008,1000
306.41890482386,1008,1000
306.42890482386,1008,1000
306.43890482386,1008,1000
306.44890482386,1008,1000
306.45890482386,1008,1000
306.468904825262,1008,1000
306.478904825262,1008,1000
306.488904825262,1008,1000
306.498904825262,1008,1000
306.508904826694,1008,1000
306.518904826694,1008,1000
306.528904826694,1008,1000
306.538904826694,1008,1000
306.548904826694,1008,1000
306.558904826694,1008,1000
306.568904828126,1008,1000
306.579542303603,1008,1000
306.588904828126,1008,1000
306.598904828126,1008,1000
306.608904829596,1008,1000
306.619177779986,1008,1000
306.628904829596,1008,1000
306.638904829596,1008,1000
306.648904829596,1008,1000
306.658904829596,1008,1000
306.668904831066,1008,1000
306.678904831066,1008,1000
306.688904831066,1008,1000
306.699586787298,1008,1000
306.708904832577,1008,1000
306.718904832577,1008,1000
306.728904832577,1008,1000
306.738904832577,1008,1000
306.748904832577,1008,1000
306.758904832577,1008,1000
306.768904834088,1008,1000
306.778904834088,1008,1000
306.788904834088,1008,1000
306.799909365302,1008,1000
306.808904835637,1008,1000
306.818904835637,1008,1000
306.828904835637,1008,1000
306.840068503371,1008,1000
306.848904835637,1008,1000
306.858904835637,1008,1000
306.869136303438,1008,1000
306.878904837186,1008,1000
306.888904837186,1008,1000
306.898904837186,1008,1000
306.909493443086,1008,1000
306.918904838765,1008,1000
306.928904838765,1008,1000
306.938904838765,1008,1000
306.948904838765,1008,1000
306.958904838765,1008,1000
306.968904840344,1008,1000
306.978904840344,1008,1000
306.988904840344,1008,1000
306.998904840344,1008,1000
307.008904841969,1008,1000
307.018904841969,1008,1000
307.028904841969,1008,1000
307.038904841969,1008,1000
307.048904841969,1008,1000
307.061008679303,1008,1000
307.068904843594,1008,1000
307.078904843594,1008,1000
307.088904843594,1008,1000
307.098904843594,1008,1000
307.108904845259,1008,1000
307.118904845259,1008,1000
307.129842072622,1008,1000
307.138904845259,1008,1000
307.148904845259,1008,1000
307.158904845259,1008,1000
307.168904846924,1008,1000
307.178904846924,1008,1000
307.188904846924,1008,1000
307.199105020496,1008,1000
307.208904848611,1008,1000
307.218904848611,1008,1000
307.228904848611,1008,1000
307.238904848611,1008,1000
307.248904848611,1008,1000
307.258904848611,1008,1000
307.268904850298,1008,1000
307.278904850298,1008,1000
307.288904850298,1008,1000
307.298904850298,1008,1000
307.308904852031,1008,1000
307.318904852031,1008,1000
307.32977584651,1008,1000
307.338904852031,1008,1000
307.348904852031,1008,1000
307.358904852031,1008,1000
307.368904853764,1008,1000
307.378904853764,1008,1000
307.388904853764,1008,1000
307.398992691876,1008,1000
307.411215976273,1008,1000
307.418904855527,1008,1000
307.429777855527,1008,1000
307.438904855527,1008,1000
307.448904855527,1008,1000
307.458904855527,1008,1000
307.46890485729,1008,1000
307.479175882603,1008,1000
307.48890485729,1008,1000
307.499193813767,1008,1000
307.508904859087,1008,1000
307.518904859087,1008,1000
307.528904859087,1008,1000
307.538904859087,1008,1000
307.548909268687,1008,1000
307.558909268687,1008,1000
307.569607270484,1008,1000
307.578909270484,1008,1000
307.588909270484,1008,1000
307.599010232243,1008,1000
307.608909272326,1008,1000
307.618909272326,1008,1000
307.628909272326,1008,1000
307.638909272326,1008,1000
307.648909272326,1008,1000
307.658909272326,1008,1000
307.668904864568,1008,1000
307.678904864568,1008,1000
307.688936526945,1008,1000
307.698904864568,1008,1000
307.711065315179,1008,1000
307.718904866436,1008,1000
307.728904866436,1008,1000
307.738904866436,1008,1000
307.748904866436,1008,1000
307.758904866436,1008,1000
307.768904868304,1008,1000
307.778904868304,1008,1000
307.788904868304,1008,1000
307.798904868304,1008,1000
307.808904870204,1008,1000
307.818904870204,1008,1000
307.828904870204,1008,1000
307.838904870204,1008,1000
307.849614015947,1008,1000
307.858904870204,1008,1000
307.868904872104,1008,1000
307.878904872104,1008,1000
307.888904872104,1008,1000
307.898904872104,1008,1000
307.909620874038,1008,1000
307.918904874038,1008,1000
307.928904874038,1008,1000
307.938904874038,1008,1000
307.948904874038,1008,1000
307.958904874038,1008,1000
307.968904875972,1008,1000
307.978904875972,1008,1000
307.988904875972,1008,1000
307.998904875972,1008,1000
308.008904877942,1008,1000
308.018904877942,1008,1000
308.028904877942,1008,1000
308.038904877942,1008,1000
308.048904877942,1008,1000
308.058904877942,1008,1000
308.069534879912,1008,1000
308.078904879912,1008,1000
308.08977737209,1008,1000
308.098904879912,1008,1000
308.10949007201,1008,1000
308.118904881911,1008,1000
308.129961376635,1008,1000
308.138904881911,1008,1000
308.148904881911,1008,1000
308.158992720023,1008,1000
308.16890488391,1008,1000
308.17890488391,1008,1000
308.18890488391,1008,1000
308.199323361495,1008,1000
308.20890488594,1008,1000
308.21890488594,1008,1000
308.22890488594,1008,1000
308.23890488594,1008,1000
308.24890488594,1008,1000
308.25890488594,1008,1000
308.26890488797,1008,1000
308.27923487486,1008,1000
308.28890488797,1008,1000
308.299274743208,1008,1000
308.308904890028,1008,1000
308.318904890028,1008,1000
308.328904890028,1008,1000
308.338904890028,1008,1000
308.348904890028,1008,1000
308.35907708525,1008,1000
308.369186126258,1008,1000
308.378904892086,1008,1000
308.388904892086,1008,1000
308.398904892086,1008,1000
308.408904894186,1008,1000
308.419835144631,1008,1000
308.428904894186,1008,1000
308.438904894186,1008,1000
308.448904894186,1008,1000
308.458904894186,1008,1000
308.468904896286,1008,1000
308.478904896286,1008,1000
308.489116141867,1008,1000
308.498904896286,1008,1000
308.508904898423,1008,1000
308.519885553227,1008,1000
308.528904898423,1008,1000
308.538904898423,1008,1000
308.548904898423,1008,1000
308.558904898423,1008,1000
308.56890490056,1008,1000
308.57890490056,1008,1000
308.589085554737,1008,1000
308.59890490056,1008,1000
308.608904902716,1008,1000
308.618904902716,1008,1000
308.629098182811,1008,1000
308.638904902716,1008,1000
308.648904902716,1008,1000
308.658904902716,1008,1000
308.668904904872,1008,1000
308.678904904872,1008,1000
308.688904904872,1008,1000
308.700074288125,1008,1000
308.708904907057,1008,1000
308.718904907057,1008,1000
308.728904907057,1008,1000
308.738904907057,1008,1000
308.74992101283,1008,1000
308.76002789905,1008,1000
308.769391298317,1008,1000
308.778904909242,1008,1000
308.788904909242,1008,1000
308.798904909242,1008,1000
308.808904911458,1008,1000
308.819382025238,1008,1000
308.829270919465,1008,1000
308.838904911458,1008,1000
308.848904911458,1008,1000
308.858904911458,1008,1000
308.868904913674,1008,1000
308.878904913674,1008,1000
308.889163237372,1008,1000
308.899944913674,1008,1000
308.908904916564,1008,1000
308.918904916564,1008,1000
308.928904916564,1008,1000
308.938904916564,1008,1000
308.949506039482,1008,1000
308.958904916564,1008,1000
308.969351934078,1008,1000
308.978904919454,1008,1000
308.988904919454,1008,1000
308.998904919454,1008,1000
309.008904923934,1008,1000
309.018904923934,1008,1000
309.028904923934,1008,1000
309.038904923934,1008,1000
309.048904923934,1008,1000
309.058904923934,1008,1000
309.068904928414,1008,1000
309.078904928414,1008,1000
309.088904928414,1008,1000
309.099516928414,1008,1000
309.109497080827,1008,1000
309.118904932909,1008,1000
309.128904932909,1008,1000
309.138904932909,1008,1000
309.148904932909,1008,1000
309.158904932909,1008,1000
309.168904937404,1008,1000
309.178904937404,1008,1000
309.188904937404,1008,1000
309.198904937404,1008,1000
309.208904941912,1008,1000
309.218904941912,1008,1000
309.228904941912,1008,1000
309.238904941912,1008,1000
309.248904941912,1008,1000
309.258904941912,1008,1000
309.269671756799,1008,1000
309.27890494642,1008,1000
309.28890494642,1008,1000
309.29890494642,1008,1000
309.308904950766,1008,1000
309.318904950766,1008,1000
309.328904950766,1008,1000
309.338904950766,1008,1000
309.348904950766,1008,1000
309.358904950766,1008,1000
309.368904955112,1008,1000
309.378904955112,1008,1000
309.388904955112,1008,1000
309.398904955112,1008,1000
309.408906359952,1008,1000
309.418904956653,1008,1000
309.429254158101,1008,1000
309.438904956653,1008,1000
309.448904956653,1008,1000
309.459289008546,1008,1000
309.468904958194,1008,1000
309.478904958194,1008,1000
309.488904958194,1008,1000
309.498904958194,1008,1000
309.508904959761,1008,1000
309.518904959761,1008,1000
309.529571222071,1008,1000
309.538904959761,1008,1000
309.548904959761,1008,1000
309.558904959761,1008,1000
309.568904961328,1008,1000
309.578904961328,1008,1000
309.589503961328,1008,1000
309.598924120286,1008,1000
309.608904962925,1008,1000
309.618904962925,1008,1000
309.628904962925,1008,1000
309.638904962925,1008,1000
309.648904962925,1008,1000
309.658904962925,1008,1000
309.668904964522,1008,1000
309.678904964522,1008,1000
309.689786964522,1008,1000
309.700125346681,1008,1000
309.708904966155,1008,1000
309.719714966155,1008,1000
309.728904966155,1008,1000
309.738904966155,1008,1000
309.748904966155,1008,1000
309.759140031627,1008,1000
309.769433415419,1008,1000
309.778904967788,1008,1000
309.788942034893,1008,1000
309.798904967788,1008,1000
309.808904969446,1008,1000
309.818904969446,1008,1000
309.829678969446,1008,1000
309.838904969446,1008,1000
309.848904969446,1008,1000
309.859480267697,1008,1000
309.868904971104,1008,1000
309.878904971104,1008,1000
309.888904971104,1008,1000
309.898904971104,1008,1000
309.908904972797,1008,1000
309.918904972797,1008,1000
309.928904972797,1008,1000
309.938904972797,1008,1000
309.948904972797,1008,1000
309.958904972797,1008,1000
309.96955797449,1008,1000
309.980397878452,1008,1000
309.98890497449,1008,1000
309.99890497449,1008,1000
310.008904976211,1008,1000
310.018904976211,1008,1000
310.029557976211,1008,1000
310.038904976211,1008,1000
310.049741955613,1008,1000
310.058904976211,1008,1000
310.068904977932,1008,1000
310.078904977932,1008,1000
310.088904977932,1008,1000
310.098904977932,1008,1000
310.108904979682,1008,1000
310.119032036245,1008,1000
310.129604934856,1008,1000
310.138904979682,1008,1000
310.148904979682,1008,1000
310.158904979682,1008,1000
310.168904981432,1008,1000
310.178928745686,1008,1000
310.188904981432,1008,1000
310.198904981432,1008,1000
310.208904983222,1008,1000
310.219479239906,1008,1000
310.228904983222,1008,1000
310.238904983222,1008,1000
310.248904983222,1008,1000
310.260480983222,1008,1000
310.268904985012,1008,1000
310.278904985012,1008,1000
310.288904985012,1008,1000
310.298904985012,1008,1000
310.308904986827,1008,1000
310.320180856498,1008,1000
310.329717070999,1008,1000
310.338904986827,1008,1000
310.348904986827,1008,1000
310.358904986827,1008,1000
310.368904988642,1008,1000
310.378904988642,1008,1000
310.38951594609,1008,1000
310.399088160591,1008,1000
310.409543990482,1008,1000
310.418904990482,1008,1000
310.429782990482,1008,1000
310.438904990482,1008,1000
310.448928024118,1008,1000
310.458904990482,1008,1000
310.468904992322,1008,1000
310.478904992322,1008,1000
310.488904992322,1008,1000
310.499064083754,1008,1000
310.509993994194,1008,1000
310.518904994194,1008,1000
310.529695272568,1008,1000
310.538904994194,1008,1000
310.549485994194,1008,1000
310.558904994194,1008,1000
310.569130367712,1008,1000
310.57924809121,1008,1000
310.588904996066,1008,1000
310.598904996066,1008,1000
310.60890499797,1008,1000
310.61890499797,1008,1000
310.62890499797,1008,1000
310.63978299797,1008,1000
310.64890499797,1008,1000
310.65890499797,1008,1000
310.668904999874,1008,1000
310.678904999874,1008,1000
310.688904999874,1008,1000
310.700222714917,1008,1000
310.70901910073,1008,1000
310.71890500181,1008,1000
310.72890500181,1008,1000
310.73890500181,1008,1000
310.74890500181,1008,1000
310.759157434085,1008,1000
310.769521819613,1008,1000
310.778905003746,1008,1000
310.790031736947,1008,1000
310.798905003746,1008,1000
310.808905005707,1008,1000
310.818905005707,1008,1000
310.829097739108,1008,1000
310.838905005707,1008,1000
310.848905005707,1008,1000
310.859501843604,1008,1000
310.868905007668,1008,1000
310.878905007668,1008,1000
310.888905007668,1008,1000
310.898905007668,1008,1000
310.909576232736,1008,1000
310.918905009654,1008,1000
310.928905009654,1008,1000
310.939769009654,1008,1000
310.948905009654,1008,1000
310.958905009654,1008,1000
310.96890501164,1008,1000
310.97890501164,1008,1000
310.98890501164,1008,1000
310.99890501164,1008,1000
311.009104125034,1008,1000
311.01890501443,1008,1000
311.02890501443,1008,1000
311.03890501443,1008,1000
311.04890501443,1008,1000
311.05890501443,1008,1000
311.06890501722,1008,1000
311.07890501722,1008,1000
311.08890501722,1008,1000
311.09890501722,1008,1000
311.108905020272,1008,1000
311.118905020272,1008,1000
311.129819414564,1008,1000
311.138912945615,1008,1000
311.148905020272,1008,1000
311.158905020272,1008,1000
311.168905023324,1008,1000
311.179958023324,1008,1000
311.188905023324,1008,1000
311.199775538838,1008,1000
311.208905026371,1008,1000
311.218905026371,1008,1000
311.228905026371,1008,1000
311.238905026371,1008,1000
311.249149150645,1008,1000
311.258905026371,1008,1000
311.269029669206,1008,1000
311.279886156716,1008,1000
311.288905029418,1008,1000
311.298905029418,1008,1000
311.308905032485,1008,1000
311.318905032485,1008,1000
311.330172305974,1008,1000
311.338905032485,1008,1000
311.349356290151,1008,1000
311.358905032485,1008,1000
311.368905035552,1008,1000
311.378905035552,1008,1000
311.388905035552,1008,1000
311.399606442476,1008,1000
311.40890503863,1008,1000
311.41890503863,1008,1000
311.42890503863,1008,1000
311.43890503863,1008,1000
311.44890503863,1008,1000
311.45890503863,1008,1000
311.468905041708,1008,1000
311.478905041708,1008,1000
311.488905041708,1008,1000
311.498905041708,1008,1000
311.508905044815,1008,1000
311.519931044815,1008,1000
311.528905044815,1008,1000
311.539654216128,1008,1000
311.548905044815,1008,1000
311.558905044815,1008,1000
311.568905047922,1008,1000
311.578905047922,1008,1000
311.589284193687,1008,1000
311.598905047922,1008,1000
311.608905051028,1008,1000
311.620225913312,1008,1000
311.629468051028,1008,1000
311.638905051028,1008,1000
311.648905051028,1008,1000
311.658905051028,1008,1000
311.668905054134,1008,1000
311.678905054134,1008,1000
311.689417068396,1008,1000
311.699089454866,1008,1000
311.708905057271,1008,1000
311.718905057271,1008,1000
311.728905057271,1008,1000
311.738905057271,1008,1000
311.748905057271,1008,1000
311.758905057271,1008,1000
311.768905060408,1008,1000
311.779994060408,1008,1000
311.788905060408,1008,1000
311.799638272531,1008,1000
311.808905063552,1008,1000
311.818905063552,1008,1000
311.828905063552,1008,1000
311.83906422491,1008,1000
311.84920322491,1008,1000
311.858905063552,1008,1000
311.868905066696,1008,1000
311.879632498082,1008,1000
311.888905066696,1008,1000
311.898905066696,1008,1000
311.908905069861,1008,1000
311.918905069861,1008,1000
311.928905069861,1008,1000
311.938905069861,1008,1000
311.948905069861,1008,1000
311.958905069861,1008,1000
311.968905073026,1008,1000
311.978905073026,1008,1000
311.988905073026,1008,1000
311.999795019737,1008,1000
312.00890507619,1008,1000
312.01890507619,1008,1000
312.02890507619,1008,1000
312.03890507619,1008,1000
312.04890507619,1008,1000
312.059469332164,1008,1000
312.069022200041,1008,1000
312.078905079354,1008,1000
312.088905079354,1008,1000
312.099951884814,1008,1000
312.108905082261,1008,1000
312.118905082261,1008,1000
312.128905082261,1008,1000
312.138905082261,1008,1000
312.148905082261,1008,1000
312.158905082261,1008,1000
312.169179070932,1008,1000
312.178905085168,1008,1000
312.188905085168,1008,1000
312.199801085168,1008,1000
312.210909185128,1008,1000
312.218905088313,1008,1000
312.228905088313,1008,1000
312.239481088313,1008,1000
312.248905088313,1008,1000
312.258905088313,1008,1000
312.269208277576,1008,1000
312.278905091458,1008,1000
312.288905091458,1008,1000
312.298905091458,1008,1000
312.308905094623,1008,1000
312.319147391541,1008,1000
312.328905094623,1008,1000
312.338905094623,1008,1000
312.348905094623,1008,1000
312.358905094623,1008,1000
312.368905097788,1008,1000
312.378905097788,1008,1000
312.388905097788,1008,1000
312.399850097788,1008,1000
312.408905100951,1008,1000
312.418905100951,1008,1000
312.428905100951,1008,1000
312.438905100951,1008,1000
312.448905100951,1008,1000
312.458905100951,1008,1000
312.469248302852,1008,1000
312.478905104114,1008,1000
312.488905104114,1008,1000
312.498905104114,1008,1000
312.508905107407,1008,1000
312.518905107407,1008,1000
312.528905107407,1008,1000
312.539459107407,1008,1000
312.548905107407,1008,1000
312.55990110268,1008,1000
312.5689051107,1008,1000
312.579059448157,1008,1000
312.5889051107,1008,1000
312.5989051107,1008,1000
312.608905114203,1008,1000
312.618905114203,1008,1000
312.629448216521,1008,1000
312.638905114203,1008,1000
312.648905114203,1008,1000
312.658905114203,1008,1000
312.670001062088,1008,1000
312.678905117706,1008,1000
312.688905117706,1008,1000
312.698905117706,1008,1000
312.7089051212,1008,1000
312.7189051212,1008,1000
312.7289051212,1008,1000
312.739228284238,1008,1000
312.7489051212,1008,1000
312.7589051212,1008,1000
312.768905124694,1008,1000
312.778905124694,1008,1000
312.788905124694,1008,1000
312.798905124694,1008,1000
312.808905127882,1008,1000
312.818905127882,1008,1000
312.828905127882,1008,1000
312.839016508502,1008,1000
312.848905127882,1008,1000
312.858905127882,1008,1000
312.86890513107,1008,1000
312.879704685592,1008,1000
312.88890513107,1008,1000
312.89890513107,1008,1000
312.90890513397,1008,1000
312.91890513397,1008,1000
312.92890513397,1008,1000
312.93890513397,1008,1000
312.94890513397,1008,1000
312.959523153454,1008,1000
312.96890513687,1008,1000
312.979211844563,1008,1000
312.98890513687,1008,1000
312.99890513687,1008,1000
313.00890513981,1008,1000
313.01890513981,1008,1000
313.02890513981,1008,1000
313.03890513981,1008,1000
313.04890513981,1008,1000
313.05890513981,1008,1000
313.06890514275,1008,1000
313.07890514275,1008,1000
313.08994914275,1008,1000
313.098892564502,1008,1000
313.108905144564,1008,1000
313.119859144564,1008,1000
313.128905144564,1008,1000
313.138905144564,1008,1000
313.148905144564,1008,1000
313.160387388264,1008,1000
313.169931146378,1008,1000
313.178905146378,1008,1000
313.189266391892,1008,1000
313.198905146378,1008,1000
313.208905148081,1008,1000
313.220457225379,1008,1000
313.229731637295,1008,1000
313.239248395409,1008,1000
313.248905148081,1008,1000
313.258905148081,1008,1000
313.269999149784,1008,1000
313.279760149784,1008,1000
313.289649339018,1008,1000
313.298931888029,1008,1000
313.308905151521,1008,1000
313.318905151521,1008,1000
313.328905151521,1008,1000
313.339244402255,1008,1000
313.349131402255,1008,1000
313.359648151521,1008,1000
313.368905153258,1008,1000
313.378905153258,1008,1000
313.388905153258,1008,1000
313.399486153258,1008,1000
313.408905155055,1008,1000
313.418905155055,1008,1000
313.428905155055,1008,1000
313.439643155055,1008,1000
313.448920262445,1008,1000
313.458905155055,1008,1000
313.468905156852,1008,1000
313.479482289547,1008,1000
313.488905156852,1008,1000
313.498905156852,1008,1000
313.508905158804,1008,1000
313.518905158804,1008,1000
313.529733158804,1008,1000
313.538905158804,1008,1000
313.548905158804,1008,1000
313.558905158804,1008,1000
313.568905160756,1008,1000
313.578905160756,1008,1000
313.588905160756,1008,1000
313.59909542051,1008,1000
313.608905161594,1008,1000
313.618905161594,1008,1000
313.628905161594,1008,1000
313.638905161594,1008,1000
313.648905161594,1008,1000
313.658905161594,1008,1000
313.668905162432,1008,1000
313.678905162432,1008,1000
313.688905162432,1008,1000
313.70003613908,1008,1000
313.708905163294,1008,1000
313.718905163294,1008,1000
313.728905163294,1008,1000
313.739259348939,1008,1000
313.749551783728,1008,1000
313.758905163294,1008,1000
313.770136404186,1008,1000
313.778905164156,1008,1000
313.788905164156,1008,1000
313.798905164156,1008,1000
313.808905165052,1008,1000
313.818905165052,1008,1000
313.828905165052,1008,1000
313.839372670188,1008,1000
313.848905165052,1008,1000
313.859495165052,1008,1000
313.868905165948,1008,1000
313.879990165948,1008,1000
313.888905165948,1008,1000
313.898905165948,1008,1000
313.908905166565,1008,1000
313.918905166565,1008,1000
313.928905166565,1008,1000
313.938905166565,1008,1000
313.949415433463,1008,1000
313.958905166565,1008,1000
313.968905167182,1008,1000
313.978905167182,1008,1000
313.988905167182,1008,1000
313.999126405362,1008,1000
314.008905166474,1008,1000
314.018905166474,1008,1000
314.028905166474,1008,1000
314.038905166474,1008,1000
314.048969890446,1008,1000
314.058905166474,1008,1000
314.068905165766,1008,1000
314.078905165766,1008,1000
314.090000948956,1008,1000
314.098905165766,1008,1000
314.108905165092,1008,1000
314.119508165092,1008,1000
314.130909258088,1008,1000
314.138905165092,1008,1000
314.148927473376,1008,1000
314.162304258088,1008,1000
314.168905164418,1008,1000
314.178905164418,1008,1000
314.188905164418,1008,1000
314.198905164418,1008,1000
314.208905163146,1008,1000
314.220003163146,1008,1000
314.229715163146,1008,1000
314.238905163146,1008,1000
314.248905163146,1008,1000
314.259241787552,1008,1000
314.268905161874,1008,1000
314.278905161874,1008,1000
314.28941942597,1008,1000
314.29911342597,1008,1000
314.308905159936,1008,1000
314.318905159936,1008,1000
314.328905159936,1008,1000
314.338905159936,1008,1000
314.348905159936,1008,1000
314.358905159936,1008,1000
314.368905157998,1008,1000
314.378905157998,1008,1000
314.388905157998,1008,1000
314.398905157998,1008,1000
314.408905156075,1008,1000
314.418905156075,1008,1000
314.428905156075,1008,1000
314.438905156075,1008,1000
314.450953231035,1008,1000
314.458905156075,1008,1000
314.468905154152,1008,1000
314.479477154152,1008,1000
314.48970188667,1008,1000
314.498905154152,1008,1000
314.509569758028,1008,1000
314.52081024398,1008,1000
314.529774152231,1008,1000
314.538905152231,1008,1000
314.548905152231,1008,1000
314.558905152231,1008,1000
314.56890515031,1008,1000
314.57890515031,1008,1000
314.58890515031,1008,1000
314.599118403491,1008,1000
314.608905148399,1008,1000
314.618905148399,1008,1000
314.628905148399,1008,1000
314.638905148399,1008,1000
314.648905148399,1008,1000
314.659725701387,1008,1000
314.670210993948,1008,1000
314.678905146488,1008,1000
314.689963146488,1008,1000
314.698905146488,1008,1000
314.708905144611,1008,1000
314.718905144611,1008,1000
314.729843946948,1008,1000
314.739654239509,1008,1000
314.749778144611,1008,1000
314.761035236404,1008,1000
314.768905142734,1008,1000
314.778905142734,1008,1000
314.788905142734,1008,1000
314.799314190632,1008,1000
314.808905140874,1008,1000
314.819140386435,1008,1000
314.828905140874,1008,1000
314.839742140874,1008,1000
314.849477140874,1008,1000
314.858905140874,1008,1000
314.868905139014,1008,1000
314.878905139014,1008,1000
314.888905139014,1008,1000
314.898905139014,1008,1000
314.908996379091,1008,1000
314.918905137267,1008,1000
314.928905137267,1008,1000
314.938905137267,1008,1000
314.948905137267,1008,1000
314.958905137267,1008,1000
314.96890513552,1008,1000
314.97890513552,1008,1000
314.98890513552,1008,1000
314.99890513552,1008,1000
315.008905133911,1008,1000
315.018905133911,1008,1000
315.028905133911,1008,1000
315.038905133911,1008,1000
315.048905133911,1008,1000
315.058905133911,1008,1000
315.069481132302,1008,1000
315.078905132302,1008,1000
315.088905132302,1008,1000
315.098905132302,1008,1000
315.108905130716,1008,1000
315.118905130716,1008,1000
315.128905130716,1008,1000
315.138905130716,1008,1000
315.148905130716,1008,1000
315.158905130716,1008,1000
315.16955812913,1008,1000
315.17992212913,1008,1000
315.18890512913,1008,1000
315.19890512913,1008,1000
315.208905127579,1008,1000
315.219765127579,1008,1000
315.228905127579,1008,1000
315.238905127579,1008,1000
315.249311357659,1008,1000
315.259434109621,1008,1000
315.268905126028,1008,1000
315.278905126028,1008,1000
315.289028354557,1008,1000
315.298905126028,1008,1000
315.308905124588,1008,1000
315.318905124588,1008,1000
315.328905124588,1008,1000
315.338905124588,1008,1000
315.348905124588,1008,1000
315.358905124588,1008,1000
315.368905123148,1008,1000
315.378905123148,1008,1000
315.388905123148,1008,1000
315.398905123148,1008,1000
315.40890512173,1008,1000
315.41890512173,1008,1000
315.42976912173,1008,1000
315.43890512173,1008,1000
315.44890512173,1008,1000
315.45890512173,1008,1000
315.468905120312,1008,1000
315.478905120312,1008,1000
315.488905120312,1008,1000
315.498992958424,1008,1000
315.50890511893,1008,1000
315.51916334161,1008,1000
315.52890511893,1008,1000
315.53890511893,1008,1000
315.54890511893,1008,1000
315.559079655124,1008,1000
315.571484211218,1008,1000
315.578905117548,1008,1000
315.588905117548,1008,1000
315.598905117548,1008,1000
315.609858098634,1008,1000
315.618905116189,1008,1000
315.628905116189,1008,1000
315.639219116189,1008,1000
315.648905116189,1008,1000
315.658905116189,1008,1000
315.66890511483,1008,1000
315.679094314414,1008,1000
315.68890511483,1008,1000
315.69890511483,1008,1000
315.709926554344,1008,1000
315.718905113502,1008,1000
315.728905113502,1008,1000
315.738905113502,1008,1000
315.749401460846,1008,1000
315.759064329282,1008,1000
315.768905112174,1008,1000
315.779324767468,1008,1000
315.788905112174,1008,1000
315.798905112174,1008,1000
315.808905110873,1008,1000
315.818905110873,1008,1000
315.828905110873,1008,1000
315.838905110873,1008,1000
315.848905110873,1008,1000
315.858905110873,1008,1000
315.868905109572,1008,1000
315.878905109572,1008,1000
315.888905109572,1008,1000
315.898905109572,1008,1000
315.9089051083,1008,1000
315.9189051083,1008,1000
315.9289051083,1008,1000
315.9389051083,1008,1000
315.9489051083,1008,1000
315.9589051083,1008,1000
315.968905107028,1008,1000
315.978905107028,1008,1000
315.988905107028,1008,1000
315.998905107028,1008,1000
316.009430507197,1008,1000
316.018905105792,1008,1000
316.029994105792,1008,1000
316.038905105792,1008,1000
316.048905105792,1008,1000
316.058905105792,1008,1000
316.068905104556,1008,1000
316.078905104556,1008,1000
316.088905104556,1008,1000
316.099257311298,1008,1000
316.109895103352,1008,1000
316.118905103352,1008,1000
316.128905103352,1008,1000
316.138905103352,1008,1000
316.148905103352,1008,1000
316.158905103352,1008,1000
316.168905102148,1008,1000
316.17914030645,1008,1000
316.188905102148,1008,1000
316.198905102148,1008,1000
316.208905100975,1008,1000
316.218905100975,1008,1000
316.228905100975,1008,1000
316.238905100975,1008,1000
316.248905100975,1008,1000
316.258905100975,1008,1000
316.26924355498,1008,1000
316.278905099802,1008,1000
316.288905099802,1008,1000
316.298905099802,1008,1000
316.30890509866,1008,1000
316.31890509866,1008,1000
316.32890509866,1008,1000
316.33890509866,1008,1000
316.34890509866,1008,1000
316.35890509866,1008,1000
316.368905097518,1008,1000
316.378905097518,1008,1000
316.390095284965,1008,1000
316.398905097518,1008,1000
316.408905096405,1008,1000
316.418905096405,1008,1000
316.428905096405,1008,1000
316.439930652982,1008,1000
316.448905096405,1008,1000
316.45952048232,1008,1000
316.468905095292,1008,1000
316.478905095292,1008,1000
316.488905095292,1008,1000
316.498905095292,1008,1000
316.509202848144,1008,1000
316.518905094212,1008,1000
316.528993601805,1008,1000
316.538905094212,1008,1000
316.548905094212,1008,1000
316.558905094212,1008,1000
316.568905093132,1008,1000
316.578905093132,1008,1000
316.588905093132,1008,1000
316.598905093132,1008,1000
316.608905092084,1008,1000
316.618905092084,1008,1000
316.628905092084,1008,1000
316.639594092084,1008,1000
316.648905092084,1008,1000
316.658905092084,1008,1000
316.668905091036,1008,1000
316.679246176342,1008,1000
316.688905091036,1008,1000
316.698905091036,1008,1000
316.708905090015,1008,1000
316.718905090015,1008,1000
316.728905090015,1008,1000
316.738905090015,1008,1000
316.748905090015,1008,1000
316.759927090015,1008,1000
316.768905088994,1008,1000
316.778905088994,1008,1000
316.790945182664,1008,1000
316.798905088994,1008,1000
316.808905088003,1008,1000
316.819481088003,1008,1000
316.830383278968,1008,1000
316.838905088003,1008,1000
316.848905088003,1008,1000
316.858905088003,1008,1000
316.868905087012,1008,1000
316.878905087012,1008,1000
316.888905087012,1008,1000
316.89984446693,1008,1000
316.909700245947,1008,1000
316.91890508606,1008,1000
316.92993108606,1008,1000
316.93890508606,1008,1000
316.94890508606,1008,1000
316.95890508606,1008,1000
316.969215652988,1008,1000
316.978905085108,1008,1000
316.989683678545,1008,1000
316.999176272118,1008,1000
317.00890508424,1008,1000
317.01890508424,1008,1000
317.02890508424,1008,1000
317.03890508424,1008,1000
317.04890508424,1008,1000
317.05890508424,1008,1000
317.068905083372,1008,1000
317.078905083372,1008,1000
317.088905083372,1008,1000
317.098905083372,1008,1000
317.10890508277,1008,1000
317.11890508277,1008,1000
317.12890508277,1008,1000
317.13890508277,1008,1000
317.14890508277,1008,1000
317.15989508277,1008,1000
317.169603290395,1008,1000
317.178905082168,1008,1000
317.188905082168,1008,1000
317.198905082168,1008,1000
317.208905081601,1008,1000
317.218905081601,1008,1000
317.229221265321,1008,1000
317.238905081601,1008,1000
317.248905081601,1008,1000
317.258905081601,1008,1000
317.27000856561,1008,1000
317.278905081034,1008,1000
317.288905081034,1008,1000
317.298905081034,1008,1000
317.308905080498,1008,1000
317.318905080498,1008,1000
317.328905080498,1008,1000
317.339262747058,1008,1000
317.348905080498,1008,1000
317.359540080498,1008,1000
317.368905079962,1008,1000
317.378905079962,1008,1000
317.388905079962,1008,1000
317.398905079962,1008,1000
317.409286927465,1008,1000
317.418905079457,1008,1000
317.428905079457,1008,1000
317.438905079457,1008,1000
317.448905079457,1008,1000
317.458905079457,1008,1000
317.469853553872,1008,1000
317.478905078952,1008,1000
317.488905078952,1008,1000
317.498905078952,1008,1000
317.508905078483,1008,1000
317.518905078483,1008,1000
317.529585078483,1008,1000
317.539251733305,1008,1000
317.548905078483,1008,1000
317.558905078483,1008,1000
317.570213531488,1008,1000
317.578905078014,1008,1000
317.588905078014,1008,1000
317.598908762672,1008,1000
317.608905077576,1008,1000
317.618905077576,1008,1000
317.628905077576,1008,1000
317.640214447214,1008,1000
317.648905077576,1008,1000
317.658905077576,1008,1000
317.668905077138,1008,1000
317.678905077138,1008,1000
317.689310382568,1008,1000
317.698905077138,1008,1000
317.709639624896,1008,1000
317.718905076732,1008,1000
317.728905076732,1008,1000
317.738905076732,1008,1000
317.748905076732,1008,1000
317.758905076732,1008,1000
317.768905076326,1008,1000
317.778905076326,1008,1000
317.788905076326,1008,1000
317.798905076326,1008,1000
317.808905075953,1008,1000
317.818905075953,1008,1000
317.828905075953,1008,1000
317.838905075953,1008,1000
317.848905075953,1008,1000
317.858905075953,1008,1000
317.86890507558,1008,1000
317.87890507558,1008,1000
317.88890507558,1008,1000
317.89890507558,1008,1000
317.908905075243,1008,1000
317.918905075243,1008,1000
317.928905075243,1008,1000
317.938905075243,1008,1000
317.949051430054,1008,1000
317.958905075243,1008,1000
317.968905074906,1008,1000
317.978905074906,1008,1000
317.988905074906,1008,1000
317.998905074906,1008,1000
318.0089050746,1008,1000
318.0189050746,1008,1000
318.029712065958,1008,1000
318.0389050746,1008,1000
318.049509593891,1008,1000
318.0589050746,1008,1000
318.068905074294,1008,1000
318.078905074294,1008,1000
318.088905074294,1008,1000
318.098905074294,1008,1000
318.108905074024,1008,1000
318.118905074024,1008,1000
318.128905074024,1008,1000
318.138905074024,1008,1000
318.148905074024,1008,1000
318.158905074024,1008,1000
318.168905073754,1008,1000
318.178905073754,1008,1000
318.188905073754,1008,1000
318.198905073754,1008,1000
318.208905073515,1008,1000
318.218905073515,1008,1000
318.228905073515,1008,1000
318.238905073515,1008,1000
318.248905073515,1008,1000
318.258905073515,1008,1000
318.268905073276,1008,1000
318.278905073276,1008,1000
318.289796073276,1008,1000
318.298905073276,1008,1000
318.308905073072,1008,1000
318.318905073072,1008,1000
318.328905073072,1008,1000
318.339553073072,1008,1000
318.348905073072,1008,1000
318.360936166538,1008,1000
318.368905072868,1008,1000
318.378905072868,1008,1000
318.388905072868,1008,1000
318.400163780712,1008,1000
318.408905072698,1008,1000
318.418905072698,1008,1000
318.428905072698,1008,1000
318.438905072698,1008,1000
318.448905072698,1008,1000
318.458905072698,1008,1000
318.470149221338,1008,1000
318.478905072528,1008,1000
318.488905072528,1008,1000
318.498905072528,1008,1000
318.50890507239,1008,1000
318.51890507239,1008,1000
318.52890507239,1008,1000
318.539610394678,1008,1000
318.54890507239,1008,1000
318.55890507239,1008,1000
318.568905072252,1008,1000
318.578905072252,1008,1000
318.589904072252,1008,1000
318.598905072252,1008,1000
318.608905072148,1008,1000
318.618905072148,1008,1000
318.629583148028,1008,1000
318.638905072148,1008,1000
318.648905072148,1008,1000
318.65927524535,1008,1000
318.668905072044,1008,1000
318.678905072044,1008,1000
318.689891072044,1008,1000
318.698905072044,1008,1000
318.708905071975,1008,1000
318.718905071975,1008,1000
318.729386684939,1008,1000
318.738905071975,1008,1000
318.748905071975,1008,1000
318.759262244969,1008,1000
318.768905071906,1008,1000
318.78002789905,1008,1000
318.788905071906,1008,1000
318.798905071906,1008,1000
318.809753612063,1008,1000
318.818905071869,1008,1000
318.828905071869,1008,1000
318.838905071869,1008,1000
318.849213457398,1008,1000
318.858905071869,1008,1000
318.868905071832,1008,1000
318.879025784845,1008,1000
318.888905071832,1008,1000
318.898905071832,1008,1000
318.90890507183,1008,1000
318.91890507183,1008,1000
318.92890507183,1008,1000
318.93967007183,1008,1000
318.94890507183,1008,1000
318.95890507183,1008,1000
318.968905071828,1008,1000
318.978905071828,1008,1000
318.991345527538,1008,1000
318.998905071828,1008,1000
319.008905071858,1008,1000
319.018905071858,1008,1000
319.028905071858,1008,1000
319.038905071858,1008,1000
319.048905071858,1008,1000
319.059314433898,1008,1000
319.068905071888,1008,1000
319.078905071888,1008,1000
319.088905071888,1008,1000
319.098905071888,1008,1000
319.108905071953,1008,1000
319.118905071953,1008,1000
319.128905071953,1008,1000
319.138905071953,1008,1000
319.148905071953,1008,1000
319.158905071953,1008,1000
319.168905072018,1008,1000
319.178905072018,1008,1000
319.188905072018,1008,1000
319.198905072018,1008,1000
319.208905072116,1008,1000
319.218905072116,1008,1000
319.229598072116,1008,1000
319.238905072116,1008,1000
319.249894511722,1008,1000
319.258905072116,1008,1000
319.268905072214,1008,1000
319.278905072214,1008,1000
319.288905072214,1008,1000
319.298905072214,1008,1000
319.308905072346,1008,1000
319.319256685018,1008,1000
319.328905072346,1008,1000
319.338905072346,1008,1000
319.348905072346,1008,1000
319.358905072346,1008,1000
319.368905072478,1008,1000
319.378905072478,1008,1000
319.388905072478,1008,1000
319.398905072478,1008,1000
319.408905072643,1008,1000
319.418905072643,1008,1000
319.428905072643,1008,1000
319.441295166478,1008,1000
319.449910701077,1008,1000
319.458905072643,1008,1000
319.468905072808,1008,1000
319.478905072808,1008,1000
319.488905072808,1008,1000
319.498905072808,1008,1000
319.509219073007,1008,1000
319.519317875034,1008,1000
319.528905073007,1008,1000
319.538905073007,1008,1000
319.548905073007,1008,1000
319.558905073007,1008,1000
319.568905073206,1008,1000
319.578905073206,1008,1000
319.588905073206,1008,1000
319.598905073206,1008,1000
319.60890507344,1008,1000
319.61890507344,1008,1000
319.62890507344,1008,1000
319.63890507344,1008,1000
319.64890507344,1008,1000
319.65890507344,1008,1000
319.668905073674,1008,1000
319.678905073674,1008,1000
319.688905073674,1008,1000
319.700843604294,1008,1000
319.70890507394,1008,1000
319.71890507394,1008,1000
319.72890507394,1008,1000
319.73968807394,1008,1000
319.74890507394,1008,1000
319.759471944013,1008,1000
319.77019677945,1008,1000
319.778905074206,1008,1000
319.789481074206,1008,1000
319.798905074206,1008,1000
319.808905074505,1008,1000
319.818905074505,1008,1000
319.828905074505,1008,1000
319.839432954905,1008,1000
319.849684074505,1008,1000
319.858905074505,1008,1000
319.868905074804,1008,1000
319.878905074804,1008,1000
319.888905074804,1008,1000
319.898905074804,1008,1000
319.908905086014,1008,1000
319.918905086014,1008,1000
319.928905086014,1008,1000
319.938905086014,1008,1000
319.948905086014,1008,1000
319.959274665963,1008,1000
319.968905097224,1008,1000
319.978905097224,1008,1000
319.988905097224,1008,1000
319.998905097224,1008,1000
320.008905097588,1008,1000
320.018905097588,1008,1000
320.028905097588,1008,1000
320.038905097588,1008,1000
320.048905097588,1008,1000
320.058905097588,1008,1000
320.068905097952,1008,1000
320.078905097952,1008,1000
320.089981097952,1008,1000
320.098905097952,1008,1000
320.108905098349,1008,1000
320.118905098349,1008,1000
320.128905098349,1008,1000
320.140228255039,1008,1000
320.148905098349,1008,1000
320.160275297251,1008,1000
320.168905098746,1008,1000
320.178905098746,1008,1000
320.188905098746,1008,1000
320.198905098746,1008,1000
320.209721858869,1008,1000
320.219731717312,1008,1000
320.229745497375,1008,1000
320.238905099174,1008,1000
320.249841099174,1008,1000
320.258905099174,1008,1000
320.268905099602,1008,1000
320.279111059421,1008,1000
320.289057917864,1008,1000
320.299008697927,1008,1000
320.308905100062,1008,1000
320.319131300186,1008,1000
320.329091300186,1008,1000
320.338905100062,1008,1000
320.348905100062,1008,1000
320.358905100062,1008,1000
320.368905100522,1008,1000
320.378905100522,1008,1000
320.388905100522,1008,1000
320.398905100522,1008,1000
320.408905101017,1008,1000
320.418905101017,1008,1000
320.428905101017,1008,1000
320.438905101017,1008,1000
320.448905101017,1008,1000
320.459728574314,1008,1000
320.468905101512,1008,1000
320.479062768427,1008,1000
320.488905101512,1008,1000
320.498905101512,1008,1000
320.508905102036,1008,1000
320.518905102036,1008,1000
320.5291267773,1008,1000
320.539774102036,1008,1000
320.549162651872,1008,1000
320.558905102036,1008,1000
320.56994510256,1008,1000
320.57890510256,1008,1000
320.58890510256,1008,1000
320.59890510256,1008,1000
320.609145306103,1008,1000
320.618905103117,1008,1000
320.628905103117,1008,1000
320.639244306627,1008,1000
320.648905103117,1008,1000
320.658905103117,1008,1000
320.668905103674,1008,1000
320.678905103674,1008,1000
320.688905103674,1008,1000
320.699702103674,1008,1000
320.708905104263,1008,1000
320.718905104263,1008,1000
320.728905104263,1008,1000
320.738905104263,1008,1000
320.748905104263,1008,1000
320.758905104263,1008,1000
320.768905104852,1008,1000
320.778905104852,1008,1000
320.789864104852,1008,1000
320.798905104852,1008,1000
320.808905105476,1008,1000
320.818905105476,1008,1000
320.828905105476,1008,1000
320.838905105476,1008,1000
320.848905105476,1008,1000
320.85984961075,1008,1000
320.8689051061,1008,1000
320.8789051061,1008,1000
320.8889051061,1008,1000
320.8989051061,1008,1000
320.909477106752,1008,1000
320.918905106752,1008,1000
320.929220818452,1008,1000
320.938905106752,1008,1000
320.948905106752,1008,1000
320.958905106752,1008,1000
320.968905107404,1008,1000
320.978905107404,1008,1000
320.988905107404,1008,1000
320.998905107404,1008,1000
321.00890510809,1008,1000
321.01890510809,1008,1000
321.02890510809,1008,1000
321.03892221965,1008,1000
321.04890510809,1008,1000
321.05890510809,1008,1000
321.068905108776,1008,1000
321.078905108776,1008,1000
321.088905108776,1008,1000
321.098905108776,1008,1000
321.108905109495,1008,1000
321.119438492856,1008,1000
321.128905109495,1008,1000
321.138905109495,1008,1000
321.148905109495,1008,1000
321.158905109495,1008,1000
321.168905110214,1008,1000
321.178905110214,1008,1000
321.188905110214,1008,1000
321.199526110214,1008,1000
321.208905110961,1008,1000
321.218905110961,1008,1000
321.228905110961,1008,1000
321.240034232265,1008,1000
321.248905110961,1008,1000
321.258905110961,1008,1000
321.268905111708,1008,1000
321.278905111708,1008,1000
321.288905111708,1008,1000
321.298905111708,1008,1000
321.309504445704,1008,1000
321.318905112489,1008,1000
321.328905112489,1008,1000
321.338905112489,1008,1000
321.348905112489,1008,1000
321.358905112489,1008,1000
321.36890511327,1008,1000
321.37890511327,1008,1000
321.38890511327,1008,1000
321.39890511327,1008,1000
321.408905114087,1008,1000
321.418905114087,1008,1000
321.428905114087,1008,1000
321.439810114087,1008,1000
321.448905114087,1008,1000
321.459729114087,1008,1000
321.468905114904,1008,1000
321.478905114904,1008,1000
321.488905114904,1008,1000
321.498905114904,1008,1000
321.509199330784,1008,1000
321.518905115747,1008,1000
321.529712330784,1008,1000
321.538905115747,1008,1000
321.548905115747,1008,1000
321.558905115747,1008,1000
321.56890511659,1008,1000
321.57890511659,1008,1000
321.58890511659,1008,1000
321.59890511659,1008,1000
321.608905117466,1008,1000
321.618905117466,1008,1000
321.628905117466,1008,1000
321.639325605054,1008,1000
321.648905117466,1008,1000
321.658905117466,1008,1000
321.668905118342,1008,1000
321.678905118342,1008,1000
321.688905118342,1008,1000
321.698905118342,1008,1000
321.708905119253,1008,1000
321.718905119253,1008,1000
321.728905119253,1008,1000
321.738905119253,1008,1000
321.749454119253,1008,1000
321.758905119253,1008,1000
321.768905120164,1008,1000
321.780891213834,1008,1000
321.788905120164,1008,1000
321.798905120164,1008,1000
321.808905121101,1008,1000
321.821628215708,1008,1000
321.828905121101,1008,1000
321.838905121101,1008,1000
321.848905121101,1008,1000
321.859526121101,1008,1000
321.868923961994,1008,1000
321.878905122038,1008,1000
321.889219122038,1008,1000
321.899677660747,1008,1000
321.908905123006,1008,1000
321.918905123006,1008,1000
321.928905123006,1008,1000
321.938905123006,1008,1000
321.948905123006,1008,1000
321.958905123006,1008,1000
321.968905123974,1008,1000
321.978905123974,1008,1000
321.988905123974,1008,1000
321.998905123974,1008,1000
322.008905124973,1008,1000
322.019181348929,1008,1000
322.028905124973,1008,1000
322.038905124973,1008,1000
322.048905124973,1008,1000
322.058905124973,1008,1000
322.068905125972,1008,1000
322.078905125972,1008,1000
322.088905125972,1008,1000
322.098905125972,1008,1000
322.108905127007,1008,1000
322.118905127007,1008,1000
322.128905127007,1008,1000
322.138905127007,1008,1000
322.148905127007,1008,1000
322.158905127007,1008,1000
322.168905128042,1008,1000
322.178905128042,1008,1000
322.188905128042,1008,1000
322.198905128042,1008,1000
322.2089051291,1008,1000
322.2189051291,1008,1000
322.2289051291,1008,1000
322.2389051291,1008,1000
322.2489051291,1008,1000
322.2589051291,1008,1000
322.269327635675,1008,1000
322.278905130158,1008,1000
322.288905130158,1008,1000
322.298905130158,1008,1000
322.308905131254,1008,1000
322.318905131254,1008,1000
322.328905131254,1008,1000
322.338905131254,1008,1000
322.348905131254,1008,1000
322.358905131254,1008,1000
322.36890513235,1008,1000
322.37890513235,1008,1000
322.38890513235,1008,1000
322.39890513235,1008,1000
322.408905133472,1008,1000
322.419133692646,1008,1000
322.428905133472,1008,1000
322.438905133472,1008,1000
322.448905133472,1008,1000
322.458905133472,1008,1000
322.468905134594,1008,1000
322.478905134594,1008,1000
322.489909134594,1008,1000
322.498905134594,1008,1000
322.508905135742,1008,1000
322.518905135742,1008,1000
322.528905135742,1008,1000
322.538905135742,1008,1000
322.548905135742,1008,1000
322.559235371286,1008,1000
322.56890513689,1008,1000
322.57890513689,1008,1000
322.58890513689,1008,1000
322.59890513689,1008,1000
322.608905138071,1008,1000
322.618905138071,1008,1000
322.628905138071,1008,1000
322.638905138071,1008,1000
322.648905138071,1008,1000
322.658905138071,1008,1000
322.668905139252,1008,1000
322.679196712145,1008,1000
322.689661139252,1008,1000
322.698905139252,1008,1000
322.708905140467,1008,1000
322.718905140467,1008,1000
322.728905140467,1008,1000
322.738905140467,1008,1000
322.748905140467,1008,1000
322.758905140467,1008,1000
322.768905141682,1008,1000
322.778905141682,1008,1000
322.788905141682,1008,1000
322.798905141682,1008,1000
322.808905142921,1008,1000
322.818905142921,1008,1000
322.828905142921,1008,1000
322.838905142921,1008,1000
322.848905142921,1008,1000
322.858905142921,1008,1000
322.86890514416,1008,1000
322.879542726811,1008,1000
322.88890514416,1008,1000
322.89890514416,1008,1000
322.908905145431,1008,1000
322.918905145431,1008,1000
322.928905145431,1008,1000
322.939169729321,1008,1000
322.950215145431,1008,1000
322.958905145431,1008,1000
322.968905146702,1008,1000
322.978905146702,1008,1000
322.988905146702,1008,1000
322.998905146702,1008,1000
323.008905148005,1008,1000
323.019604394386,1008,1000
323.028905148005,1008,1000
323.038905148005,1008,1000
323.048905148005,1008,1000
323.058905148005,1008,1000
323.068905149308,1008,1000
323.078905149308,1008,1000
323.088905149308,1008,1000
323.098905149308,1008,1000
323.108905150639,1008,1000
323.12133124564,1008,1000
323.128905150639,1008,1000
323.138905150639,1008,1000
323.148905150639,1008,1000
323.158905150639,1008,1000
323.16890515197,1008,1000
323.17890515197,1008,1000
323.18921915197,1008,1000
323.19890515197,1008,1000
323.208905153331,1008,1000
323.218905153331,1008,1000
323.228905153331,1008,1000
323.238905153331,1008,1000
323.248905153331,1008,1000
323.260828248362,1008,1000
323.268905154692,1008,1000
323.278905154692,1008,1000
323.288905154692,1008,1000
323.298905154692,1008,1000
323.308905156076,1008,1000
323.318905156076,1008,1000
323.328905156076,1008,1000
323.338905156076,1008,1000
323.348905156076,1008,1000
323.359454156076,1008,1000
323.36890515746,1008,1000
323.37890515746,1008,1000
323.389753758193,1008,1000
323.39890515746,1008,1000
323.408905158872,1008,1000
323.420243436951,1008,1000
323.428905158872,1008,1000
323.438905158872,1008,1000
323.448905158872,1008,1000
323.458992996984,1008,1000
323.468905160284,1008,1000
323.478905160284,1008,1000
323.489506698185,1008,1000
323.498905160284,1008,1000
323.508905161728,1008,1000
323.518905161728,1008,1000
323.528905161728,1008,1000
323.538905161728,1008,1000
323.548905161728,1008,1000
323.558905161728,1008,1000
323.568905163172,1008,1000
323.578905163172,1008,1000
323.588905163172,1008,1000
323.598905163172,1008,1000
323.608905164649,1008,1000
323.618905164649,1008,1000
323.628905164649,1008,1000
323.639792164649,1008,1000
323.649557812686,1008,1000
323.658905164649,1008,1000
323.669486166126,1008,1000
323.678905166126,1008,1000
323.688905166126,1008,1000
323.698905166126,1008,1000
323.709244433229,1008,1000
323.71890516763,1008,1000
323.72890516763,1008,1000
323.73890516763,1008,1000
323.74890516763,1008,1000
323.758878548899,1008,1000
323.768905169134,1008,1000
323.778905169134,1008,1000
323.788905169134,1008,1000
323.798905169134,1008,1000
323.808905170658,1008,1000
323.818905170658,1008,1000
323.828905170658,1008,1000
323.838905170658,1008,1000
323.848905170658,1008,1000
323.858905170658,1008,1000
323.869755679128,1008,1000
323.879605810592,1008,1000
323.888905172182,1008,1000
323.898905172182,1008,1000
323.909253867424,1008,1000
323.918905173732,1008,1000
323.928905173732,1008,1000
323.938993011844,1008,1000
323.948905173732,1008,1000
323.958905173732,1008,1000
323.968879846301,1008,1000
323.978905175282,1008,1000
323.988905175282,1008,1000
323.998905175282,1008,1000
324.008905176863,1008,1000
324.019598176863,1008,1000
324.028905176863,1008,1000
324.038905176863,1008,1000
324.048905176863,1008,1000
324.058905176863,1008,1000
324.069863718648,1008,1000
324.078905178444,1008,1000
324.089886178444,1008,1000
324.098905178444,1008,1000
324.108905180045,1008,1000
324.118905180045,1008,1000
324.128905180045,1008,1000
324.139252999643,1008,1000
324.148905180045,1008,1000
324.159293459439,1008,1000
324.170819275316,1008,1000
324.178905181646,1008,1000
324.188905181646,1008,1000
324.198905181646,1008,1000
324.208905183275,1008,1000
324.218905183275,1008,1000
324.229339085669,1008,1000
324.238905183275,1008,1000
324.248905183275,1008,1000
324.258905183275,1008,1000
324.269490184904,1008,1000
324.278905184904,1008,1000
324.288905184904,1008,1000
324.299900184904,1008,1000
324.309625186569,1008,1000
324.318905186569,1008,1000
324.328905186569,1008,1000
324.338905186569,1008,1000
324.348905186569,1008,1000
324.358905186569,1008,1000
324.369172474088,1008,1000
324.378905188234,1008,1000
324.388905188234,1008,1000
324.398905188234,1008,1000
324.408905189926,1008,1000
324.418905189926,1008,1000
324.429212975912,1008,1000
324.438905189926,1008,1000
324.448905189926,1008,1000
324.458905189926,1008,1000
324.468905191618,1008,1000
324.478905191618,1008,1000
324.488905191618,1008,1000
324.498905191618,1008,1000
324.509479870446,1008,1000
324.518905193332,1008,1000
324.528905193332,1008,1000
324.538905193332,1008,1000
324.548905193332,1008,1000
324.558905193332,1008,1000
324.568905195046,1008,1000
324.578905195046,1008,1000
324.588905195046,1008,1000
324.599661195046,1008,1000
324.60890519679,1008,1000
324.61890519679,1008,1000
324.631214292204,1008,1000
324.63890519679,1008,1000
324.64890519679,1008,1000
324.65890519679,1008,1000
324.669738198534,1008,1000
324.678905198534,1008,1000
324.68890002953,1008,1000
324.699219198534,1008,1000
324.708905200296,1008,1000
324.718905200296,1008,1000
324.728905200296,1008,1000
324.73909149978,1008,1000
324.748905200296,1008,1000
324.75938472393,1008,1000
324.771410887311,1008,1000
324.778905202058,1008,1000
324.788905202058,1008,1000
324.798905202058,1008,1000
324.809694746126,1008,1000
324.819472203852,1008,1000
324.828905203852,1008,1000
324.839406795435,1008,1000
324.848905203852,1008,1000
324.858905203852,1008,1000
324.868905205646,1008,1000
324.87908842458,1008,1000
324.888905205646,1008,1000
324.898905205646,1008,1000
324.908905207459,1008,1000
324.918905207459,1008,1000
324.928905207459,1008,1000
324.938905207459,1008,1000
324.948929085059,1008,1000
324.958905207459,1008,1000
324.968905209272,1008,1000
324.978905209272,1008,1000
324.988905209272,1008,1000
324.998905209272,1008,1000
325.008905211112,1008,1000
325.019517211112,1008,1000
325.028905211112,1008,1000
325.038905211112,1008,1000
325.049904211112,1008,1000
325.058905211112,1008,1000
325.070792306622,1008,1000
325.078905212952,1008,1000
325.088905212952,1008,1000
325.099652212952,1008,1000
325.108905214821,1008,1000
325.119302526883,1008,1000
325.129133148559,1008,1000
325.138905214821,1008,1000
325.148905214821,1008,1000
325.158905214821,1008,1000
325.16890521669,1008,1000
325.17890521669,1008,1000
325.18890521669,1008,1000
325.19890521669,1008,1000
325.208905218584,1008,1000
325.219544218584,1008,1000
325.228905218584,1008,1000
325.238905218584,1008,1000
325.248905218584,1008,1000
325.258905218584,1008,1000
325.268905220478,1008,1000
325.278905220478,1008,1000
325.288905220478,1008,1000
325.298905220478,1008,1000
325.308905222397,1008,1000
325.318905222397,1008,1000
325.329437874201,1008,1000
325.338905222397,1008,1000
325.348905222397,1008,1000
325.358905222397,1008,1000
325.368905224316,1008,1000
325.378905224316,1008,1000
325.388925771555,1008,1000
325.399661224316,1008,1000
325.408905226255,1008,1000
325.418905226255,1008,1000
325.428905226255,1008,1000
325.438905226255,1008,1000
325.448905226255,1008,1000
325.458905226255,1008,1000
325.468905228194,1008,1000
325.478905228194,1008,1000
325.488905228194,1008,1000
325.498905228194,1008,1000
325.509639230162,1008,1000
325.518905230162,1008,1000
325.528905230162,1008,1000
325.538905230162,1008,1000
325.548905230162,1008,1000
325.558905230162,1008,1000
325.56890523213,1008,1000
325.57986823213,1008,1000
325.58911593992,1008,1000
325.59890523213,1008,1000
325.608905234118,1008,1000
325.618905234118,1008,1000
325.628905234118,1008,1000
325.638905234118,1008,1000
325.650360567198,1008,1000
325.658905234118,1008,1000
325.668905236106,1008,1000
325.678905236106,1008,1000
325.688905236106,1008,1000
325.698905236106,1008,1000
325.70890523813,1008,1000
325.719812906278,1008,1000
325.72994523813,1008,1000
325.73890523813,1008,1000
325.749802454482,1008,1000
325.75890523813,1008,1000
325.769856064437,1008,1000
325.778905240154,1008,1000
325.790882333824,1008,1000
325.799969579234,1008,1000
325.808905242197,1008,1000
325.819191797629,1008,1000
325.828905242197,1008,1000
325.839065407584,1008,1000
325.849035018075,1008,1000
325.858905242197,1008,1000
325.871455924424,1008,1000
325.87890524424,1008,1000
325.88890524424,1008,1000
325.89958524424,1008,1000
325.90890524631,1008,1000
325.91890524631,1008,1000
325.92890524631,1008,1000
325.93890524631,1008,1000
325.948894874348,1008,1000
325.96002789905,1008,1000
325.971105325438,1008,1000
325.97890524838,1008,1000
325.98890524838,1008,1000
325.99890524838,1008,1000
326.008905250476,1008,1000
326.018905250476,1008,1000
326.029212597736,1008,1000
326.038905250476,1008,1000
326.048905250476,1008,1000
326.058905250476,1008,1000
326.068905252572,1008,1000
326.078905252572,1008,1000
326.088905252572,1008,1000
326.100012252572,1008,1000
326.10890525468,1008,1000
326.11890525468,1008,1000
326.12890525468,1008,1000
326.13890525468,1008,1000
326.14890525468,1008,1000
326.15890525468,1008,1000
326.16930261031,1008,1000
326.180058983836,1008,1000
326.188905256788,1008,1000
326.198905256788,1008,1000
326.208905258929,1008,1000
326.22081935474,1008,1000
326.228905258929,1008,1000
326.238905258929,1008,1000
326.249394343715,1008,1000
326.259963258929,1008,1000
326.26890526107,1008,1000
326.27890526107,1008,1000
326.28890526107,1008,1000
326.29890526107,1008,1000
326.308905263224,1008,1000
326.319463263224,1008,1000
326.330828359048,1008,1000
326.338905263224,1008,1000
326.348905263224,1008,1000
326.358905263224,1008,1000
326.369179083088,1008,1000
326.378905265378,1008,1000
326.388905265378,1008,1000
326.398905265378,1008,1000
326.408905267566,1008,1000
326.418905267566,1008,1000
326.428905267566,1008,1000
326.438905267566,1008,1000
326.450864363424,1008,1000
326.458905267566,1008,1000
326.468905269754,1008,1000
326.478905269754,1008,1000
326.488905269754,1008,1000
326.498905269754,1008,1000
326.509378418456,1008,1000
326.520783367816,1008,1000
326.52890527195,1008,1000
326.53966627195,1008,1000
326.54890527195,1008,1000
326.55890527195,1008,1000
326.568905274146,1008,1000
326.578905274146,1008,1000
326.588905274146,1008,1000
326.598905274146,1008,1000
326.608905276361,1008,1000
326.618905276361,1008,1000
326.629556457826,1008,1000
326.638905276361,1008,1000
326.648905276361,1008,1000
326.658905276361,1008,1000
326.668905278576,1008,1000
326.678905278576,1008,1000
326.688905278576,1008,1000
326.698905278576,1008,1000
326.709639280815,1008,1000
326.718905280815,1008,1000
326.728905280815,1008,1000
326.738905280815,1008,1000
326.748905280815,1008,1000
326.758905280815,1008,1000
326.768905283054,1008,1000
326.779486283054,1008,1000
326.788905283054,1008,1000
326.798905283054,1008,1000
326.808905285312,1008,1000
326.818905285312,1008,1000
326.829994285312,1008,1000
326.838905285312,1008,1000
326.848905285312,1008,1000
326.858905285312,1008,1000
326.86890528757,1008,1000
326.87890528757,1008,1000
326.88890528757,1008,1000
326.899329673832,1008,1000
326.90890528987,1008,1000
326.91890528987,1008,1000
326.92890528987,1008,1000
326.93890528987,1008,1000
326.94890528987,1008,1000
326.95890528987,1008,1000
326.96890529217,1008,1000
326.97890529217,1008,1000
326.989973904272,1008,1000
326.99890529217,1008,1000
327.008905294478,1008,1000
327.019794740653,1008,1000
327.028905294478,1008,1000
327.038905294478,1008,1000
327.048905294478,1008,1000
327.0592192997,1008,1000
327.068905296786,1008,1000
327.078905296786,1008,1000
327.089229138389,1008,1000
327.098905296786,1008,1000
327.10890529909,1008,1000
327.11890529909,1008,1000
327.12890529909,1008,1000
327.13890529909,1008,1000
327.14890529909,1008,1000
327.15890529909,1008,1000
327.168905301394,1008,1000
327.178905301394,1008,1000
327.189729301394,1008,1000
327.198905301394,1008,1000
327.208905303667,1008,1000
327.218905303667,1008,1000
327.228905303667,1008,1000
327.238905303667,1008,1000
327.248905303667,1008,1000
327.259100706011,1008,1000
327.26890530594,1008,1000
327.27890530594,1008,1000
327.28966130594,1008,1000
327.29890530594,1008,1000
327.311929539578,1008,1000
327.318905308178,1008,1000
327.328905308178,1008,1000
327.339642997103,1008,1000
327.348905308178,1008,1000
327.358905308178,1008,1000
327.369796310416,1008,1000
327.379835445908,1008,1000
327.388905310416,1008,1000
327.398905310416,1008,1000
327.408905312608,1008,1000
327.418905312608,1008,1000
327.428905312608,1008,1000
327.439248723974,1008,1000
327.45092740847,1008,1000
327.459954312608,1008,1000
327.4689053148,1008,1000
327.4789053148,1008,1000
327.4889053148,1008,1000
327.4989053148,1008,1000
327.508905316944,1008,1000
327.519459316944,1008,1000
327.529226730502,1008,1000
327.538905316944,1008,1000
327.548905316944,1008,1000
327.558905316944,1008,1000
327.568905319088,1008,1000
327.578905319088,1008,1000
327.588905319088,1008,1000
327.599976319088,1008,1000
327.609918321199,1008,1000
327.618905321199,1008,1000
327.628905321199,1008,1000
327.638905321199,1008,1000
327.64971870418,1008,1000
327.658905321199,1008,1000
327.669203743348,1008,1000
327.679946745459,1008,1000
327.68890532331,1008,1000
327.69890532331,1008,1000
327.70890532538,1008,1000
327.71912613051,1008,1000
327.72890532538,1008,1000
327.73890532538,1008,1000
327.749399171789,1008,1000
327.75890532538,1008,1000
327.76890532745,1008,1000
327.77890532745,1008,1000
327.78890532745,1008,1000
327.79890532745,1008,1000
327.809828329458,1008,1000
327.818905329458,1008,1000
327.828905329458,1008,1000
327.838905329458,1008,1000
327.848905329458,1008,1000
327.859251107948,1008,1000
327.868905331466,1008,1000
327.879118761874,1008,1000
327.88929128796,1008,1000
327.899783331466,1008,1000
327.90890533343,1008,1000
327.91890533343,1008,1000
327.92890533343,1008,1000
327.940071951912,1008,1000
327.94890533343,1008,1000
327.95890533343,1008,1000
327.96903776781,1008,1000
327.978905335394,1008,1000
327.988905335394,1008,1000
327.998905335394,1008,1000
328.00930839019,1008,1000
328.018905337328,1008,1000
328.028905337328,1008,1000
328.038905337328,1008,1000
328.048905337328,1008,1000
328.058905337328,1008,1000
328.068905339262,1008,1000
328.078905339262,1008,1000
328.089738339262,1008,1000
328.098905339262,1008,1000
328.108905341134,1008,1000
328.119325163878,1008,1000
328.128905341134,1008,1000
328.138905341134,1008,1000
328.148905341134,1008,1000
328.159154781346,1008,1000
328.169634343006,1008,1000
328.178905343006,1008,1000
328.188905343006,1008,1000
328.198905343006,1008,1000
328.209372324541,1008,1000
328.218905344831,1008,1000
328.228905344831,1008,1000
328.238905344831,1008,1000
328.248905344831,1008,1000
328.258905344831,1008,1000
328.268905346656,1008,1000
328.278905346656,1008,1000
328.288905346656,1008,1000
328.298905346656,1008,1000
328.308905348447,1008,1000
328.318905348447,1008,1000
328.328905348447,1008,1000
328.338905348447,1008,1000
328.348905348447,1008,1000
328.358905348447,1008,1000
328.368905350238,1008,1000
328.379120217654,1008,1000
328.388905350238,1008,1000
328.398905350238,1008,1000
328.408905351981,1008,1000
328.418905351981,1008,1000
328.428905351981,1008,1000
328.438905351981,1008,1000
328.449864351981,1008,1000
328.458905351981,1008,1000
328.469985353724,1008,1000
328.48002789905,1008,1000
328.49164674018,1008,1000
328.500828450746,1008,1000
328.5089053554,1008,1000
328.519145808331,1008,1000
328.5289053554,1008,1000
328.539248810074,1008,1000
328.550211810074,1008,1000
328.559408648186,1008,1000
328.568905357076,1008,1000
328.578905357076,1008,1000
328.588905357076,1008,1000
328.598905357076,1008,1000
328.608905358713,1008,1000
328.619619269737,1008,1000
328.628905358713,1008,1000
328.638905358713,1008,1000
328.648905358713,1008,1000
328.658905358713,1008,1000
328.66890536035,1008,1000
328.67890536035,1008,1000
328.68890536035,1008,1000
328.700523987235,1008,1000
328.70890536193,1008,1000
328.71960336193,1008,1000
328.72890536193,1008,1000
328.73890536193,1008,1000
328.74890536193,1008,1000
328.759557145782,1008,1000
328.769805451695,1008,1000
328.77890536351,1008,1000
328.78890536351,1008,1000
328.79890536351,1008,1000
328.80890536505,1008,1000
328.81890536505,1008,1000
328.82890536505,1008,1000
328.839802917695,1008,1000
328.84890536505,1008,1000
328.85890536505,1008,1000
328.86890536659,1008,1000
328.87890536659,1008,1000
328.88890536659,1008,1000
328.89890536659,1008,1000
328.909057386735,1008,1000
328.91890536809,1008,1000
328.92999936809,1008,1000
328.93890536809,1008,1000
328.94890536809,1008,1000
328.95890536809,1008,1000
328.96890536959,1008,1000
328.97890536959,1008,1000
328.98890536959,1008,1000
329.002110405724,1008,1000
329.008905371032,1008,1000
329.020493066864,1008,1000
329.029675371032,1008,1000
329.038905371032,1008,1000
329.048905371032,1008,1000
329.059748586802,1008,1000
329.069584312054,1008,1000
329.079796372474,1008,1000
329.089810540288,1008,1000
329.098905372474,1008,1000
329.10891927597,1008,1000
329.11890537389,1008,1000
329.128967061642,1008,1000
329.13981437389,1008,1000
329.149221847314,1008,1000
329.159146015128,1008,1000
329.168905375306,1008,1000
329.178905375306,1008,1000
329.189553375306,1008,1000
329.198905375306,1008,1000
329.20914085151,1008,1000
329.21890537667,1008,1000
329.22958037667,1008,1000
329.23988237667,1008,1000
329.24890537667,1008,1000
329.25890537667,1008,1000
329.268905378034,1008,1000
329.279216903148,1008,1000
329.288905378034,1008,1000
329.298905378034,1008,1000
329.309280856977,1008,1000
329.318905379357,1008,1000
329.329480429631,1008,1000
329.339724379357,1008,1000
329.348905379357,1008,1000
329.359859379357,1008,1000
329.36890538068,1008,1000
329.37954038068,1008,1000
329.38890538068,1008,1000
329.39890538068,1008,1000
329.41152047686,1008,1000
329.418905381935,1008,1000
329.429059862242,1008,1000
329.438905381935,1008,1000
329.448905381935,1008,1000
329.46097247686,1008,1000
329.46890538319,1008,1000
329.47921938319,1008,1000
329.48890538319,1008,1000
329.49962138319,1008,1000
329.509567384417,1008,1000
329.518905384417,1008,1000
329.528905384417,1008,1000
329.539293330169,1008,1000
329.548905384417,1008,1000
329.558905384417,1008,1000
329.568905385644,1008,1000
329.578905385644,1008,1000
329.588905385644,1008,1000
329.598905385644,1008,1000
329.608905386799,1008,1000
329.618905386799,1008,1000
329.628905386799,1008,1000
329.639706386799,1008,1000
329.648905386799,1008,1000
329.658905386799,1008,1000
329.668905387954,1008,1000
329.678905387954,1008,1000
329.688905387954,1008,1000
329.700499380627,1008,1000
329.70890538907,1008,1000
329.71956238907,1008,1000
329.72986438907,1008,1000
329.73890538907,1008,1000
329.74890538907,1008,1000
329.75953138907,1008,1000
329.769771871763,1008,1000
329.778905390186,1008,1000
329.788905390186,1008,1000
329.80094446609,1008,1000
329.808905391264,1008,1000
329.820169195655,1008,1000
329.828905391264,1008,1000
329.839773363977,1008,1000
329.848905391264,1008,1000
329.859693391264,1008,1000
329.870216959382,1008,1000
329.878905392342,1008,1000
329.891115900022,1008,1000
329.898905392342,1008,1000
329.91011685829,1008,1000
329.918905393363,1008,1000
329.929607393363,1008,1000
329.939678453695,1008,1000
329.948905393363,1008,1000
329.959039807373,1008,1000
329.968905394384,1008,1000
329.979434353624,1008,1000
329.988905394384,1008,1000
329.998905394384,1008,1000
330.00890539537,1008,1000
330.02001239537,1008,1000
330.02890539537,1008,1000
330.04339739537,1008,1000
330.04890539537,1008,1000
330.05890539537,1008,1000
330.070188396356,1008,1000
330.078905396356,1008,1000
330.089383892676,1008,1000
330.098905396356,1008,1000
330.108905397273,1008,1000
330.118905397273,1008,1000
330.128905397273,1008,1000
330.139379894579,1008,1000
330.148905397273,1008,1000
330.158905397273,1008,1000
330.168906225356,1008,1000
330.17890539819,1008,1000
330.18890539819,1008,1000
330.19890539819,1008,1000
330.209815769344,1008,1000
330.218905399062,1008,1000
330.228905399062,1008,1000
330.238905399062,1008,1000
330.248905399062,1008,1000
330.258905399062,1008,1000
330.268905399934,1008,1000
330.279286270228,1008,1000
330.288905399934,1008,1000
330.298905399934,1008,1000
330.308905400766,1008,1000
330.319161495332,1008,1000
330.328905400766,1008,1000
330.339805400766,1008,1000
330.348905400766,1008,1000
330.358905400766,1008,1000
330.369931401598,1008,1000
330.379472401598,1008,1000
330.388905401598,1008,1000
330.398905401598,1008,1000
330.409050904115,1008,1000
330.418905402399,1008,1000
330.428905402399,1008,1000
330.439302904947,1008,1000
330.448905402399,1008,1000
330.458905402399,1008,1000
330.4689054032,1008,1000
330.4789054032,1008,1000
330.4889054032,1008,1000
330.4989054032,1008,1000
330.509850056198,1008,1000
330.518905403951,1008,1000
330.528905403951,1008,1000
330.538905403951,1008,1000
330.548905403951,1008,1000
330.558905403951,1008,1000
330.568905404702,1008,1000
330.57920356185,1008,1000
330.588905404702,1008,1000
330.598905404702,1008,1000
330.609553405423,1008,1000
330.618905405423,1008,1000
330.628905405423,1008,1000
330.639463405423,1008,1000
330.648905405423,1008,1000
330.658905405423,1008,1000
330.668905406144,1008,1000
330.678905406144,1008,1000
330.689738406144,1008,1000
330.698905406144,1008,1000
330.70952640682,1008,1000
330.71890540682,1008,1000
330.72954440682,1008,1000
330.73890540682,1008,1000
330.74994940682,1008,1000
330.758993244932,1008,1000
330.768905407496,1008,1000
330.779720407496,1008,1000
330.788905407496,1008,1000
330.799976407496,1008,1000
330.808905408133,1008,1000
330.819230915903,1008,1000
330.829580408133,1008,1000
330.84091850244,1008,1000
330.849055916579,1008,1000
330.858905408133,1008,1000
330.869964917216,1008,1000
330.87890540877,1008,1000
330.88890540877,1008,1000
330.89988640877,1008,1000
330.908905409368,1008,1000
330.919568030287,1008,1000
330.929549409368,1008,1000
330.939219427534,1008,1000
330.949966532528,1008,1000
330.958905409368,1008,1000
330.969338919686,1008,1000
330.979877409966,1008,1000
330.988905409966,1008,1000
330.998905409966,1008,1000
331.008905410517,1008,1000
331.019820043995,1008,1000
331.028905410517,1008,1000
331.038905410517,1008,1000
331.050279921433,1008,1000
331.058905410517,1008,1000
331.068905411068,1008,1000
331.078905411068,1008,1000
331.089245556013,1008,1000
331.098905411068,1008,1000
331.109302118999,1008,1000
331.119741433982,1008,1000
331.128905411599,1008,1000
331.138905411599,1008,1000
331.148905411599,1008,1000
331.1613045058,1008,1000
331.16890541213,1008,1000
331.17890541213,1008,1000
331.189004947062,1008,1000
331.19890541213,1008,1000
331.209715412626,1008,1000
331.218905412626,1008,1000
331.229219412626,1008,1000
331.238905412626,1008,1000
331.248905412626,1008,1000
331.258905412626,1008,1000
331.268905413122,1008,1000
331.279946926698,1008,1000
331.289703210888,1008,1000
331.298905413122,1008,1000
331.308905413579,1008,1000
331.318905413579,1008,1000
331.328905413579,1008,1000
331.338905413579,1008,1000
331.349363441227,1008,1000
331.358905413579,1008,1000
331.368905414036,1008,1000
331.378905414036,1008,1000
331.389208726627,1008,1000
331.398905414036,1008,1000
331.408905414469,1008,1000
331.419832414469,1008,1000
331.429756414469,1008,1000
331.438905414469,1008,1000
331.448905414469,1008,1000
331.459967414469,1008,1000
331.468905414902,1008,1000
331.478905414902,1008,1000
331.489896930321,1008,1000
331.501723540623,1008,1000
331.508905415292,1008,1000
331.519513415292,1008,1000
331.529221930711,1008,1000
331.538905415292,1008,1000
331.549390262328,1008,1000
331.559340446563,1008,1000
331.569233446953,1008,1000
331.578905415682,1008,1000
331.588905415682,1008,1000
331.598905415682,1008,1000
331.608905416049,1008,1000
331.618905416049,1008,1000
331.628905416049,1008,1000
331.638905416049,1008,1000
331.648905416049,1008,1000
331.658905416049,1008,1000
331.669828416416,1008,1000
331.678905416416,1008,1000
331.688905416416,1008,1000
331.700095459131,1008,1000
331.708905416755,1008,1000
331.718905416755,1008,1000
331.730373416755,1008,1000
331.739181934121,1008,1000
331.749787416755,1008,1000
331.758905416755,1008,1000
331.769439977175,1008,1000
331.778905417094,1008,1000
331.788905417094,1008,1000
331.799825934799,1008,1000
331.809311313515,1008,1000
331.81903293512,1008,1000
331.828905417415,1008,1000
331.839954417415,1008,1000
331.849493497404,1008,1000
331.858905417415,1008,1000
331.869098453485,1008,1000
331.878905417736,1008,1000
331.888905417736,1008,1000
331.898905417736,1008,1000
331.909190936393,1008,1000
331.918905418028,1008,1000
331.928905418028,1008,1000
331.938905418028,1008,1000
331.948905418028,1008,1000
331.958905418028,1008,1000
331.96890541832,1008,1000
331.97890541832,1008,1000
331.98890541832,1008,1000
331.999759550238,1008,1000
332.008905418593,1008,1000
332.020530418593,1008,1000
332.028905418593,1008,1000
332.039985418593,1008,1000
332.048905418593,1008,1000
332.059562418593,1008,1000
332.06913336424,1008,1000
332.078905418866,1008,1000
332.089901938409,1008,1000
332.098905418866,1008,1000
332.109374938654,1008,1000
332.118905419111,1008,1000
332.128905419111,1008,1000
332.138905419111,1008,1000
332.148905419111,1008,1000
332.15937245847,1008,1000
332.169624552658,1008,1000
332.178905419356,1008,1000
332.188905419356,1008,1000
332.198905419356,1008,1000
332.208905419593,1008,1000
332.218905419593,1008,1000
332.229783419593,1008,1000
332.238905419593,1008,1000
332.248905419593,1008,1000
332.258905419593,1008,1000
332.26890541983,1008,1000
332.27890541983,1008,1000
332.28890541983,1008,1000
332.299145940373,1008,1000
332.308905420047,1008,1000
332.318905420047,1008,1000
332.329117415099,1008,1000
332.338905420047,1008,1000
332.348905420047,1008,1000
332.358905420047,1008,1000
332.368905420264,1008,1000
332.378905420264,1008,1000
332.388905420264,1008,1000
332.398905420264,1008,1000
332.408905420459,1008,1000
332.418905420459,1008,1000
332.428905420459,1008,1000
332.438905420459,1008,1000
332.448905420459,1008,1000
332.458905420459,1008,1000
332.469091941868,1008,1000
332.478905420654,1008,1000
332.489738420654,1008,1000
332.498905420654,1008,1000
332.50958542083,1008,1000
332.51890542083,1008,1000
332.52890542083,1008,1000
332.538918156762,1008,1000
332.54890542083,1008,1000
332.558965942434,1008,1000
332.570864514676,1008,1000
332.578905421006,1008,1000
332.58892146563,1008,1000
332.599733421006,1008,1000
332.608905421167,1008,1000
332.618905421167,1008,1000
332.628905421167,1008,1000
332.638905421167,1008,1000
332.648905421167,1008,1000
332.658905421167,1008,1000
332.669041943284,1008,1000
332.678905421328,1008,1000
332.688905421328,1008,1000
332.70116951529,1008,1000
332.71079251529,1008,1000
332.718905421474,1008,1000
332.728905421474,1008,1000
332.738905421474,1008,1000
332.748905421474,1008,1000
332.758905421474,1008,1000
332.76983642162,1008,1000
332.77890542162,1008,1000
332.78890542162,1008,1000
332.79890542162,1008,1000
332.808905421759,1008,1000
332.818905421759,1008,1000
332.829972421759,1008,1000
332.839063944329,1008,1000
332.848914516236,1008,1000
332.858905421759,1008,1000
332.868905421898,1008,1000
332.879318561125,1008,1000
332.888905421898,1008,1000
332.899406399237,1008,1000
332.908905422023,1008,1000
332.918905422023,1008,1000
332.929792422023,1008,1000
332.938905422023,1008,1000
332.950003422023,1008,1000
332.958905422023,1008,1000
332.969266538853,1008,1000
332.978905422148,1008,1000
332.988905422148,1008,1000
332.999618945121,1008,1000
333.008905422261,1008,1000
333.019464945234,1008,1000
333.028905422261,1008,1000
333.039864422261,1008,1000
333.048905422261,1008,1000
333.059471562127,1008,1000
333.068905422374,1008,1000
333.078905422374,1008,1000
333.091603974262,1008,1000
333.098905422374,1008,1000
333.109145945689,1008,1000
333.118905422478,1008,1000
333.129945422478,1008,1000
333.138905422478,1008,1000
333.149758964762,1008,1000
333.159608880696,1008,1000
333.168905422582,1008,1000
333.178905422582,1008,1000
333.188905422582,1008,1000
333.19928994601,1008,1000
333.208905422677,1008,1000
333.218959488389,1008,1000
333.228905422677,1008,1000
333.238905422677,1008,1000
333.248905422677,1008,1000
333.258905422677,1008,1000
333.268905422772,1008,1000
333.278905422772,1008,1000
333.288905422772,1008,1000
333.298905422772,1008,1000
333.308905422858,1008,1000
333.318905422858,1008,1000
333.328905422858,1008,1000
333.338905422858,1008,1000
333.348905422858,1008,1000
333.358905422858,1008,1000
333.368905422944,1008,1000
333.378905422944,1008,1000
333.388905422944,1008,1000
333.398905422944,1008,1000
333.408905423019,1008,1000
333.418905423019,1008,1000
333.428905423019,1008,1000
333.441934516764,1008,1000
333.448905423019,1008,1000
333.458905423019,1008,1000
333.468905423094,1008,1000
333.478905423094,1008,1000
333.48904755123,1008,1000
333.499733423094,1008,1000
333.509219423164,1008,1000
333.518905423164,1008,1000
333.528905423164,1008,1000
333.538905423164,1008,1000
333.548905423164,1008,1000
333.558905423164,1008,1000
333.569005947278,1008,1000
333.578905423234,1008,1000
333.588905423234,1008,1000
333.598905423234,1008,1000
333.608905423298,1008,1000
333.618905423298,1008,1000
333.6290971795,1008,1000
333.638905423298,1008,1000
333.648905423298,1008,1000
333.658905423298,1008,1000
333.668905423362,1008,1000
333.678905423362,1008,1000
333.688905423362,1008,1000
333.698993261474,1008,1000
333.709463423419,1008,1000
333.718905423419,1008,1000
333.731400299262,1008,1000
333.738905423419,1008,1000
333.751044517146,1008,1000
333.758905423419,1008,1000
333.769891423476,1008,1000
333.778905423476,1008,1000
333.788905423476,1008,1000
333.799423205592,1008,1000
333.808905423525,1008,1000
333.819945423525,1008,1000
333.828905423525,1008,1000
333.839082947951,1008,1000
333.848905423525,1008,1000
333.859575294967,1008,1000
333.868905423574,1008,1000
333.878905423574,1008,1000
333.889334948049,1008,1000
333.898905423574,1008,1000
333.908905423619,1008,1000
333.918905423619,1008,1000
333.929866858937,1008,1000
333.938905423619,1008,1000
333.948905423619,1008,1000
333.958905423619,1008,1000
333.968905423664,1008,1000
333.978905423664,1008,1000
333.988905423664,1008,1000
333.999220383551,1008,1000
334.008905423706,1008,1000
334.018905423706,1008,1000
334.028905423706,1008,1000
334.039544423706,1008,1000
334.048905423706,1008,1000
334.060346423706,1008,1000
334.068905423748,1008,1000
334.079714566772,1008,1000
334.088905423748,1008,1000
334.098905423748,1008,1000
334.108905423784,1008,1000
334.119543566808,1008,1000
334.12978094844,1008,1000
334.138905423784,1008,1000
334.149149091506,1008,1000
334.159843805983,1008,1000
334.16968442382,1008,1000
334.17890542382,1008,1000
334.18973342382,1008,1000
334.19905347321,1008,1000
334.208905423853,1008,1000
334.220183852376,1008,1000
334.231701517556,1008,1000
334.238905423853,1008,1000
334.248905423853,1008,1000
334.260144948623,1008,1000
334.268905423886,1008,1000
334.278905423886,1008,1000
334.289627377212,1008,1000
334.299796423886,1008,1000
334.308905423917,1008,1000
334.318905423917,1008,1000
334.32959747349,1008,1000
334.338905423917,1008,1000
334.348905423917,1008,1000
334.359801423917,1008,1000
334.370261948784,1008,1000
334.379760527376,1008,1000
334.388905423948,1008,1000
334.398905423948,1008,1000
334.408905423976,1008,1000
334.418905423976,1008,1000
334.429100948843,1008,1000
334.43967847371,1008,1000
334.449141052302,1008,1000
334.458905423976,1008,1000
334.469805424004,1008,1000
334.478905424004,1008,1000
334.488905424004,1008,1000
334.498905424004,1008,1000
334.508905424028,1008,1000
334.518905424028,1008,1000
334.528905424028,1008,1000
334.539104948982,1008,1000
334.549778424028,1008,1000
334.558905424028,1008,1000
334.568905424052,1008,1000
334.578905424052,1008,1000
334.588905424052,1008,1000
334.598905424052,1008,1000
334.608905424075,1008,1000
334.619212949053,1008,1000
334.628905424075,1008,1000
334.639504424075,1008,1000
334.648905424075,1008,1000
334.658905424075,1008,1000
334.668905424098,1008,1000
334.679877424098,1008,1000
334.688905424098,1008,1000
334.698905424098,1008,1000
334.708905424118,1008,1000
334.720945517808,1008,1000
334.728905424118,1008,1000
334.739819424118,1008,1000
334.749640407239,1008,1000
334.758905424118,1008,1000
334.768905424138,1008,1000
334.778905424138,1008,1000
334.788905424138,1008,1000
334.798905424138,1008,1000
334.809262949225,1008,1000
334.818905424157,1008,1000
334.828905424157,1008,1000
334.838905424157,1008,1000
334.849561568003,1008,1000
334.858905424157,1008,1000
334.868905424176,1008,1000
334.879855424176,1008,1000
334.888905424176,1008,1000
334.898905424176,1008,1000
334.908905424192,1008,1000
334.918905424192,1008,1000
334.928905424192,1008,1000
334.938905424192,1008,1000
334.949226949318,1008,1000
334.958905424192,1008,1000
334.968905424208,1008,1000
334.978905424208,1008,1000
334.988905424208,1008,1000
334.998905424208,1008,1000
335.008905424222,1008,1000
335.018905424222,1008,1000
335.028905424222,1008,1000
335.03930794938,1008,1000
335.049859424222,1008,1000
335.058905424222,1008,1000
335.068905424236,1008,1000
335.078905424236,1008,1000
335.088905424236,1008,1000
335.098905424236,1008,1000
335.108905424249,1008,1000
335.119140949421,1008,1000
335.128905424249,1008,1000
335.138905424249,1008,1000
335.149868424249,1008,1000
335.159634424249,1008,1000
335.171163609821,1008,1000
335.178905424262,1008,1000
335.189643424262,1008,1000
335.198905424262,1008,1000
335.208905424274,1008,1000
335.219131949473,1008,1000
335.228905424274,1008,1000
335.239448378902,1008,1000
335.248905424274,1008,1000
335.258905424274,1008,1000
335.268905424286,1008,1000
335.278905424286,1008,1000
335.288905424286,1008,1000
335.298905424286,1008,1000
335.309963424297,1008,1000
335.318905424297,1008,1000
335.33002789905,1008,1000
335.338905424297,1008,1000
335.348905424297,1008,1000
335.358905424297,1008,1000
335.368905424308,1008,1000
335.379226949555,1008,1000
335.388905424308,1008,1000
335.399784949555,1008,1000
335.409660264513,1008,1000
335.419850424318,1008,1000
335.428905424318,1008,1000
335.439517424318,1008,1000
335.448905424318,1008,1000
335.458905424318,1008,1000
335.469129474833,1008,1000
335.478905424328,1008,1000
335.489095949596,1008,1000
335.499279429083,1008,1000
335.508905424336,1008,1000
335.518905424336,1008,1000
335.529471568552,1008,1000
335.538905424336,1008,1000
335.548905424336,1008,1000
335.558905424336,1008,1000
335.568905424344,1008,1000
335.578905424344,1008,1000
335.588905424344,1008,1000
335.598905424344,1008,1000
335.609544424353,1008,1000
335.618905424353,1008,1000
335.628905424353,1008,1000
335.638905424353,1008,1000
335.649693424353,1008,1000
335.658905424353,1008,1000
335.669832424362,1008,1000
335.678905424362,1008,1000
335.688905424362,1008,1000
335.698905424362,1008,1000
335.708905424369,1008,1000
335.718905424369,1008,1000
335.729724424369,1008,1000
335.739077949681,1008,1000
335.748905424369,1008,1000
335.759236479267,1008,1000
335.768905424376,1008,1000
335.780003424376,1008,1000
335.789200504687,1008,1000
335.799086949695,1008,1000
335.808905424383,1008,1000
335.818905424383,1008,1000
335.828905424383,1008,1000
335.838905424383,1008,1000
335.850009949709,1008,1000
335.858905424383,1008,1000
335.86890542439,1008,1000
335.87890542439,1008,1000
335.88890542439,1008,1000
335.90099051807,1008,1000
335.909787424395,1008,1000
335.919768882494,1008,1000
335.928905424395,1008,1000
335.938905424395,1008,1000
335.948905424395,1008,1000
335.959756424395,1008,1000
335.9689054244,1008,1000
335.979023949745,1008,1000
335.989068407844,1008,1000
335.9989054244,1008,1000
336.008905424406,1008,1000
336.019727816826,1008,1000
336.030999949751,1008,1000
336.038905424406,1008,1000
336.048905424406,1008,1000
336.059259273646,1008,1000
336.068905424412,1008,1000
336.080876424412,1008,1000
336.089905342188,1008,1000
336.098905424412,1008,1000
336.108905424416,1008,1000
336.118905424416,1008,1000
336.128905424416,1008,1000
336.138905424416,1008,1000
336.148905424416,1008,1000
336.159141867554,1008,1000
336.16890542442,1008,1000
336.17890542442,1008,1000
336.189899160572,1008,1000
336.19956742442,1008,1000
336.208905424425,1008,1000
336.218905424425,1008,1000
336.228905424425,1008,1000
336.238905424425,1008,1000
336.249702424425,1008,1000
336.259369685947,1008,1000
336.26890542443,1008,1000
336.279159579614,1008,1000
336.28890542443,1008,1000
336.29890542443,1008,1000
336.308905424434,1008,1000
336.318905424434,1008,1000
336.329922424434,1008,1000
336.338905424434,1008,1000
336.350184111387,1008,1000
336.359472424434,1008,1000
336.368905424438,1008,1000
336.378905424438,1008,1000
336.388905424438,1008,1000
336.399176949822,1008,1000
336.408905424441,1008,1000
336.419987636778,1008,1000
336.428905424441,1008,1000
336.438905424441,1008,1000
336.448905424441,1008,1000
336.459552568887,1008,1000
336.468905424444,1008,1000
336.479679424444,1008,1000
336.489314162172,1008,1000
336.498905424444,1008,1000
336.509797183067,1008,1000
336.518905424447,1008,1000
336.529603424447,1008,1000
336.538981629784,1008,1000
336.548905424447,1008,1000
336.558905424447,1008,1000
336.56890542445,1008,1000
336.579060708467,1008,1000
336.58890542445,1008,1000
336.598928231618,1008,1000
336.609664774257,1008,1000
336.618905424453,1008,1000
336.628905424453,1008,1000
336.639607424453,1008,1000
336.648905424453,1008,1000
336.659479565219,1008,1000
336.668905424456,1008,1000
336.679859424456,1008,1000
336.688905424456,1008,1000
336.698905424456,1008,1000
336.708905424459,1008,1000
336.718905424459,1008,1000
336.728905424459,1008,1000
336.738905424459,1008,1000
336.749113949865,1008,1000
336.758905424459,1008,1000
336.768905424462,1008,1000
336.778905424462,1008,1000
336.788905424462,1008,1000
336.798905424462,1008,1000
336.808905424464,1008,1000
336.818905424464,1008,1000
336.828905424464,1008,1000
336.838905424464,1008,1000
336.848905424464,1008,1000
336.860544424464,1008,1000
336.868905424466,1008,1000
336.878905424466,1008,1000
336.888905424466,1008,1000
336.898905424466,1008,1000
336.908905424468,1008,1000
336.919391615402,1008,1000
336.93097251814,1008,1000
336.939727341622,1008,1000
336.948905424468,1008,1000
336.958905424468,1008,1000
336.96981042447,1008,1000
336.97890542447,1008,1000
336.99119651814,1008,1000
336.99890542447,1008,1000
337.009562867044,1008,1000
337.018905424472,1008,1000
337.028905424472,1008,1000
337.040167949892,1008,1000
337.049571262332,1008,1000
337.059219424472,1008,1000
337.068905424474,1008,1000
337.078905424474,1008,1000
337.088905424474,1008,1000
337.098905424474,1008,1000
337.109828528593,1008,1000
337.119715424476,1008,1000
337.129715424476,1008,1000
337.139652424476,1008,1000
337.148905424476,1008,1000
337.161106518148,1008,1000
337.170080887525,1008,1000
337.179679673119,1008,1000
337.189032949904,1008,1000
337.200221949906,1008,1000
337.20890542448,1008,1000
337.21890542448,1008,1000
337.23028642448,1008,1000
337.241044518152,1008,1000
337.24890542448,1008,1000
337.25890542448,1008,1000
337.270246475338,1008,1000
337.278905424482,1008,1000
337.290012424482,1008,1000
337.299612949912,1008,1000
337.308905424483,1008,1000
337.318905424483,1008,1000
337.328905424483,1008,1000
337.339717000771,1008,1000
337.348905424483,1008,1000
337.359284949915,1008,1000
337.368905424484,1008,1000
337.378905424484,1008,1000
337.389453569021,1008,1000
337.398905424484,1008,1000
337.409142526206,1008,1000
337.418905424485,1008,1000
337.428905424485,1008,1000
337.439107715748,1008,1000
337.448905424485,1008,1000
337.458905424485,1008,1000
337.468905424486,1008,1000
337.478905424486,1008,1000
337.488905424486,1008,1000
337.499481424486,1008,1000
337.508905424487,1008,1000
337.518905424487,1008,1000
337.529477424487,1008,1000
337.539742424487,1008,1000
337.548905424487,1008,1000
337.559711424487,1008,1000
337.569715424488,1008,1000
337.578905424488,1008,1000
337.588905424488,1008,1000
337.598905424488,1008,1000
337.609140949926,1008,1000
337.618905424489,1008,1000
337.628905424489,1008,1000
337.639068949927,1008,1000
337.648905424489,1008,1000
337.658905424489,1008,1000
337.670235083051,1008,1000
337.67890542449,1008,1000
337.68890542449,1008,1000
337.699295188149,1008,1000
337.708905424491,1008,1000
337.718905424491,1008,1000
337.728905424491,1008,1000
337.739615608492,1008,1000
337.748905424491,1008,1000
337.758905424491,1008,1000
337.769877424492,1008,1000
337.778905424492,1008,1000
337.788905424492,1008,1000
337.798905424492,1008,1000
337.808905424493,1008,1000
337.818905424493,1008,1000
337.829621686341,1008,1000
337.839257949935,1008,1000
337.848905424493,1008,1000
337.858905424493,1008,1000
337.868905424494,1008,1000
337.878905424494,1008,1000
337.888905424494,1008,1000
337.898905424494,1008,1000
337.908905424495,1008,1000
337.918905424495,1008,1000
337.928905424495,1008,1000
337.939561569053,1008,1000
337.948905424495,1008,1000
337.959949424495,1008,1000
337.968905424496,1008,1000
337.978905424496,1008,1000
337.988905424496,1008,1000
337.998905424496,1008,1000
338.008905424497,1008,1000
338.018905424497,1008,1000
338.029320949942,1008,1000
338.039463424497,1008,1000
338.049498569059,1008,1000
338.058905424497,1008,1000
338.068905424498,1008,1000
338.078905424498,1008,1000
338.088905424498,1008,1000
338.098905424498,1008,1000
338.108905424498,1008,1000
338.119805424498,1008,1000
338.128905424498,1008,1000
338.139702424498,1008,1000
338.148905424498,1008,1000
338.158905424498,1008,1000
338.168905424498,1008,1000
338.179967424498,1008,1000
338.189068949946,1008,1000
338.198905424498,1008,1000
338.208905424499,1008,1000
338.220012424499,1008,1000
338.228905424499,1008,1000
338.238905424499,1008,1000
338.249275949947,1008,1000
338.258905424499,1008,1000
338.2689054245,1008,1000
338.2789054245,1008,1000
338.289464949949,1008,1000
338.299570569069,1008,1000
338.308915738202,1008,1000
338.3189054245,1008,1000
338.3289054245,1008,1000
338.3389054245,1008,1000
338.3489054245,1008,1000
338.359189980929,1008,1000
338.3689054245,1008,1000
338.3789054245,1008,1000
338.3889054245,1008,1000
338.3989054245,1008,1000
338.408905424501,1008,1000
338.419886424501,1008,1000
338.428905424501,1008,1000
338.438905424501,1008,1000
338.451896765117,1008,1000
338.458905424501,1008,1000
338.468905424502,1008,1000
338.478905424502,1008,1000
338.489212949953,1008,1000
338.499315750432,1008,1000
338.509787424502,1008,1000
338.519469671447,1008,1000
338.528905424502,1008,1000
338.541457518172,1008,1000
338.548905424502,1008,1000
338.558905424502,1008,1000
338.569756424502,1008,1000
338.578996949954,1008,1000
338.588905424502,1008,1000
338.598905424502,1008,1000
338.609219424502,1008,1000
338.621053518172,1008,1000
338.628905424502,1008,1000
338.639973949954,1008,1000
338.648905424502,1008,1000
338.658905424502,1008,1000
338.669612424502,1008,1000
338.679959279345,1008,1000
338.688905424502,1008,1000
338.698905424502,1008,1000
338.709417475407,1008,1000
338.718905424503,1008,1000
338.728905424503,1008,1000
338.738905424503,1008,1000
338.749402804798,1008,1000
338.758905424503,1008,1000
338.769666424504,1008,1000
338.778905424504,1008,1000
338.788905424504,1008,1000
338.798905424504,1008,1000
338.808905424504,1008,1000
338.819904424504,1008,1000
338.828905424504,1008,1000
338.838905424504,1008,1000
338.848905424504,1008,1000
338.858905424504,1008,1000
338.868905424504,1008,1000
338.878905424504,1008,1000
338.889230949958,1008,1000
338.898905424504,1008,1000
338.908905424504,1008,1000
338.918905424504,1008,1000
338.928905424504,1008,1000
338.938905424504,1008,1000
338.948905424504,1008,1000
338.958905424504,1008,1000
338.968905424504,1008,1000
338.978905424504,1008,1000
338.988905424504,1008,1000
338.998905424504,1008,1000
339.008905424505,1008,1000
339.018905424505,1008,1000
339.028905424505,1008,1000
339.040212569083,1008,1000
339.048905424505,1008,1000
339.06012608916,1008,1000
339.068905424506,1008,1000
339.078905424506,1008,1000
339.088905424506,1008,1000
339.098905424506,1008,1000
339.111362104339,1008,1000
339.118905424506,1008,1000
339.129470614616,1008,1000
339.139787424506,1008,1000
339.153523518176,1008,1000
339.158905424506,1008,1000
339.168905424506,1008,1000
339.179268010669,1008,1000
339.189535541444,1008,1000
339.199733424506,1008,1000
339.209941949962,1008,1000
339.219863424506,1008,1000
339.228905424506,1008,1000
339.238905424506,1008,1000
339.248905424506,1008,1000
339.258905424506,1008,1000
339.269176949962,1008,1000
339.279178475418,1008,1000
339.289090949962,1008,1000
339.298905424506,1008,1000
339.308905424506,1008,1000
339.318905424506,1008,1000
339.328905424506,1008,1000
339.339882424506,1008,1000
339.348905424506,1008,1000
339.36002789905,1008,1000
339.368905424506,1008,1000
339.378905424506,1008,1000
339.388905424506,1008,1000
339.398905424506,1008,1000
339.409100949962,1008,1000
339.418905424506,1008,1000
339.429217427403,1008,1000
339.439589424506,1008,1000
339.449303591604,1008,1000
339.459517424506,1008,1000
339.468905424506,1008,1000
339.478905424506,1008,1000
339.488905424506,1008,1000
339.498905424506,1008,1000
339.508905424507,1008,1000
339.518905424507,1008,1000
339.528905424507,1008,1000
339.538905424507,1008,1000
339.548905424507,1008,1000
339.560828518178,1008,1000
339.568905424508,1008,1000
339.578905424508,1008,1000
339.589805424508,1008,1000
339.600028527981,1008,1000
339.609468424508,1008,1000
339.618905424508,1008,1000
339.630927518178,1008,1000
339.638905424508,1008,1000
339.648905424508,1008,1000
339.659086949966,1008,1000
339.669499053439,1008,1000
339.678905424508,1008,1000
339.691101424508,1008,1000
339.698905424508,1008,1000
339.709341641765,1008,1000
339.721844518178,1008,1000
339.728905424508,1008,1000
339.738905424508,1008,1000
339.748905424508,1008,1000
339.758905424508,1008,1000
339.768905424508,1008,1000
339.778905424508,1008,1000
339.789219424508,1008,1000
339.798905424508,1008,1000
339.808905424508,1008,1000
339.818905424508,1008,1000
339.828905424508,1008,1000
339.838905424508,1008,1000
339.849553424508,1008,1000
339.858905424508,1008,1000
339.868905424508,1008,1000
339.878905424508,1008,1000
339.889549424508,1008,1000
339.898905424508,1008,1000
339.908905424508,1008,1000
339.918905424508,1008,1000
339.929841424508,1008,1000
339.938905424508,1008,1000
339.948905424508,1008,1000
339.958905424508,1008,1000
339.969100691925,1008,1000
339.978905424508,1008,1000
339.988905424508,1008,1000
339.999086949966,1008,1000
340.008905424508,1008,1000
340.019535424508,1008,1000
340.028905424508,1008,1000
340.038905424508,1008,1000
340.05002789905,1008,1000
340.058905424508,1008,1000
340.068905424508,1008,1000
340.078905424508,1008,1000
340.090999559521,1008,1000
340.10003622507,1008,1000
340.108905424508,1008,1000
340.119217268212,1008,1000
340.128905424508,1008,1000
340.139810405711,1008,1000
340.148905424508,1008,1000
340.160209084979,1008,1000
340.169488750528,1008,1000
340.178905424508,1008,1000
340.188905424508,1008,1000
340.198905424508,1008,1000
340.209073931169,1008,1000
340.218905424508,1008,1000
340.230837518178,1008,1000
340.238905424508,1008,1000
340.248905424508,1008,1000
340.258905424508,1008,1000
340.268905424508,1008,1000
340.278905424508,1008,1000
340.289553424508,1008,1000
340.298919029144,1008,1000
340.310837518178,1008,1000
340.321024051256,1008,1000
340.328905424508,1008,1000
340.338905424508,1008,1000
340.350963518178,1008,1000
340.358905424508,1008,1000
340.368905424508,1008,1000
340.378905424508,1008,1000
340.388905424508,1008,1000
340.398905424508,1008,1000
340.408905424508,1008,1000
340.418905424508,1008,1000
340.428905424508,1008,1000
340.438905424508,1008,1000
340.448905424508,1008,1000
340.458905424508,1008,1000
340.468905424508,1008,1000
340.478905424508,1008,1000
340.488987792245,1008,1000
340.498905424508,1008,1000
340.508905424508,1008,1000
340.518905424508,1008,1000
340.528905424508,1008,1000
340.539742424508,1008,1000
340.548905424508,1008,1000
340.558905424508,1008,1000
340.568905424508,1008,1000
340.579981424508,1008,1000
340.588905424508,1008,1000
340.598905424508,1008,1000
340.609023949966,1008,1000
340.618905424508,1008,1000
340.628905424508,1008,1000
340.638905424508,1008,1000
340.649289949966,1008,1000
340.658905424508,1008,1000
340.668905424508,1008,1000
340.679697424508,1008,1000
340.688905424508,1008,1000
340.699050709851,1008,1000
340.708905424508,1008,1000
340.719823424508,1008,1000
340.728905424508,1008,1000
340.738905424508,1008,1000
340.748905424508,1008,1000
340.758905424508,1008,1000
340.768905424508,1008,1000
340.778905424508,1008,1000
340.789203949966,1008,1000
340.800520569095,1008,1000
340.808905424509,1008,1000
340.818905424509,1008,1000
340.828905424509,1008,1000
340.838905424509,1008,1000
340.848905424509,1008,1000
340.858905424509,1008,1000
340.87090951818,1008,1000
340.87890542451,1008,1000
340.88890542451,1008,1000
340.89890542451,1008,1000
340.90890542451,1008,1000
340.92141251818,1008,1000
340.92890542451,1008,1000
340.93890542451,1008,1000
340.94890542451,1008,1000
340.959434570034,1008,1000
340.96890542451,1008,1000
340.97890542451,1008,1000
340.98921942451,1008,1000
340.99890542451,1008,1000
341.00992242451,1008,1000
341.01890542451,1008,1000
341.02890542451,1008,1000
341.03890542451,1008,1000
341.04890542451,1008,1000
341.05890542451,1008,1000
341.06890542451,1008,1000
341.07914994997,1008,1000
341.08890542451,1008,1000
341.09890542451,1008,1000
341.10890542451,1008,1000
341.11963442451,1008,1000
341.129291828058,1008,1000
341.13890542451,1008,1000
341.15175442451,1008,1000
341.15890542451,1008,1000
341.16890542451,1008,1000
341.17890542451,1008,1000
341.19000842451,1008,1000
341.19890542451,1008,1000
341.20976542451,1008,1000
341.21890542451,1008,1000
341.230072007757,1008,1000
341.23890542451,1008,1000
341.24890542451,1008,1000
341.25927194997,1008,1000
341.271090414282,1008,1000
341.27899294997,1008,1000
341.28890542451,1008,1000
341.299479533217,1008,1000
341.309857831727,1008,1000
341.31890542451,1008,1000
341.32890542451,1008,1000
341.34090051818,1008,1000
341.34890542451,1008,1000
341.35938894997,1008,1000
341.36890542451,1008,1000
341.379157357187,1008,1000
341.389230878218,1008,1000
341.39890542451,1008,1000
341.40890542451,1008,1000
341.41890542451,1008,1000
341.42890542451,1008,1000
341.43890542451,1008,1000
341.44890542451,1008,1000
341.45981042451,1008,1000
341.46890542451,1008,1000
341.47890542451,1008,1000
341.48890542451,1008,1000
341.50121451818,1008,1000
341.50890542451,1008,1000
341.51890542451,1008,1000
341.52905594997,1008,1000
341.53979242451,1008,1000
341.54890542451,1008,1000
341.55890542451,1008,1000
341.56921942451,1008,1000
341.57890542451,1008,1000
341.58890542451,1008,1000
341.59890542451,1008,1000
341.60973594997,1008,1000
341.61890542451,1008,1000
341.62890542451,1008,1000
341.63890542451,1008,1000
341.64890542451,1008,1000
341.659841567543,1008,1000
341.66890542451,1008,1000
341.67894547543,1008,1000
341.68890542451,1008,1000
341.69890542451,1008,1000
341.70890542451,1008,1000
341.71890542451,1008,1000
341.729060093003,1008,1000
341.73890542451,1008,1000
341.74890542451,1008,1000
341.75890542451,1008,1000
341.77029642451,1008,1000
341.77890542451,1008,1000
341.78890542451,1008,1000
341.79890542451,1008,1000
341.81160542451,1008,1000
341.81890542451,1008,1000
341.82998542451,1008,1000
341.840170453078,1008,1000
341.849521188132,1008,1000
341.85890542451,1008,1000
341.86890542451,1008,1000
341.87890542451,1008,1000
341.89158451818,1008,1000
341.89917694997,1008,1000
341.909505978538,1008,1000
341.91890542451,1008,1000
341.92890542451,1008,1000
341.93890542451,1008,1000
341.94890542451,1008,1000
341.95958942451,1008,1000
341.96890542451,1008,1000
341.97890542451,1008,1000
341.98957642451,1008,1000
341.99890542451,1008,1000
342.00890542451,1008,1000
342.01890542451,1008,1000
342.02890542451,1008,1000
342.03890542451,1008,1000
342.04890542451,1008,1000
342.05890542451,1008,1000
342.06890542451,1008,1000
342.07890542451,1008,1000
342.08890542451,1008,1000
342.10153851818,1008,1000
342.10890542451,1008,1000
342.11890542451,1008,1000
342.12890542451,1008,1000
342.13890542451,1008,1000
342.14957642451,1008,1000
342.15890542451,1008,1000
342.16921942451,1008,1000
342.17949942451,1008,1000
342.18973842451,1008,1000
342.198925573305,1008,1000
342.20890542451,1008,1000
342.21890542451,1008,1000
342.22890542451,1008,1000
342.23981042451,1008,1000
342.24890542451,1008,1000
342.25915494997,1008,1000
342.26890542451,1008,1000
342.27890542451,1008,1000
342.28890542451,1008,1000
342.29890542451,1008,1000
342.31020394997,1008,1000
342.31890542451,1008,1000
342.329176960874,1008,1000
342.33890542451,1008,1000
342.34994042451,1008,1000
342.359787553398,1008,1000
342.36958542451,1008,1000
342.37950347543,1008,1000
342.38977442451,1008,1000
342.39980142451,1008,1000
342.40890542451,1008,1000
342.41931194997,1008,1000
342.428997078858,1008,1000
342.43890542451,1008,1000
342.44890542451,1008,1000
342.45920894997,1008,1000
342.46902894997,1008,1000
342.47890542451,1008,1000
342.49083751818,1008,1000
342.49890542451,1008,1000
342.50994542451,1008,1000
342.51890542451,1008,1000
342.52890542451,1008,1000
342.53890542451,1008,1000
342.54990442451,1008,1000
342.55890542451,1008,1000
342.57017942451,1008,1000
342.57914594997,1008,1000
342.59042242451,1008,1000
342.59981042451,1008,1000
342.60890542451,1008,1000
342.619870603558,1008,1000
342.62978342451,1008,1000
342.64096351818,1008,1000
342.64890542451,1008,1000
342.66138551818,1008,1000
342.66919994997,1008,1000
342.67890542451,1008,1000
342.689116129018,1008,1000
342.6996395691,1008,1000
342.70890542451,1008,1000
342.71945942451,1008,1000
342.72921942451,1008,1000
342.73890542451,1008,1000
342.74890542451,1008,1000
342.75998142451,1008,1000
342.76957642451,1008,1000
342.77890542451,1008,1000
342.78890542451,1008,1000
342.79890542451,1008,1000
342.80976942451,1008,1000
342.81890542451,1008,1000
342.82942494997,1008,1000
342.84100342451,1008,1000
342.84890542451,1008,1000
342.85890542451,1008,1000
342.86890542451,1008,1000
342.879638653718,1008,1000
342.88991342451,1008,1000
342.89890542451,1008,1000
342.91106251818,1008,1000
342.91890542451,1008,1000
342.92890542451,1008,1000
342.93890542451,1008,1000
342.94890542451,1008,1000
342.95916794997,1008,1000
342.96890542451,1008,1000
342.97975642451,1008,1000
342.98976542451,1008,1000
342.99890542451,1008,1000
343.00984142451,1008,1000
343.01890542451,1008,1000
343.02890542451,1008,1000
343.03890542451,1008,1000
343.04917294997,1008,1000
343.05906494997,1008,1000
343.06890542451,1008,1000
343.07921294997,1008,1000
343.08890542451,1008,1000
343.09965242451,1008,1000
343.10890542451,1008,1000
343.11890542451,1008,1000
343.12890542451,1008,1000
343.139433703878,1008,1000
343.14890542451,1008,1000
343.15890542451,1008,1000
343.16890542451,1008,1000
343.180868749108,1008,1000
343.19165751818,1008,1000
343.19890542451,1008,1000
343.20991342451,1008,1000
343.21890542451,1008,1000
343.22890542451,1008,1000
343.23890542451,1008,1000
343.248909655438,1008,1000
343.25981942451,1008,1000
343.26890542451,1008,1000
343.27933894997,1008,1000
343.29111551818,1008,1000
343.29956242451,1008,1000
343.30890542451,1008,1000
343.31996342451,1008,1000
343.33002789905,1008,1000
343.33890542451,1008,1000
343.350001748632,1008,1000
343.35921942451,1008,1000
343.36890542451,1008,1000
343.37890542451,1008,1000
343.38993394997,1008,1000
343.399372754038,1008,1000
343.40890542451,1008,1000
343.419274274092,1008,1000
343.42890542451,1008,1000
343.43957642451,1008,1000
343.449892638838,1008,1000
343.45917947543,1008,1000
343.46994042451,1008,1000
343.47890542451,1008,1000
343.48890542451,1008,1000
343.49890542451,1008,1000
343.50994542451,1008,1000
343.519138164298,1008,1000
343.52890542451,1008,1000
343.53922600241,1008,1000
343.54890542451,1008,1000
343.55890542451,1008,1000
343.56971542451,1008,1000
343.57925394997,1008,1000
343.58890542451,1008,1000
343.59890542451,1008,1000
343.60890542451,1008,1000
343.61890542451,1008,1000
343.629538676727,1008,1000
343.63965894997,1008,1000
343.64890542451,1008,1000
343.659302804198,1008,1000
343.67002789905,1008,1000
343.67890542451,1008,1000
343.68890542451,1008,1000
343.69890542451,1008,1000
343.70890542451,1008,1000
343.71890542451,1008,1000
343.72890542451,1008,1000
343.73931694997,1008,1000
343.74890542451,1008,1000
343.75890542451,1008,1000
343.76890542451,1008,1000
343.77890542451,1008,1000
343.78890542451,1008,1000
343.79890542451,1008,1000
343.80890542451,1008,1000
343.81890542451,1008,1000
343.829516414987,1008,1000
343.83890542451,1008,1000
343.84890542451,1008,1000
343.85890542451,1008,1000
343.87219451818,1008,1000
343.87890542451,1008,1000
343.88890542451,1008,1000
343.89890542451,1008,1000
343.90890542451,1008,1000
343.919115854358,1008,1000
343.92890542451,1008,1000
343.94020842451,1008,1000
343.94890542451,1008,1000
343.95890542451,1008,1000
343.96890542451,1008,1000
343.97890542451,1008,1000
343.98890542451,1008,1000
343.99890542451,1008,1000
344.00954394997,1008,1000
344.01967942451,1008,1000
344.02890542451,1008,1000
344.03890542451,1008,1000
344.04890542451,1008,1000
344.05890542451,1008,1000
344.06890542451,1008,1000
344.07890542451,1008,1000
344.08890542451,1008,1000
344.09890542451,1008,1000
344.10890542451,1008,1000
344.11890542451,1008,1000
344.12890542451,1008,1000
344.13981442451,1008,1000
344.14973342451,1008,1000
344.15890542451,1008,1000
344.16890542451,1008,1000
344.17984142451,1008,1000
344.18982342451,1008,1000
344.198922164298,1008,1000
344.20905994997,1008,1000
344.21896994997,1008,1000
344.22979242451,1008,1000
344.2394085691,1008,1000
344.24922194997,1008,1000
344.25928494997,1008,1000
344.269888512749,1008,1000
344.27971542451,1008,1000
344.28890542451,1008,1000
344.2998685691,1008,1000
344.30919009456,1008,1000
344.31890542451,1008,1000
344.32890542451,1008,1000
344.339341038209,1008,1000
344.34903294997,1008,1000
344.35890542451,1008,1000
344.36929409456,1008,1000
344.37987742451,1008,1000
344.38890542451,1008,1000
344.39890542451,1008,1000
344.40983242451,1008,1000
344.41890542451,1008,1000
344.42890542451,1008,1000
344.43952562002,1008,1000
344.44915894997,1008,1000
344.45890542451,1008,1000
344.46890542451,1008,1000
344.47917694997,1008,1000
344.489779106671,1008,1000
344.49890542451,1008,1000
344.51132642451,1008,1000
344.51956742451,1008,1000
344.52890542451,1008,1000
344.538922846459,1008,1000
344.54890542451,1008,1000
344.558970632131,1008,1000
344.56987342451,1008,1000
344.57890542451,1008,1000
344.58890542451,1008,1000
344.59994942451,1008,1000
344.60890542451,1008,1000
344.61962979888,1008,1000
344.62890542451,1008,1000
344.63994294997,1008,1000
344.64890542451,1008,1000
344.65890542451,1008,1000
344.66930294997,1008,1000
344.67890542451,1008,1000
344.68975142451,1008,1000
344.69890542451,1008,1000
344.70936847543,1008,1000
344.71890542451,1008,1000
344.72890542451,1008,1000
344.73890542451,1008,1000
344.74890542451,1008,1000
344.75920394997,1008,1000
344.76967942451,1008,1000
344.77890542451,1008,1000
344.78890542451,1008,1000
344.79890542451,1008,1000
344.80890542451,1008,1000
344.81932294033,1008,1000
344.82890542451,1008,1000
344.83890542451,1008,1000
344.84890542451,1008,1000
344.85890542451,1008,1000
344.86890542451,1008,1000
344.87890542451,1008,1000
344.89121451818,1008,1000
344.89953142451,1008,1000
344.90890542451,1008,1000
344.91890542451,1008,1000
344.92890542451,1008,1000
344.939883308245,1008,1000
344.94890542451,1008,1000
344.95921942451,1008,1000
344.96890542451,1008,1000
344.97890542451,1008,1000
344.98890542451,1008,1000
344.99890542451,1008,1000
345.009245833705,1008,1000
345.01890542451,1008,1000
345.02948642451,1008,1000
345.03964842451,1008,1000
345.04890542451,1008,1000
345.05890542451,1008,1000
345.06890542451,1008,1000
345.079069978295,1008,1000
345.08890542451,1008,1000
345.09890542451,1008,1000
345.11089704364,1008,1000
345.11890542451,1008,1000
345.12890542451,1008,1000
345.13890542451,1008,1000
345.14890542451,1008,1000
345.15890542451,1008,1000
345.16890542451,1008,1000
345.17890542451,1008,1000
345.18890542451,1008,1000
345.19990442451,1008,1000
345.21093651818,1008,1000
345.21890542451,1008,1000
345.22890542451,1008,1000
345.23890542451,1008,1000
345.24890542451,1008,1000
345.25948642451,1008,1000
345.26913194997,1008,1000
345.27890542451,1008,1000
345.28890542451,1008,1000
345.29890542451,1008,1000
345.30890542451,1008,1000
345.31890542451,1008,1000
345.32997242451,1008,1000
345.33900109456,1008,1000
345.34975142451,1008,1000
345.35890542451,1008,1000
345.36890542451,1008,1000
345.37890542451,1008,1000
345.38890542451,1008,1000
345.39925394997,1008,1000
345.40890542451,1008,1000
345.41896094997,1008,1000
345.42890542451,1008,1000
345.43890542451,1008,1000
345.44890542451,1008,1000
345.45890542451,1008,1000
345.46890542451,1008,1000
345.478928458146,1008,1000
345.48890542451,1008,1000
345.49964842451,1008,1000
345.50890542451,1008,1000
345.51890542451,1008,1000
345.53080151818,1008,1000
345.53890542451,1008,1000
345.54890542451,1008,1000
345.55890542451,1008,1000
345.57001242451,1008,1000
345.57890542451,1008,1000
345.58890542451,1008,1000
345.59957642451,1008,1000
345.60890542451,1008,1000
345.61890542451,1008,1000
345.62890542451,1008,1000
345.63937494997,1008,1000
345.64890542451,1008,1000
345.65945042451,1008,1000
345.66890542451,1008,1000
345.67890542451,1008,1000
345.68890542451,1008,1000
345.69890542451,1008,1000
345.70890542451,1008,1000
345.71890542451,1008,1000
345.72890542451,1008,1000
345.73890542451,1008,1000
345.74890542451,1008,1000
345.75890542451,1008,1000
345.76890542451,1008,1000
345.77890542451,1008,1000
345.79081951818,1008,1000
345.79890542451,1008,1000
345.80890542451,1008,1000
345.81890542451,1008,1000
345.82890542451,1008,1000
345.83890542451,1008,1000
345.84890542451,1008,1000
345.86020904364,1008,1000
345.86890542451,1008,1000
345.87890542451,1008,1000
345.88890542451,1008,1000
345.89890542451,1008,1000
345.90890542451,1008,1000
345.91890542451,1008,1000
345.9296795691,1008,1000
345.93948142451,1008,1000
345.95085204364,1008,1000
345.95890542451,1008,1000
345.96890542451,1008,1000
345.97890542451,1008,1000
345.98890542451,1008,1000
345.99890542451,1008,1000
346.00890542451,1008,1000
346.01890542451,1008,1000
346.02890542451,1008,1000
346.03890542451,1008,1000
346.04997166567,1008,1000
346.05984642451,1008,1000
346.06890542451,1008,1000
346.07890542451,1008,1000
346.08890542451,1008,1000
346.09890542451,1008,1000
346.10890542451,1008,1000
346.11927119113,1008,1000
346.12979894997,1008,1000
346.13890542451,1008,1000
346.14890542451,1008,1000
346.15890542451,1008,1000
346.16890542451,1008,1000
346.17890542451,1008,1000
346.18890542451,1008,1000
346.20035947543,1008,1000
346.20890542451,1008,1000
346.2194625691,1008,1000
346.22890542451,1008,1000
346.23890542451,1008,1000
346.24890542451,1008,1000
346.25890542451,1008,1000
346.26957800089,1008,1000
346.2795795691,1008,1000
346.28890542451,1008,1000
346.29890542451,1008,1000
346.31120942451,1008,1000
346.31890542451,1008,1000
346.32890542451,1008,1000
346.33963942451,1008,1000
346.34890542451,1008,1000
346.35980142451,1008,1000
346.36890542451,1008,1000
346.37890542451,1008,1000
346.38890542451,1008,1000
346.39890542451,1008,1000
346.41148042451,1008,1000
346.42005742451,1008,1000
346.42925394997,1008,1000
346.43991842451,1008,1000
346.44996342451,1008,1000
346.45890542451,1008,1000
346.46890542451,1008,1000
346.48099951818,1008,1000
346.49022994997,1008,1000
346.49890542451,1008,1000
346.50928994997,1008,1000
346.51936194997,1008,1000
346.52890542451,1008,1000
346.53890542451,1008,1000
346.54890542451,1008,1000
346.55961947543,1008,1000
346.56890542451,1008,1000
346.57890542451,1008,1000
346.58890542451,1008,1000
346.59890542451,1008,1000
346.60890542451,1008,1000
346.61890542451,1008,1000
346.62890542451,1008,1000
346.63956494997,1008,1000
346.64890542451,1008,1000
346.65890542451,1008,1000
346.669367454091,1008,1000
346.67890542451,1008,1000
346.68946842451,1008,1000
346.69890542451,1008,1000
346.70890542451,1008,1000
346.71890542451,1008,1000
346.72890542451,1008,1000
346.73890542451,1008,1000
346.74890542451,1008,1000
346.75999942451,1008,1000
346.76890542451,1008,1000
346.77964342451,1008,1000
346.78890542451,1008,1000
346.79890542451,1008,1000
346.80890542451,1008,1000
346.82095451818,1008,1000
346.82971681615,1008,1000
346.83890542451,1008,1000
346.84890542451,1008,1000
346.85890542451,1008,1000
346.86890542451,1008,1000
346.87958942451,1008,1000
346.88890542451,1008,1000
346.89975434161,1008,1000
346.90890542451,1008,1000
346.91890542451,1008,1000
346.92890542451,1008,1000
346.93890542451,1008,1000
346.94979642451,1008,1000
346.95890542451,1008,1000
346.96911686707,1008,1000
346.97890542451,1008,1000
346.98890542451,1008,1000
346.99890542451,1008,1000
347.00890542451,1008,1000
347.01907794997,1008,1000
347.02890542451,1008,1000
347.03890542451,1008,1000
347.04890542451,1008,1000
347.05890542451,1008,1000
347.06890542451,1008,1000
347.07890542451,1008,1000
347.08951186631,1008,1000
347.09890542451,1008,1000
347.10890542451,1008,1000
347.11890542451,1008,1000
347.12890542451,1008,1000
347.13890542451,1008,1000
347.14890542451,1008,1000
347.16086451818,1008,1000
347.16892315517,1008,1000
347.17890542451,1008,1000
347.18890542451,1008,1000
347.19890542451,1008,1000
347.20890542451,1008,1000
347.21988242451,1008,1000
347.22890542451,1008,1000
347.23890542451,1008,1000
347.24890542451,1008,1000
347.25890542451,1008,1000
347.26890542451,1008,1000
347.27890542451,1008,1000
347.28923594997,1008,1000
347.29950842451,1008,1000
347.30890542451,1008,1000
347.31890542451,1008,1000
347.32890542451,1008,1000
347.33984142451,1008,1000
347.34925291647,1008,1000
347.35890542451,1008,1000
347.36953142451,1008,1000
347.37890542451,1008,1000
347.38890542451,1008,1000
347.39890542451,1008,1000
347.40989294997,1008,1000
347.41890542451,1008,1000
347.42890542451,1008,1000
347.43890542451,1008,1000
347.44947742451,1008,1000
347.45890542451,1008,1000
347.46890542451,1008,1000
347.48003447543,1008,1000
347.48890542451,1008,1000
347.49890542451,1008,1000
347.50890542451,1008,1000
347.51890542451,1008,1000
347.52890542451,1008,1000
347.53890542451,1008,1000
347.54947800089,1008,1000
347.55890542451,1008,1000
347.56890542451,1008,1000
347.57890542451,1008,1000
347.58890542451,1008,1000
347.59890542451,1008,1000
347.60917396663,1008,1000
347.61890542451,1008,1000
347.62890542451,1008,1000
347.63890542451,1008,1000
347.64890542451,1008,1000
347.65890542451,1008,1000
347.66890542451,1008,1000
347.67890542451,1008,1000
347.68890542451,1008,1000
347.69978342451,1008,1000
347.70890542451,1008,1000
347.71890542451,1008,1000
347.72890542451,1008,1000
347.73890542451,1008,1000
347.74890542451,1008,1000
347.75890542451,1008,1000
347.76905594997,1008,1000
347.77890542451,1008,1000
347.78890542451,1008,1000
347.79890542451,1008,1000
347.80972442451,1008,1000
347.818924748945,1008,1000
347.82890542451,1008,1000
347.83890542451,1008,1000
347.84890542451,1008,1000
347.8594805691,1008,1000
347.86904101679,1008,1000
347.87984794997,1008,1000
347.88890542451,1008,1000
347.89890542451,1008,1000
347.90890542451,1008,1000
347.91890542451,1008,1000
347.92956742451,1008,1000
347.93890542451,1008,1000
347.94905747543,1008,1000
347.95890542451,1008,1000
347.96890542451,1008,1000
347.97890542451,1008,1000
347.988918330154,1008,1000
347.99890542451,1008,1000
348.00890542451,1008,1000
348.01890542451,1008,1000
348.02981042451,1008,1000
348.03953973126,1008,1000
348.04890542451,1008,1000
348.06045842451,1008,1000
348.06890542451,1008,1000
348.07890542451,1008,1000
348.08890542451,1008,1000
348.09927194997,1008,1000
348.10890542451,1008,1000
348.11890542451,1008,1000
348.13085551818,1008,1000
348.13890542451,1008,1000
348.14890542451,1008,1000
348.15890542451,1008,1000
348.16890542451,1008,1000
348.17890542451,1008,1000
348.18890542451,1008,1000
348.19890542451,1008,1000
348.20890542451,1008,1000
348.21946842451,1008,1000
348.22890542451,1008,1000
348.2395165691,1008,1000
348.25102651818,1008,1000
348.25890542451,1008,1000
348.269850502493,1008,1000
348.27890542451,1008,1000
348.28890542451,1008,1000
348.29890542451,1008,1000
348.30890542451,1008,1000
348.31890542451,1008,1000
348.32890542451,1008,1000
348.339312027953,1008,1000
348.34890542451,1008,1000
348.35946842451,1008,1000
348.36890542451,1008,1000
348.37890542451,1008,1000
348.38895511711,1008,1000
348.39890542451,1008,1000
348.40952642451,1008,1000
348.41960342451,1008,1000
348.42890542451,1008,1000
348.43890542451,1008,1000
348.44890542451,1008,1000
348.45890542451,1008,1000
348.46890542451,1008,1000
348.47890542451,1008,1000
348.48986842451,1008,1000
348.49890542451,1008,1000
348.509381052602,1008,1000
348.51890542451,1008,1000
348.53113351818,1008,1000
348.53890542451,1008,1000
348.54987342451,1008,1000
348.55918594997,1008,1000
348.569059198021,1008,1000
348.57890542451,1008,1000
348.58890542451,1008,1000
348.59997142451,1008,1000
348.60890542451,1008,1000
348.619307262622,1008,1000
348.62890542451,1008,1000
348.63890542451,1008,1000
348.64890542451,1008,1000
348.65959842451,1008,1000
348.66935194997,1008,1000
348.67890542451,1008,1000
348.691573026342,1008,1000
348.69890542451,1008,1000
348.70955342451,1008,1000
348.71968442451,1008,1000
348.72890542451,1008,1000
348.73890542451,1008,1000
348.74890542451,1008,1000
348.759496932672,1008,1000
348.769239102762,1008,1000
348.78113742451,1008,1000
348.78890542451,1008,1000
348.79985942451,1008,1000
348.80890542451,1008,1000
348.81890542451,1008,1000
348.82890542451,1008,1000
348.83890542451,1008,1000
348.84890542451,1008,1000
348.85890542451,1008,1000
348.86932094997,1008,1000
348.87890542451,1008,1000
348.88890542451,1008,1000
348.89890542451,1008,1000
348.90890542451,1008,1000
348.91890542451,1008,1000
348.92968442451,1008,1000
348.93890542451,1008,1000
348.94890542451,1008,1000
348.95890542451,1008,1000
348.96973842451,1008,1000
348.97890542451,1008,1000
348.98890542451,1008,1000
348.99890542451,1008,1000
349.00890542451,1008,1000
349.02087351818,1008,1000
349.029115152922,1008,1000
349.03903794997,1008,1000
349.04890542451,1008,1000
349.05890542451,1008,1000
349.07125442451,1008,1000
349.07890542451,1008,1000
349.08890542451,1008,1000
349.09890542451,1008,1000
349.10890542451,1008,1000
349.11890542451,1008,1000
349.12890542451,1008,1000
349.13890542451,1008,1000
349.149550638838,1008,1000
349.15890542451,1008,1000
349.16959842451,1008,1000
349.17890542451,1008,1000
349.18890542451,1008,1000
349.19890542451,1008,1000
349.20890542451,1008,1000
349.21890542451,1008,1000
349.22979109399,1008,1000
349.23890542451,1008,1000
349.24890542451,1008,1000
349.25945942451,1008,1000
349.26890542451,1008,1000
349.27890542451,1008,1000
349.289945203082,1008,1000
349.29909061945,1008,1000
349.30958542451,1008,1000
349.31890542451,1008,1000
349.32890542451,1008,1000
349.33890542451,1008,1000
349.34890542451,1008,1000
349.360383728542,1008,1000
349.36890542451,1008,1000
349.37890542451,1008,1000
349.38890542451,1008,1000
349.39890542451,1008,1000
349.41000342451,1008,1000
349.41890542451,1008,1000
349.429764254002,1008,1000
349.43958042451,1008,1000
349.44890542451,1008,1000
349.45890542451,1008,1000
349.46890542451,1008,1000
349.47921294997,1008,1000
349.48890542451,1008,1000
349.499018779462,1008,1000
349.50890542451,1008,1000
349.51890542451,1008,1000
349.52890542451,1008,1000
349.53890542451,1008,1000
349.54934309456,1008,1000
349.55890542451,1008,1000
349.56890542451,1008,1000
349.57890542451,1008,1000
349.58890542451,1008,1000
349.59890542451,1008,1000
349.60890542451,1008,1000
349.61890542451,1008,1000
349.62890542451,1008,1000
349.6395165691,1008,1000
349.64890542451,1008,1000
349.65890542451,1008,1000
349.66890542451,1008,1000
349.67890542451,1008,1000
349.68890542451,1008,1000
349.69890542451,1008,1000
349.70890542451,1008,1000
349.71890542451,1008,1000
349.72890542451,1008,1000
349.73890542451,1008,1000
349.74890542451,1008,1000
349.75890542451,1008,1000
349.76988242451,1008,1000
349.77890542451,1008,1000
349.78890542451,1008,1000
349.79890542451,1008,1000
349.80890542451,1008,1000
349.81952642451,1008,1000
349.82890542451,1008,1000
349.83911894997,1008,1000
349.84890542451,1008,1000
349.85890542451,1008,1000
349.86890542451,1008,1000
349.87890542451,1008,1000
349.88890542451,1008,1000
349.89890542451,1008,1000
349.90890542451,1008,1000
349.91890542451,1008,1000
349.92890542451,1008,1000
349.93971542451,1008,1000
349.94955342451,1008,1000
349.95890542451,1008,1000
349.96890542451,1008,1000
349.97890542451,1008,1000
349.98890542451,1008,1000
349.99890542451,1008,1000
350.00903294997,1008,1000
350.01890542451,1008,1000
350.02890542451,1008,1000
350.03890542451,1008,1000
350.05138551818,1008,1000
350.05890542451,1008,1000
350.06890542451,1008,1000
350.07890542451,1008,1000
350.08890542451,1008,1000
350.09890542451,1008,1000
350.10890542451,1008,1000
350.119495409247,1008,1000
350.12890542451,1008,1000
350.13890542451,1008,1000
350.14890542451,1008,1000
350.16030542451,1008,1000
350.16957142451,1008,1000
350.17958542451,1008,1000
350.18890542451,1008,1000
350.19890542451,1008,1000
350.20890542451,1008,1000
350.21890542451,1008,1000
350.22965894997,1008,1000
350.23890542451,1008,1000
350.24890542451,1008,1000
350.259997878262,1008,1000
350.26890542451,1008,1000
350.27890542451,1008,1000
350.28890542451,1008,1000
350.29890542451,1008,1000
350.30890542451,1008,1000
350.31890542451,1008,1000
350.33097251818,1008,1000
350.33890542451,1008,1000
350.34890542451,1008,1000
350.35890542451,1008,1000
350.36890542451,1008,1000
350.37890542451,1008,1000
350.38890542451,1008,1000
350.39890542451,1008,1000
350.40890542451,1008,1000
350.41890542451,1008,1000
350.42890542451,1008,1000
350.43969702629,1008,1000
350.44890542451,1008,1000
350.45952242451,1008,1000
350.46987342451,1008,1000
350.47890542451,1008,1000
350.48890542451,1008,1000
350.49890542451,1008,1000
350.50890542451,1008,1000
350.51890542451,1008,1000
350.53084651818,1008,1000
350.541311709741,1008,1000
350.54967942451,1008,1000
350.55890542451,1008,1000
350.56890542451,1008,1000
350.57890542451,1008,1000
350.58890542451,1008,1000
350.59890542451,1008,1000
350.610212616071,1008,1000
350.61948142451,1008,1000
350.62890542451,1008,1000
350.63890542451,1008,1000
350.65039142451,1008,1000
350.65995842451,1008,1000
350.66948142451,1008,1000
350.679476141531,1008,1000
350.68890542451,1008,1000
350.69890542451,1008,1000
350.70890542451,1008,1000
350.71970894997,1008,1000
350.72934794997,1008,1000
350.73890542451,1008,1000
350.74890542451,1008,1000
350.75890542451,1008,1000
350.76890542451,1008,1000
350.779641978582,1008,1000
350.78890542451,1008,1000
350.79890542451,1008,1000
350.80962142451,1008,1000
350.81890542451,1008,1000
350.82890542451,1008,1000
350.83890542451,1008,1000
350.84890542451,1008,1000
350.85952642451,1008,1000
350.86890542451,1008,1000
350.87890542451,1008,1000
350.88890542451,1008,1000
350.89890542451,1008,1000
350.90967042451,1008,1000
350.91890542451,1008,1000
350.92890542451,1008,1000
350.93890542451,1008,1000
350.94890542451,1008,1000
350.95890542451,1008,1000
350.96890542451,1008,1000
350.97890542451,1008,1000
350.98951742451,1008,1000
350.99890542451,1008,1000
351.00890542451,1008,1000
351.01890542451,1008,1000
351.02953542451,1008,1000
351.03971542451,1008,1000
351.04963942451,1008,1000
351.05890542451,1008,1000
351.06890542451,1008,1000
351.079443267588,1008,1000
351.08890542451,1008,1000
351.09890542451,1008,1000
351.108993262622,1008,1000
351.11890542451,1008,1000
351.12890542451,1008,1000
351.13890542451,1008,1000
351.14890542451,1008,1000
351.15890542451,1008,1000
351.16890542451,1008,1000
351.17890542451,1008,1000
351.18890542451,1008,1000
351.19890542451,1008,1000
351.20890542451,1008,1000
351.21890542451,1008,1000
351.22972042451,1008,1000
351.23890542451,1008,1000
351.24890542451,1008,1000
351.25890542451,1008,1000
351.26986842451,1008,1000
351.27890542451,1008,1000
351.28890542451,1008,1000
351.299403078902,1008,1000
351.30890542451,1008,1000
351.31978342451,1008,1000
351.32890542451,1008,1000
351.33909594997,1008,1000
351.34953542451,1008,1000
351.35890542451,1008,1000
351.36890542451,1008,1000
351.37890542451,1008,1000
351.38911894997,1008,1000
351.39890542451,1008,1000
351.40967542451,1008,1000
351.42090051818,1008,1000
351.42890542451,1008,1000
351.43890542451,1008,1000
351.44958942451,1008,1000
351.45890542451,1008,1000
351.46946342451,1008,1000
351.47890542451,1008,1000
351.48890542451,1008,1000
351.49890542451,1008,1000
351.50890542451,1008,1000
351.51890542451,1008,1000
351.52890542451,1008,1000
351.53890542451,1008,1000
351.54890542451,1008,1000
351.559306129062,1008,1000
351.56890542451,1008,1000
351.57966642451,1008,1000
351.58954042451,1008,1000
351.59890542451,1008,1000
351.60995442451,1008,1000
351.61990442451,1008,1000
351.62986442451,1008,1000
351.63890542451,1008,1000
351.64890542451,1008,1000
351.65890542451,1008,1000
351.66890542451,1008,1000
351.679170164298,1008,1000
351.68933894997,1008,1000
351.69921794997,1008,1000
351.70959842451,1008,1000
351.71949042451,1008,1000
351.72890542451,1008,1000
351.73890542451,1008,1000
351.74890542451,1008,1000
351.75890542451,1008,1000
351.76890542451,1008,1000
351.78127751818,1008,1000
351.78890542451,1008,1000
351.79890542451,1008,1000
351.80890542451,1008,1000
351.81996742451,1008,1000
351.82890542451,1008,1000
351.83890542451,1008,1000
351.84921942451,1008,1000
351.85890542451,1008,1000
351.8696605691,1008,1000
351.87947242451,1008,1000
351.89036094997,1008,1000
351.89890542451,1008,1000
351.90890542451,1008,1000
351.91890542451,1008,1000
351.92890542451,1008,1000
351.94002789905,1008,1000
351.95129551818,1008,1000
351.95981347543,1008,1000
351.96890542451,1008,1000
351.97890542451,1008,1000
351.98948642451,1008,1000
352.001070815968,1008,1000
352.00943394997,1008,1000
352.01921942451,1008,1000
352.02910400089,1008,1000
352.03890542451,1008,1000
352.04890542451,1008,1000
352.05890542451,1008,1000
352.07091851818,1008,1000
352.07890542451,1008,1000
352.08890542451,1008,1000
352.09890542451,1008,1000
352.10890542451,1008,1000
352.11890542451,1008,1000
352.12890542451,1008,1000
352.13890542451,1008,1000
352.14890542451,1008,1000
352.15890542451,1008,1000
352.16890542451,1008,1000
352.1796065691,1008,1000
352.18890542451,1008,1000
352.199619164874,1008,1000
352.20890542451,1008,1000
352.21890542451,1008,1000
352.22890542451,1008,1000
352.23956242451,1008,1000
352.24890542451,1008,1000
352.25890542451,1008,1000
352.26969342451,1008,1000
352.27890542451,1008,1000
352.2897505691,1008,1000
352.29890542451,1008,1000
352.30890542451,1008,1000
352.31890542451,1008,1000
352.32890542451,1008,1000
352.33890542451,1008,1000
352.34890542451,1008,1000
352.36005809456,1008,1000
352.36999942451,1008,1000
352.37890542451,1008,1000
352.38890542451,1008,1000
352.39890542451,1008,1000
352.41176351818,1008,1000
352.41890542451,1008,1000
352.42943862002,1008,1000
352.43926294997,1008,1000
352.44890542451,1008,1000
352.459306215034,1008,1000
352.46890542451,1008,1000
352.47921942451,1008,1000
352.48890542451,1008,1000
352.49890542451,1008,1000
352.50890542451,1008,1000
352.520683360568,1008,1000
352.52890542451,1008,1000
352.53890542451,1008,1000
352.55002789905,1008,1000
352.55890542451,1008,1000
352.56890542451,1008,1000
352.57890542451,1008,1000
352.590000886028,1008,1000
352.59994542451,1008,1000
352.60890542451,1008,1000
352.61932594997,1008,1000
352.62890542451,1008,1000
352.63890542451,1008,1000
352.651222358864,1008,1000
352.659264411488,1008,1000
352.66926294997,1008,1000
352.67890542451,1008,1000
352.68890542451,1008,1000
352.69890542451,1008,1000
352.709266396392,1008,1000
352.719209265194,1008,1000
352.72890542451,1008,1000
352.739550615323,1008,1000
352.74890542451,1008,1000
352.75890542451,1008,1000
352.76890542451,1008,1000
352.77890542451,1008,1000
352.78890542451,1008,1000
352.79890542451,1008,1000
352.80890542451,1008,1000
352.81890542451,1008,1000
352.82890542451,1008,1000
352.83890542451,1008,1000
352.84890542451,1008,1000
352.85890542451,1008,1000
352.86890542451,1008,1000
352.87890542451,1008,1000
352.88890542451,1008,1000
352.89890542451,1008,1000
352.90890542451,1008,1000
352.91890542451,1008,1000
352.92890542451,1008,1000
352.940054837986,1008,1000
352.95126851818,1008,1000
352.95890542451,1008,1000
352.96890542451,1008,1000
352.979301315354,1008,1000
352.98890542451,1008,1000
353.00121842451,1008,1000
353.009426363446,1008,1000
353.01921942451,1008,1000
353.02890542451,1008,1000
353.03945942451,1008,1000
353.04890542451,1008,1000
353.05890542451,1008,1000
353.06890542451,1008,1000
353.07890542451,1008,1000
353.08890542451,1008,1000
353.09989542451,1008,1000
353.10890542451,1008,1000
353.11970642451,1008,1000
353.12890542451,1008,1000
353.13890542451,1008,1000
353.15001242451,1008,1000
353.15890542451,1008,1000
353.16918594997,1008,1000
353.17890542451,1008,1000
353.19133151818,1008,1000
353.19890542451,1008,1000
353.20890542451,1008,1000
353.21925794997,1008,1000
353.22890542451,1008,1000
353.23996009456,1008,1000
353.24890542451,1008,1000
353.25921942451,1008,1000
353.26890542451,1008,1000
353.27890542451,1008,1000
353.28890542451,1008,1000
353.29890542451,1008,1000
353.30934962002,1008,1000
353.320222933451,1008,1000
353.32890542451,1008,1000
353.33890542451,1008,1000
353.34890542451,1008,1000
353.35890542451,1008,1000
353.37000342451,1008,1000
353.37890542451,1008,1000
353.389630458911,1008,1000
353.39890542451,1008,1000
353.40890542451,1008,1000
353.41890542451,1008,1000
353.42890542451,1008,1000
353.43943794997,1008,1000
353.44890542451,1008,1000
353.45890542451,1008,1000
353.46890542451,1008,1000
353.47890542451,1008,1000
353.48890542451,1008,1000
353.49890542451,1008,1000
353.50890542451,1008,1000
353.51976942451,1008,1000
353.52890542451,1008,1000
353.53890542451,1008,1000
353.54890542451,1008,1000
353.55890542451,1008,1000
353.56890542451,1008,1000
353.57890542451,1008,1000
353.58899694997,1008,1000
353.59890542451,1008,1000
353.60999442451,1008,1000
353.61890542451,1008,1000
353.62890542451,1008,1000
353.63890542451,1008,1000
353.650186271623,1008,1000
353.65999042451,1008,1000
353.66890542451,1008,1000
353.67920394997,1008,1000
353.68890542451,1008,1000
353.69965742451,1008,1000
353.70890542451,1008,1000
353.719386797083,1008,1000
353.72943394997,1008,1000
353.73890542451,1008,1000
353.74890542451,1008,1000
353.7590535691,1008,1000
353.77001242451,1008,1000
353.77890542451,1008,1000
353.78964842451,1008,1000
353.79890542451,1008,1000
353.80890542451,1008,1000
353.81890542451,1008,1000
353.82890542451,1008,1000
353.84026194997,1008,1000
353.84890542451,1008,1000
353.85890542451,1008,1000
353.86890542451,1008,1000
353.87890542451,1008,1000
353.88890542451,1008,1000
353.89890542451,1008,1000
353.91181770225,1008,1000
353.91987742451,1008,1000
353.92890542451,1008,1000
353.93890542451,1008,1000
353.94890542451,1008,1000
353.95890542451,1008,1000
353.97000842451,1008,1000
353.97890542451,1008,1000
353.98917694997,1008,1000
353.99890542451,1008,1000
354.00890542451,1008,1000
354.0189185691,1008,1000
354.02890542451,1008,1000
354.03920894997,1008,1000
354.04890542451,1008,1000
354.05945442451,1008,1000
354.06890542451,1008,1000
354.07890542451,1008,1000
354.08945942451,1008,1000
354.09890542451,1008,1000
354.10958042451,1008,1000
354.11890542451,1008,1000
354.12890542451,1008,1000
354.13890542451,1008,1000
354.14890542451,1008,1000
354.15890542451,1008,1000
354.16890542451,1008,1000
354.17890542451,1008,1000
354.18890542451,1008,1000
354.19890542451,1008,1000
354.21082851818,1008,1000
354.21890542451,1008,1000
354.22890542451,1008,1000
354.23890542451,1008,1000
354.25170051818,1008,1000
354.25890542451,1008,1000
354.26954042451,1008,1000
354.27890542451,1008,1000
354.28890542451,1008,1000
354.29890542451,1008,1000
354.309830309799,1008,1000
354.31921942451,1008,1000
354.32890542451,1008,1000
354.33890542451,1008,1000
354.34890542451,1008,1000
354.35890542451,1008,1000
354.36890542451,1008,1000
354.379111835259,1008,1000
354.38890542451,1008,1000
354.39890542451,1008,1000
354.409082915343,1008,1000
354.41890542451,1008,1000
354.42967542451,1008,1000
354.43890542451,1008,1000
354.44890542451,1008,1000
354.45890542451,1008,1000
354.46890542451,1008,1000
354.47890542451,1008,1000
354.48890542451,1008,1000
354.49890542451,1008,1000
354.50890542451,1008,1000
354.51890542451,1008,1000
354.52890542451,1008,1000
354.5394455691,1008,1000
354.54890542451,1008,1000
354.55890542451,1008,1000
354.56919994997,1008,1000
354.57890542451,1008,1000
354.58890542451,1008,1000
354.59890542451,1008,1000
354.60890542451,1008,1000
354.61890542451,1008,1000
354.62890542451,1008,1000
354.63890542451,1008,1000
354.64890542451,1008,1000
354.65998542451,1008,1000
354.66890542451,1008,1000
354.67890542451,1008,1000
354.68890542451,1008,1000
354.69890542451,1008,1000
354.70890542451,1008,1000
354.71890542451,1008,1000
354.729684141014,1008,1000
354.73890542451,1008,1000
354.749825641876,1008,1000
354.75890542451,1008,1000
354.76890542451,1008,1000
354.77890542451,1008,1000
354.78890542451,1008,1000
354.79890542451,1008,1000
354.80890542451,1008,1000
354.819071167336,1008,1000
354.830030226959,1008,1000
354.83890542451,1008,1000
354.84890542451,1008,1000
354.85890542451,1008,1000
354.86890542451,1008,1000
354.87890542451,1008,1000
354.88890542451,1008,1000
354.900243752419,1008,1000
354.90890542451,1008,1000
354.91890542451,1008,1000
354.92890542451,1008,1000
354.94876651818,1008,1000
354.95070013731,1008,1000
354.95890542451,1008,1000
354.970322277879,1008,1000
354.98002789905,1008,1000
354.989569191174,1008,1000
354.99890542451,1008,1000
355.00921942451,1008,1000
355.01991866277,1008,1000
355.02995442451,1008,1000
355.039558803339,1008,1000
355.04928094997,1008,1000
355.05890542451,1008,1000
355.06992742451,1008,1000
355.07946842451,1008,1000
355.08918218823,1008,1000
355.10135094997,1008,1000
355.10890542451,1008,1000
355.12079542451,1008,1000
355.12971142451,1008,1000
355.13922694997,1008,1000
355.14969742451,1008,1000
355.15890542451,1008,1000
355.16890542451,1008,1000
355.17890542451,1008,1000
355.18890542451,1008,1000
355.19890542451,1008,1000
355.20890542451,1008,1000
355.21975142451,1008,1000
355.22890542451,1008,1000
355.23972042451,1008,1000
355.249346241334,1008,1000
355.25890542451,1008,1000
355.26890542451,1008,1000
355.27890542451,1008,1000
355.289785520216,1008,1000
355.29980542451,1008,1000
355.30959594997,1008,1000
355.320118917284,1008,1000
355.32890542451,1008,1000
355.33890542451,1008,1000
355.34890542451,1008,1000
355.359166045676,1008,1000
355.36905994997,1008,1000
355.37890542451,1008,1000
355.389436442744,1008,1000
355.39890542451,1008,1000
355.40890542451,1008,1000
355.41981042451,1008,1000
355.42890542451,1008,1000
355.43890542451,1008,1000
355.44890542451,1008,1000
355.45890542451,1008,1000
355.46890542451,1008,1000
355.47890542451,1008,1000
355.48920894997,1008,1000
355.49890542451,1008,1000
355.509105291494,1008,1000
355.51890542451,1008,1000
355.52890542451,1008,1000
355.53890542451,1008,1000
355.54890542451,1008,1000
355.55890542451,1008,1000
355.56890542451,1008,1000
355.580486436084,1008,1000
355.58973842451,1008,1000
355.59890542451,1008,1000
355.60890542451,1008,1000
355.61890542451,1008,1000
355.62890542451,1008,1000
355.638909164298,1008,1000
355.649956961544,1008,1000
355.65895694997,1008,1000
355.66890542451,1008,1000
355.67890542451,1008,1000
355.68890542451,1008,1000
355.69890542451,1008,1000
355.70890542451,1008,1000
355.719211487004,1008,1000
355.72890542451,1008,1000
355.73954942451,1008,1000
355.74973842451,1008,1000
355.75890542451,1008,1000
355.768927341654,1008,1000
355.77890542451,1008,1000
355.78890542451,1008,1000
355.79890542451,1008,1000
355.80890542451,1008,1000
355.81904694997,1008,1000
355.82890542451,1008,1000
355.839484486244,1008,1000
355.84890542451,1008,1000
355.85890542451,1008,1000
355.86890542451,1008,1000
355.88002789905,1008,1000
355.88890542451,1008,1000
355.8996245691,1008,1000
355.90890542451,1008,1000
355.91890542451,1008,1000
355.92890542451,1008,1000
355.93890542451,1008,1000
355.949829351768,1008,1000
355.95890542451,1008,1000
355.96890542451,1008,1000
355.97990042451,1008,1000
355.98949042451,1008,1000
355.99890542451,1008,1000
356.00890542451,1008,1000
356.019047877228,1008,1000
356.02890542451,1008,1000
356.03890542451,1008,1000
356.05016794997,1008,1000
356.05890542451,1008,1000
356.06890542451,1008,1000
356.07890542451,1008,1000
356.08890542451,1008,1000
356.09890542451,1008,1000
356.10890542451,1008,1000
356.11944047543,1008,1000
356.12890542451,1008,1000
356.13890542451,1008,1000
356.149679327306,1008,1000
356.15890542451,1008,1000
356.16890542451,1008,1000
356.18001242451,1008,1000
356.18890542451,1008,1000
356.19890542451,1008,1000
356.20890542451,1008,1000
356.21890542451,1008,1000
356.23001242451,1008,1000
356.23890542451,1008,1000
356.24948294997,1008,1000
356.25890542451,1008,1000
356.26972942451,1008,1000
356.27890542451,1008,1000
356.28890542451,1008,1000
356.29921294997,1008,1000
356.30890542451,1008,1000
356.31890542451,1008,1000
356.32890542451,1008,1000
356.33909194997,1008,1000
356.34890542451,1008,1000
356.36085551818,1008,1000
356.36994042451,1008,1000
356.37890542451,1008,1000
356.38890542451,1008,1000
356.40152051818,1008,1000
356.410064377466,1008,1000
356.41890542451,1008,1000
356.42996342451,1008,1000
356.43923994997,1008,1000
356.44890542451,1008,1000
356.45890542451,1008,1000
356.469746896318,1008,1000
356.479273902926,1008,1000
356.48890542451,1008,1000
356.49936194997,1008,1000
356.50890542451,1008,1000
356.51890542451,1008,1000
356.52890542451,1008,1000
356.538993262622,1008,1000
356.54890542451,1008,1000
356.55890542451,1008,1000
356.57138551818,1008,1000
356.57973342451,1008,1000
356.58890542451,1008,1000
356.59890542451,1008,1000
356.60890542451,1008,1000
356.61890542451,1008,1000
356.62890542451,1008,1000
356.63921942451,1008,1000
356.64905994997,1008,1000
356.65890542451,1008,1000
356.67085551818,1008,1000
356.67890542451,1008,1000
356.68890542451,1008,1000
356.69890542451,1008,1000
356.70976542451,1008,1000
356.72110651818,1008,1000
356.72890542451,1008,1000
356.73890542451,1008,1000
356.74890542451,1008,1000
356.75890542451,1008,1000
356.76985042451,1008,1000
356.77918194997,1008,1000
356.78921942451,1008,1000
356.79920543398,1008,1000
356.80890542451,1008,1000
356.81982842451,1008,1000
356.82890542451,1008,1000
356.83906894997,1008,1000
356.84890542451,1008,1000
356.85890542451,1008,1000
356.86890542451,1008,1000
356.87890542451,1008,1000
356.88928994997,1008,1000
356.89890542451,1008,1000
356.90890542451,1008,1000
356.91972442451,1008,1000
356.930032477786,1008,1000
356.93890542451,1008,1000
356.94890542451,1008,1000
356.95890542451,1008,1000
356.96890542451,1008,1000
356.97890542451,1008,1000
356.98916794997,1008,1000
356.999251003246,1008,1000
357.00890542451,1008,1000
357.01958942451,1008,1000
357.029120378217,1008,1000
357.03890542451,1008,1000
357.04890542451,1008,1000
357.05890542451,1008,1000
357.06890542451,1008,1000
357.07890542451,1008,1000
357.08974742451,1008,1000
357.09958542451,1008,1000
357.10890542451,1008,1000
357.11890542451,1008,1000
357.12890542451,1008,1000
357.13890542451,1008,1000
357.14890542451,1008,1000
357.15902894997,1008,1000
357.16890542451,1008,1000
357.17999442451,1008,1000
357.19011649814,1008,1000
357.19978742451,1008,1000
357.20890542451,1008,1000
357.21890542451,1008,1000
357.22890542451,1008,1000
357.23890542451,1008,1000
357.24921294997,1008,1000
357.2595510236,1008,1000
357.26984794997,1008,1000
357.27890542451,1008,1000
357.28963442451,1008,1000
357.29890542451,1008,1000
357.30890542451,1008,1000
357.31890542451,1008,1000
357.32890542451,1008,1000
357.33911147543,1008,1000
357.34890542451,1008,1000
357.35890542451,1008,1000
357.36890542451,1008,1000
357.37977442451,1008,1000
357.38965242451,1008,1000
357.39890542451,1008,1000
357.40890542451,1008,1000
357.41890542451,1008,1000
357.42890542451,1008,1000
357.43890542451,1008,1000
357.44916394997,1008,1000
357.45969342451,1008,1000
357.46890542451,1008,1000
357.47890542451,1008,1000
357.489715609537,1008,1000
357.49890542451,1008,1000
357.50890542451,1008,1000
357.51987742451,1008,1000
357.52890542451,1008,1000
357.53979642451,1008,1000
357.54890542451,1008,1000
357.559186134997,1008,1000
357.56890542451,1008,1000
357.57890542451,1008,1000
357.59184151818,1008,1000
357.59890542451,1008,1000
357.60920394997,1008,1000
357.61989542451,1008,1000
357.62890542451,1008,1000
357.63890542451,1008,1000
357.64981942451,1008,1000
357.65890542451,1008,1000
357.66995624775,1008,1000
357.67890542451,1008,1000
357.69014494997,1008,1000
357.69890542451,1008,1000
357.70890542451,1008,1000
357.71961394997,1008,1000
357.72890542451,1008,1000
357.73927377321,1008,1000
357.74890542451,1008,1000
357.75960647543,1008,1000
357.76988642451,1008,1000
357.77890542451,1008,1000
357.78980142451,1008,1000
357.79890542451,1008,1000
357.80981942451,1008,1000
357.81890542451,1008,1000
357.82890542451,1008,1000
357.83932994997,1008,1000
357.84890542451,1008,1000
357.85915494997,1008,1000
357.87350551818,1008,1000
357.87910994997,1008,1000
357.88890542451,1008,1000
357.89890542451,1008,1000
357.90890542451,1008,1000
357.91890542451,1008,1000
357.92999042451,1008,1000
357.93921942451,1008,1000
357.94890542451,1008,1000
357.95890542451,1008,1000
357.96890542451,1008,1000
357.97890542451,1008,1000
357.989558982203,1008,1000
357.99934394997,1008,1000
358.00967542451,1008,1000
358.01890542451,1008,1000
358.02890542451,1008,1000
358.04126951818,1008,1000
358.04890542451,1008,1000
358.05890542451,1008,1000
358.06890542451,1008,1000
358.07890542451,1008,1000
358.08890542451,1008,1000
358.09890542451,1008,1000
358.10955842451,1008,1000
358.11890542451,1008,1000
358.12890542451,1008,1000
358.13951742451,1008,1000
358.149949149246,1008,1000
358.15890542451,1008,1000
358.16890542451,1008,1000
358.17890542451,1008,1000
358.18890542451,1008,1000
358.19890542451,1008,1000
358.20890542451,1008,1000
358.219401674706,1008,1000
358.22890542451,1008,1000
358.23890542451,1008,1000
358.24890542451,1008,1000
358.25890542451,1008,1000
358.2693365691,1008,1000
358.27890542451,1008,1000
358.28890542451,1008,1000
358.29890542451,1008,1000
358.30890542451,1008,1000
358.31890542451,1008,1000
358.32890542451,1008,1000
358.33890542451,1008,1000
358.34890542451,1008,1000
358.35890542451,1008,1000
358.371327295353,1008,1000
358.378920547756,1008,1000
358.38954442451,1008,1000
358.39890542451,1008,1000
358.40890542451,1008,1000
358.420323253286,1008,1000
358.42890542451,1008,1000
358.44084651818,1008,1000
358.44890542451,1008,1000
358.45890542451,1008,1000
358.46890542451,1008,1000
358.47890542451,1008,1000
358.489757778746,1008,1000
358.49890542451,1008,1000
358.50890542451,1008,1000
358.51890542451,1008,1000
358.52890542451,1008,1000
358.53890542451,1008,1000
358.54890542451,1008,1000
358.558949304206,1008,1000
358.56890542451,1008,1000
358.57890542451,1008,1000
358.58890542451,1008,1000
358.59890542451,1008,1000
358.60890542451,1008,1000
358.61957642451,1008,1000
358.62890542451,1008,1000
358.63890542451,1008,1000
358.64890542451,1008,1000
358.65890542451,1008,1000
358.66890542451,1008,1000
358.68120551818,1008,1000
358.68890542451,1008,1000
358.69890542451,1008,1000
358.70890542451,1008,1000
358.71890542451,1008,1000
358.72890542451,1008,1000
358.73890542451,1008,1000
358.74921942451,1008,1000
358.75890542451,1008,1000
358.76890542451,1008,1000
358.77967942451,1008,1000
358.78890542451,1008,1000
358.799153830825,1008,1000
358.80890542451,1008,1000
358.81989542451,1008,1000
358.82890542451,1008,1000
358.83890542451,1008,1000
358.84890542451,1008,1000
358.85921942451,1008,1000
358.86890542451,1008,1000
358.87890542451,1008,1000
358.89121439198,1008,1000
358.89890542451,1008,1000
358.90890542451,1008,1000
358.91890542451,1008,1000
358.92890542451,1008,1000
358.939467353606,1008,1000
358.94890542451,1008,1000
358.96080151818,1008,1000
358.96890542451,1008,1000
358.97890542451,1008,1000
358.98890542451,1008,1000
358.99890542451,1008,1000
359.00890542451,1008,1000
359.01890542451,1008,1000
359.02890542451,1008,1000
359.03890542451,1008,1000
359.04890542451,1008,1000
359.05890542451,1008,1000
359.06890542451,1008,1000
359.07890542451,1008,1000
359.08890542451,1008,1000
359.09947742451,1008,1000
359.10890542451,1008,1000
359.11963042451,1008,1000
359.12890542451,1008,1000
359.13890542451,1008,1000
359.14890542451,1008,1000
359.15890542451,1008,1000
359.16890542451,1008,1000
359.17991342451,1008,1000
359.18890542451,1008,1000
359.199154403766,1008,1000
359.20890542451,1008,1000
359.21994542451,1008,1000
359.22890542451,1008,1000
359.23999942451,1008,1000
359.24911394997,1008,1000
359.25890542451,1008,1000
359.26890542451,1008,1000
359.27966642451,1008,1000
359.29002789905,1008,1000
359.299166683645,1008,1000
359.309949788082,1008,1000
359.31890542451,1008,1000
359.32890542451,1008,1000
359.33890542451,1008,1000
359.34976542451,1008,1000
359.35921547543,1008,1000
359.36890542451,1008,1000
359.379204313542,1008,1000
359.38890542451,1008,1000
359.39890542451,1008,1000
359.40890542451,1008,1000
359.42002794997,1008,1000
359.42890542451,1008,1000
359.43890542451,1008,1000
359.44890542451,1008,1000
359.459237453926,1008,1000
359.46890542451,1008,1000
359.480097821761,1008,1000
359.48925547543,1008,1000
359.49890542451,1008,1000
359.509617235764,1008,1000
359.51976542451,1008,1000
359.52890542451,1008,1000
359.53890542451,1008,1000
359.549487347221,1008,1000
359.55890542451,1008,1000
359.56948642451,1008,1000
359.57890542451,1008,1000
359.58917294997,1008,1000
359.59890542451,1008,1000
359.60890542451,1008,1000
359.61890542451,1008,1000
359.62890542451,1008,1000
359.63890542451,1008,1000
359.64890542451,1008,1000
359.66021542451,1008,1000
359.66890542451,1008,1000
359.67890542451,1008,1000
359.68890542451,1008,1000
359.69890542451,1008,1000
359.70975142451,1008,1000
359.719104504086,1008,1000
359.72960494997,1008,1000
359.74017838138,1008,1000
359.74890542451,1008,1000
359.75890542451,1008,1000
359.76966642451,1008,1000
359.77906894997,1008,1000
359.78890542451,1008,1000
359.79890542451,1008,1000
359.80940590684,1008,1000
359.81890542451,1008,1000
359.82890542451,1008,1000
359.83962542451,1008,1000
359.84890542451,1008,1000
359.85890542451,1008,1000
359.86890542451,1008,1000
359.87890542451,1008,1000
359.88890542451,1008,1000
359.89890542451,1008,1000
359.90890542451,1008,1000
359.91890542451,1008,1000
359.92890542451,1008,1000
359.93890542451,1008,1000
359.94890542451,1008,1000
359.95890542451,1008,1000
359.96890542451,1008,1000
359.97890542451,1008,1000
359.98890542451,1008,1000
360.00099342451,1008,1000
360.00978342451,1008,1000
360.01890542451,1008,1000
360.02890542451,1008,1000
360.03890542451,1008,1000
360.0495525691,1008,1000
360.05972942451,1008,1000
360.06890542451,1008,1000
360.079212550473,1008,1000
360.08890542451,1008,1000
360.100225489738,1008,1000
360.10890542451,1008,1000
360.11890542451,1008,1000
360.12978994997,1008,1000
360.13890542451,1008,1000
360.14890542451,1008,1000
360.15890542451,1008,1000
360.171193814584,1008,1000
360.17890542451,1008,1000
360.18994042451,1008,1000
360.19906247543,1008,1000
360.20890542451,1008,1000
360.21890542451,1008,1000
360.22971142451,1008,1000
360.240844340044,1008,1000
360.24890542451,1008,1000
360.25928494997,1008,1000
360.26890542451,1008,1000
360.27890542451,1008,1000
360.28962142451,1008,1000
360.29890542451,1008,1000
360.30890542451,1008,1000
360.31890542451,1008,1000
360.32890542451,1008,1000
360.33890542451,1008,1000
360.34890542451,1008,1000
360.35890542451,1008,1000
360.36890542451,1008,1000
360.37890542451,1008,1000
360.38890542451,1008,1000
360.39890542451,1008,1000
360.409044892557,1008,1000
360.41890542451,1008,1000
360.42968442451,1008,1000
360.43890542451,1008,1000
360.44890542451,1008,1000
360.46276642451,1008,1000
360.47045842451,1008,1000
360.47890542451,1008,1000
360.48890542451,1008,1000
360.49890542451,1008,1000
360.50890542451,1008,1000
360.51890542451,1008,1000
360.52890542451,1008,1000
360.53986594997,1008,1000
360.54890542451,1008,1000
360.55890542451,1008,1000
360.56890542451,1008,1000
360.57890542451,1008,1000
360.58890542451,1008,1000
360.59890542451,1008,1000
360.60911147543,1008,1000
360.619212590058,1008,1000
360.62890542451,1008,1000
360.63982342451,1008,1000
360.64890542451,1008,1000
360.65950442451,1008,1000
360.670000241804,1008,1000
360.67890542451,1008,1000
360.68890542451,1008,1000
360.69890542451,1008,1000
360.70917694997,1008,1000
360.71890542451,1008,1000
360.72890542451,1008,1000
360.739299767264,1008,1000
360.74890542451,1008,1000
360.75890542451,1008,1000
360.76890542451,1008,1000
360.77890542451,1008,1000
360.78967542451,1008,1000
360.79890542451,1008,1000
360.80890542451,1008,1000
360.81890542451,1008,1000
360.82890542451,1008,1000
360.83890542451,1008,1000
360.84945042451,1008,1000
360.85890542451,1008,1000
360.86890542451,1008,1000
360.879196640218,1008,1000
360.88949542451,1008,1000
360.89890542451,1008,1000
360.90890542451,1008,1000
360.91890542451,1008,1000
360.92983742451,1008,1000
360.93890542451,1008,1000
360.94890542451,1008,1000
360.95890542451,1008,1000
360.96890542451,1008,1000
360.979308065548,1008,1000
360.98890542451,1008,1000
360.99914594997,1008,1000
361.00997642451,1008,1000
361.01890542451,1008,1000
361.02967542451,1008,1000
361.03921942451,1008,1000
361.05131742451,1008,1000
361.05890542451,1008,1000
361.07079251818,1008,1000
361.07919494997,1008,1000
361.08890542451,1008,1000
361.09890542451,1008,1000
361.10985875305,1008,1000
361.11890542451,1008,1000
361.12890542451,1008,1000
361.13890542451,1008,1000
361.14890542451,1008,1000
361.15890542451,1008,1000
361.16890542451,1008,1000
361.17917627851,1008,1000
361.18890542451,1008,1000
361.19890542451,1008,1000
361.20890542451,1008,1000
361.21983742451,1008,1000
361.22981442451,1008,1000
361.23890542451,1008,1000
361.24890542451,1008,1000
361.25890542451,1008,1000
361.26890542451,1008,1000
361.27890542451,1008,1000
361.28999694997,1008,1000
361.29913194997,1008,1000
361.30890542451,1008,1000
361.31890542451,1008,1000
361.32890542451,1008,1000
361.339166515391,1008,1000
361.34890542451,1008,1000
361.35930547543,1008,1000
361.36890542451,1008,1000
361.37890542451,1008,1000
361.38890542451,1008,1000
361.39890542451,1008,1000
361.40890542451,1008,1000
361.42092142451,1008,1000
361.42890542451,1008,1000
361.43890542451,1008,1000
361.44890542451,1008,1000
361.46083751818,1008,1000
361.46890542451,1008,1000
361.47890542451,1008,1000
361.48890542451,1008,1000
361.49890542451,1008,1000
361.50890542451,1008,1000
361.5194175691,1008,1000
361.52890542451,1008,1000
361.53954442451,1008,1000
361.54890542451,1008,1000
361.559913483129,1008,1000
361.56890542451,1008,1000
361.57890542451,1008,1000
361.58890542451,1008,1000
361.59890542451,1008,1000
361.60890542451,1008,1000
361.61978342451,1008,1000
361.629484676727,1008,1000
361.63979242451,1008,1000
361.64890542451,1008,1000
361.65890542451,1008,1000
361.6696065691,1008,1000
361.67890542451,1008,1000
361.68902894997,1008,1000
361.69890542451,1008,1000
361.71025794997,1008,1000
361.71890542451,1008,1000
361.72890542451,1008,1000
361.73890542451,1008,1000
361.74890542451,1008,1000
361.75890542451,1008,1000
361.76890542451,1008,1000
361.77960247543,1008,1000
361.78890542451,1008,1000
361.79890542451,1008,1000
361.80983242451,1008,1000
361.81890542451,1008,1000
361.82890542451,1008,1000
361.83890542451,1008,1000
361.84890542451,1008,1000
361.85890542451,1008,1000
361.86890542451,1008,1000
361.87914094997,1008,1000
361.88964342451,1008,1000
361.89890542451,1008,1000
361.91099051818,1008,1000
361.91890542451,1008,1000
361.92890542451,1008,1000
361.93890542451,1008,1000
361.94890542451,1008,1000
361.96126851818,1008,1000
361.96890542451,1008,1000
361.97890542451,1008,1000
361.98890542451,1008,1000
361.99890542451,1008,1000
362.00890542451,1008,1000
362.01890542451,1008,1000
362.02921942451,1008,1000
362.03890542451,1008,1000
362.04890542451,1008,1000
362.05890542451,1008,1000
362.06890542451,1008,1000
362.07946342451,1008,1000
362.08972042451,1008,1000
362.09890542451,1008,1000
362.10890542451,1008,1000
362.11890542451,1008,1000
362.12890542451,1008,1000
362.13890542451,1008,1000
362.14890542451,1008,1000
362.158993262622,1008,1000
362.17028342451,1008,1000
362.17890542451,1008,1000
362.18890542451,1008,1000
362.19890542451,1008,1000
362.20890542451,1008,1000
362.21890542451,1008,1000
362.229598050151,1008,1000
362.23959194997,1008,1000
362.24994542451,1008,1000
362.25890542451,1008,1000
362.26890542451,1008,1000
362.27890542451,1008,1000
362.28890542451,1008,1000
362.29890542451,1008,1000
362.30977442451,1008,1000
362.31932594997,1008,1000
362.32890542451,1008,1000
362.33890542451,1008,1000
362.34890542451,1008,1000
362.35890542451,1008,1000
362.36890542451,1008,1000
362.37910094997,1008,1000
362.38890542451,1008,1000
362.39890542451,1008,1000
362.40890542451,1008,1000
362.41890542451,1008,1000
362.42937094997,1008,1000
362.43991342451,1008,1000
362.44890542451,1008,1000
362.45890542451,1008,1000
362.46890542451,1008,1000
362.47890542451,1008,1000
362.48890542451,1008,1000
362.49890542451,1008,1000
362.50915894997,1008,1000
362.519043913144,1008,1000
362.53037494997,1008,1000
362.54000842451,1008,1000
362.5494895691,1008,1000
362.55890542451,1008,1000
362.56890542451,1008,1000
362.57945042451,1008,1000
362.58890542451,1008,1000
362.60098151818,1008,1000
362.60946994997,1008,1000
362.61890542451,1008,1000
362.629633465878,1008,1000
362.639923834241,1008,1000
362.64890542451,1008,1000
362.65890542451,1008,1000
362.66890542451,1008,1000
362.68024309456,1008,1000
362.68890542451,1008,1000
362.69993642451,1008,1000
362.71088251818,1008,1000
362.71890542451,1008,1000
362.72890542451,1008,1000
362.73890542451,1008,1000
362.75017523915,1008,1000
362.75983242451,1008,1000
362.76930794997,1008,1000
362.77890542451,1008,1000
362.78890542451,1008,1000
362.79890542451,1008,1000
362.80890542451,1008,1000
362.82010476461,1008,1000
362.82923094997,1008,1000
362.83890542451,1008,1000
362.84890542451,1008,1000
362.85890542451,1008,1000
362.86890542451,1008,1000
362.87890542451,1008,1000
362.88955729007,1008,1000
362.89890542451,1008,1000
362.90890542451,1008,1000
362.91890542451,1008,1000
362.92890542451,1008,1000
362.940054131091,1008,1000
362.94890542451,1008,1000
362.95890542451,1008,1000
362.96890542451,1008,1000
362.97890542451,1008,1000
362.98890542451,1008,1000
362.99890542451,1008,1000
363.009943656551,1008,1000
363.01890542451,1008,1000
363.02890542451,1008,1000
363.03893894997,1008,1000
363.04890542451,1008,1000
363.05890542451,1008,1000
363.06890542451,1008,1000
363.079914182011,1008,1000
363.08890542451,1008,1000
363.099536705009,1008,1000
363.10980142451,1008,1000
363.11890542451,1008,1000
363.12890542451,1008,1000
363.13890542451,1008,1000
363.149942707471,1008,1000
363.15890542451,1008,1000
363.16998542451,1008,1000
363.17910994997,1008,1000
363.18890542451,1008,1000
363.19890542451,1008,1000
363.20890542451,1008,1000
363.219296232931,1008,1000
363.22890542451,1008,1000
363.23917694997,1008,1000
363.24890542451,1008,1000
363.25890542451,1008,1000
363.26890542451,1008,1000
363.27967042451,1008,1000
363.28890542451,1008,1000
363.29890542451,1008,1000
363.30890542451,1008,1000
363.31890542451,1008,1000
363.33116951818,1008,1000
363.33890542451,1008,1000
363.34890542451,1008,1000
363.35890542451,1008,1000
363.36890542451,1008,1000
363.37994942451,1008,1000
363.38890542451,1008,1000
363.39921942451,1008,1000
363.409671616358,1008,1000
363.41890542451,1008,1000
363.42890542451,1008,1000
363.43890542451,1008,1000
363.44940194997,1008,1000
363.46162151818,1008,1000
363.46890542451,1008,1000
363.47890542451,1008,1000
363.48962142451,1008,1000
363.49890542451,1008,1000
363.50890542451,1008,1000
363.51890542451,1008,1000
363.52890542451,1008,1000
363.541114601318,1008,1000
363.54890542451,1008,1000
363.55890542451,1008,1000
363.56890542451,1008,1000
363.57890542451,1008,1000
363.589125614893,1008,1000
363.59890542451,1008,1000
363.60890542451,1008,1000
363.61890542451,1008,1000
363.62890542451,1008,1000
363.63890542451,1008,1000
363.64890542451,1008,1000
363.65890542451,1008,1000
363.669074666518,1008,1000
363.67890542451,1008,1000
363.68890542451,1008,1000
363.69890542451,1008,1000
363.70972042451,1008,1000
363.7196785691,1008,1000
363.72890542451,1008,1000
363.738927500098,1008,1000
363.74890542451,1008,1000
363.75890542451,1008,1000
363.76890542451,1008,1000
363.77914594997,1008,1000
363.78890542451,1008,1000
363.79890542451,1008,1000
363.80954442451,1008,1000
363.81890542451,1008,1000
363.82890542451,1008,1000
363.83890542451,1008,1000
363.84890542451,1008,1000
363.8595255691,1008,1000
363.869037432274,1008,1000
363.87989142451,1008,1000
363.88890542451,1008,1000
363.89972442451,1008,1000
363.90890542451,1008,1000
363.92001242451,1008,1000
363.92890542451,1008,1000
363.93890542451,1008,1000
363.949111164298,1008,1000
363.95890542451,1008,1000
363.96915894997,1008,1000
363.97890542451,1008,1000
363.9909285691,1008,1000
363.99890542451,1008,1000
364.00890542451,1008,1000
364.01890542451,1008,1000
364.02890542451,1008,1000
364.03890542451,1008,1000
364.04936765217,1008,1000
364.06015609456,1008,1000
364.06890542451,1008,1000
364.07958542451,1008,1000
364.08980142451,1008,1000
364.09950442451,1008,1000
364.10945042451,1008,1000
364.11890542451,1008,1000
364.12946462002,1008,1000
364.13997642451,1008,1000
364.14890542451,1008,1000
364.15905594997,1008,1000
364.17156551818,1008,1000
364.17890542451,1008,1000
364.18890542451,1008,1000
364.19890542451,1008,1000
364.20922194997,1008,1000
364.21992242451,1008,1000
364.22890542451,1008,1000
364.23921942451,1008,1000
364.24890542451,1008,1000
364.25890542451,1008,1000
364.26890542451,1008,1000
364.27890542451,1008,1000
364.29010394997,1008,1000
364.29890542451,1008,1000
364.3095475691,1008,1000
364.31890542451,1008,1000
364.330217041138,1008,1000
364.33890542451,1008,1000
364.34890542451,1008,1000
364.35943947543,1008,1000
364.36890542451,1008,1000
364.37945942451,1008,1000
364.38890542451,1008,1000
364.399597566598,1008,1000
364.40890542451,1008,1000
364.41890542451,1008,1000
364.42987742451,1008,1000
364.43890542451,1008,1000
364.44890542451,1008,1000
364.45890542451,1008,1000
364.46890542451,1008,1000
364.47890542451,1008,1000
364.48890542451,1008,1000
364.49912294997,1008,1000
364.50890542451,1008,1000
364.51890542451,1008,1000
364.52890542451,1008,1000
364.53890542451,1008,1000
364.54890542451,1008,1000
364.55890542451,1008,1000
364.56922609456,1008,1000
364.57890542451,1008,1000
364.58890542451,1008,1000
364.59890542451,1008,1000
364.60890542451,1008,1000
364.61890542451,1008,1000
364.62956742451,1008,1000
364.63890542451,1008,1000
364.64890542451,1008,1000
364.65890542451,1008,1000
364.66890542451,1008,1000
364.67945942451,1008,1000
364.68890542451,1008,1000
364.6992075691,1008,1000
364.70890542451,1008,1000
364.71890542451,1008,1000
364.72890542451,1008,1000
364.73890542451,1008,1000
364.74890542451,1008,1000
364.75890542451,1008,1000
364.76890542451,1008,1000
364.77890542451,1008,1000
364.78890542451,1008,1000
364.79890542451,1008,1000
364.80979642451,1008,1000
364.81890542451,1008,1000
364.82913980265,1008,1000
364.83890542451,1008,1000
364.84890542451,1008,1000
364.85890542451,1008,1000
364.86996342451,1008,1000
364.87911394997,1008,1000
364.88967042451,1008,1000
364.89890542451,1008,1000
364.90890542451,1008,1000
364.91890542451,1008,1000
364.92890542451,1008,1000
364.93935294997,1008,1000
364.94890542451,1008,1000
364.95890542451,1008,1000
364.96890542451,1008,1000
364.97994042451,1008,1000
364.98951742451,1008,1000
364.99990610111,1008,1000
365.00890542451,1008,1000
365.01890542451,1008,1000
365.02890542451,1008,1000
365.04115542451,1008,1000
365.04937494997,1008,1000
365.05890542451,1008,1000
365.069750016346,1008,1000
365.07890542451,1008,1000
365.08890542451,1008,1000
365.09890542451,1008,1000
365.10890542451,1008,1000
365.11890542451,1008,1000
365.12890542451,1008,1000
365.139202541806,1008,1000
365.14890542451,1008,1000
365.15890542451,1008,1000
365.16971159071,1008,1000
365.17890542451,1008,1000
365.18890542451,1008,1000
365.19890542451,1008,1000
365.20997642451,1008,1000
365.21890542451,1008,1000
365.22890542451,1008,1000
365.24119651818,1008,1000
365.24977842451,1008,1000
365.25959842451,1008,1000
365.26890542451,1008,1000
365.27916794997,1008,1000
365.28890542451,1008,1000
365.299305564037,1008,1000
365.30921942451,1008,1000
365.31911394997,1008,1000
365.32956242451,1008,1000
365.33890542451,1008,1000
365.34911809456,1008,1000
365.35890542451,1008,1000
365.36951742451,1008,1000
365.37928894997,1008,1000
365.38890542451,1008,1000
365.39890542451,1008,1000
365.40890542451,1008,1000
365.41890542451,1008,1000
365.43125051818,1008,1000
365.43956742451,1008,1000
365.453467723034,1008,1000
365.45890542451,1008,1000
365.46890542451,1008,1000
365.47890542451,1008,1000
365.48890542451,1008,1000
365.49921942451,1008,1000
365.50890542451,1008,1000
365.51890542451,1008,1000
365.52890542451,1008,1000
365.54010842767,1008,1000
365.54958542451,1008,1000
365.55890542451,1008,1000
365.56890542451,1008,1000
365.57890542451,1008,1000
365.58890542451,1008,1000
365.600034338469,1008,1000
365.60941695313,1008,1000
365.61890542451,1008,1000
365.62890542451,1008,1000
365.63890542451,1008,1000
365.64890542451,1008,1000
365.65890542451,1008,1000
365.669450863929,1008,1000
365.67890542451,1008,1000
365.689716644648,1008,1000
365.69890542451,1008,1000
365.70987342451,1008,1000
365.71890542451,1008,1000
365.72945042451,1008,1000
365.73890542451,1008,1000
365.74982342451,1008,1000
365.759079170108,1008,1000
365.76890542451,1008,1000
365.78015394997,1008,1000
365.78927194997,1008,1000
365.79996742451,1008,1000
365.80975142451,1008,1000
365.81907794997,1008,1000
365.82890542451,1008,1000
365.83890542451,1008,1000
365.84949847543,1008,1000
365.85995842451,1008,1000
365.87103551818,1008,1000
365.87900594997,1008,1000
365.89129042451,1008,1000
365.89890542451,1008,1000
365.90890542451,1008,1000
365.91890542451,1008,1000
365.92925794997,1008,1000
365.93890542451,1008,1000
365.94890542451,1008,1000
365.95890542451,1008,1000
365.96890542451,1008,1000
365.97890542451,1008,1000
365.98890542451,1008,1000
365.99890542451,1008,1000
366.00890542451,1008,1000
366.01890542451,1008,1000
366.030110259655,1008,1000
366.03962142451,1008,1000
366.04890542451,1008,1000
366.05890542451,1008,1000
366.06890542451,1008,1000
366.07890542451,1008,1000
366.08958542451,1008,1000
366.099382785115,1008,1000
366.10890542451,1008,1000
366.11890542451,1008,1000
366.12890542451,1008,1000
366.1394175691,1008,1000
366.14890542451,1008,1000
366.15890542451,1008,1000
366.16890542451,1008,1000
366.17890542451,1008,1000
366.18890542451,1008,1000
366.19890542451,1008,1000
366.20890542451,1008,1000
366.21890542451,1008,1000
366.22890542451,1008,1000
366.23890542451,1008,1000
366.24980542451,1008,1000
366.25890542451,1008,1000
366.26890542451,1008,1000
366.27981942451,1008,1000
366.28890542451,1008,1000
366.29890542451,1008,1000
366.30890542451,1008,1000
366.32117851818,1008,1000
366.32890542451,1008,1000
366.33890542451,1008,1000
366.34904694997,1008,1000
366.35890542451,1008,1000
366.36890542451,1008,1000
366.37965242451,1008,1000
366.38921942451,1008,1000
366.39890542451,1008,1000
366.40978742451,1008,1000
366.41890542451,1008,1000
366.42890542451,1008,1000
366.43890542451,1008,1000
366.44890542451,1008,1000
366.45890542451,1008,1000
366.46890542451,1008,1000
366.47919494997,1008,1000
366.48890542451,1008,1000
366.49890542451,1008,1000
366.50890542451,1008,1000
366.51890542451,1008,1000
366.52890542451,1008,1000
366.540096061302,1008,1000
366.54890542451,1008,1000
366.55890542451,1008,1000
366.56890542451,1008,1000
366.57974242451,1008,1000
366.58890542451,1008,1000
366.59890542451,1008,1000
366.609350586762,1008,1000
366.61890542451,1008,1000
366.62977842451,1008,1000
366.63890542451,1008,1000
366.64914994997,1008,1000
366.65890542451,1008,1000
366.66890542451,1008,1000
366.67890542451,1008,1000
366.68890542451,1008,1000
366.69906894997,1008,1000
366.70890542451,1008,1000
366.71890542451,1008,1000
366.72890542451,1008,1000
366.73890542451,1008,1000
366.74890542451,1008,1000
366.75890542451,1008,1000
366.76890542451,1008,1000
366.77890542451,1008,1000
366.78999042451,1008,1000
366.79890542451,1008,1000
366.809972128139,1008,1000
366.81958542451,1008,1000
366.82890542451,1008,1000
366.83930867847,1008,1000
366.84890542451,1008,1000
366.85925394997,1008,1000
366.86890542451,1008,1000
366.879262653599,1008,1000
366.88890542451,1008,1000
366.89890542451,1008,1000
366.90890542451,1008,1000
366.91890542451,1008,1000
366.92890542451,1008,1000
366.93890542451,1008,1000
366.94890542451,1008,1000
366.95890542451,1008,1000
366.96890542451,1008,1000
366.97890542451,1008,1000
366.98890542451,1008,1000
366.99981442451,1008,1000
367.00890542451,1008,1000
367.01890542451,1008,1000
367.02992742451,1008,1000
367.03890542451,1008,1000
367.04890542451,1008,1000
367.059902394677,1008,1000
367.06926694997,1008,1000
367.08171851818,1008,1000
367.08890542451,1008,1000
367.09924494997,1008,1000
367.10890542451,1008,1000
367.11890542451,1008,1000
367.129201920137,1008,1000
367.13890542451,1008,1000
367.14921942451,1008,1000
367.15890542451,1008,1000
367.16890542451,1008,1000
367.18161951818,1008,1000
367.18890542451,1008,1000
367.19890542451,1008,1000
367.20946342451,1008,1000
367.22080151818,1008,1000
367.22890542451,1008,1000
367.23890542451,1008,1000
367.25004342451,1008,1000
367.25890542451,1008,1000
367.26890542451,1008,1000
367.27890542451,1008,1000
367.28890542451,1008,1000
367.29890542451,1008,1000
367.30890542451,1008,1000
367.31925294997,1008,1000
367.32890542451,1008,1000
367.33971542451,1008,1000
367.34890542451,1008,1000
367.35913277879,1008,1000
367.36890542451,1008,1000
367.37890542451,1008,1000
367.38890542451,1008,1000
367.39890542451,1008,1000
367.40915894997,1008,1000
367.41890542451,1008,1000
367.42890542451,1008,1000
367.43890542451,1008,1000
367.44890542451,1008,1000
367.45890542451,1008,1000
367.46890542451,1008,1000
367.47890542451,1008,1000
367.48890542451,1008,1000
367.49890542451,1008,1000
367.50890542451,1008,1000
367.520077257346,1008,1000
367.529880066058,1008,1000
367.53890542451,1008,1000
367.54980542451,1008,1000
367.55890542451,1008,1000
367.570035841668,1008,1000
367.57890542451,1008,1000
367.589466782806,1008,1000
367.600219591518,1008,1000
367.60890542451,1008,1000
367.61926694997,1008,1000
367.62890542451,1008,1000
367.639299367128,1008,1000
367.649384643048,1008,1000
367.65890542451,1008,1000
367.669447116978,1008,1000
367.67890542451,1008,1000
367.68890542451,1008,1000
367.69890542451,1008,1000
367.70890542451,1008,1000
367.71890542451,1008,1000
367.72890542451,1008,1000
367.739704764442,1008,1000
367.74890542451,1008,1000
367.75890542451,1008,1000
367.76996342451,1008,1000
367.779942176661,1008,1000
367.79084651818,1008,1000
367.79890542451,1008,1000
367.80890542451,1008,1000
367.81890542451,1008,1000
367.82999442451,1008,1000
367.83928994997,1008,1000
367.85091851818,1008,1000
367.85890542451,1008,1000
367.86890542451,1008,1000
367.87896587911,1008,1000
367.88890542451,1008,1000
367.90004994997,1008,1000
367.90890542451,1008,1000
367.91890542451,1008,1000
367.930123375566,1008,1000
367.93890542451,1008,1000
367.94890542451,1008,1000
367.95890542451,1008,1000
367.96925947543,1008,1000
367.97890542451,1008,1000
367.98890542451,1008,1000
368.002560139286,1008,1000
368.01123542451,1008,1000
368.01890542451,1008,1000
368.02890542451,1008,1000
368.03954942451,1008,1000
368.04890542451,1008,1000
368.05890542451,1008,1000
368.072778868166,1008,1000
368.08178751818,1008,1000
368.09026542451,1008,1000
368.09890542451,1008,1000
368.10890542451,1008,1000
368.11890542451,1008,1000
368.129793427298,1008,1000
368.13890542451,1008,1000
368.14945042451,1008,1000
368.15961894997,1008,1000
368.16890542451,1008,1000
368.17890542451,1008,1000
368.18890542451,1008,1000
368.199155952758,1008,1000
368.20890542451,1008,1000
368.21890542451,1008,1000
368.22890542451,1008,1000
368.23890542451,1008,1000
368.24890542451,1008,1000
368.260091864762,1008,1000
368.26890542451,1008,1000
368.27890542451,1008,1000
368.29130842451,1008,1000
368.29890542451,1008,1000
368.30890542451,1008,1000
368.31890542451,1008,1000
368.329391390222,1008,1000
368.33890542451,1008,1000
368.34890542451,1008,1000
368.35890542451,1008,1000
368.36890542451,1008,1000
368.37890542451,1008,1000
368.3898045691,1008,1000
368.39890542451,1008,1000
368.40890542451,1008,1000
368.41890542451,1008,1000
368.42890542451,1008,1000
368.43890542451,1008,1000
368.44890542451,1008,1000
368.45909509456,1008,1000
368.46890542451,1008,1000
368.47890542451,1008,1000
368.48890542451,1008,1000
368.49890542451,1008,1000
368.50890542451,1008,1000
368.519278914922,1008,1000
368.52890542451,1008,1000
368.539418292529,1008,1000
368.54982342451,1008,1000
368.55890542451,1008,1000
368.56890542451,1008,1000
368.57890542451,1008,1000
368.590113440382,1008,1000
368.59890542451,1008,1000
368.60890542451,1008,1000
368.61914994997,1008,1000
368.62890542451,1008,1000
368.63976542451,1008,1000
368.64890542451,1008,1000
368.659484965842,1008,1000
368.66890542451,1008,1000
368.67890542451,1008,1000
368.68890542451,1008,1000
368.69890542451,1008,1000
368.70912794997,1008,1000
368.71890542451,1008,1000
368.72890542451,1008,1000
368.73890542451,1008,1000
368.74890542451,1008,1000
368.75890542451,1008,1000
368.76890542451,1008,1000
368.77924009456,1008,1000
368.78890542451,1008,1000
368.79890542451,1008,1000
368.80890542451,1008,1000
368.81890542451,1008,1000
368.82890542451,1008,1000
368.83947742451,1008,1000
368.84890542451,1008,1000
368.85890542451,1008,1000
368.86890542451,1008,1000
368.87890542451,1008,1000
368.88890542451,1008,1000
368.89890542451,1008,1000
368.90890542451,1008,1000
368.91890542451,1008,1000
368.92890542451,1008,1000
368.93890542451,1008,1000
368.94890542451,1008,1000
368.95890542451,1008,1000
368.96890542451,1008,1000
368.97890542451,1008,1000
368.98890542451,1008,1000
368.99890542451,1008,1000
369.00890542451,1008,1000
369.01956742451,1008,1000
369.02890542451,1008,1000
369.03890542451,1008,1000
369.05094842451,1008,1000
369.05890542451,1008,1000
369.06890542451,1008,1000
369.07954042451,1008,1000
369.08954942451,1008,1000
369.09890542451,1008,1000
369.10890542451,1008,1000
369.11890542451,1008,1000
369.12890542451,1008,1000
369.13890542451,1008,1000
369.14890542451,1008,1000
369.15890542451,1008,1000
369.16890542451,1008,1000
369.17890542451,1008,1000
369.18949942451,1008,1000
369.19998142451,1008,1000
369.20890542451,1008,1000
369.21890542451,1008,1000
369.22890542451,1008,1000
369.23961098853,1008,1000
369.24890542451,1008,1000
369.25890542451,1008,1000
369.26918194997,1008,1000
369.27890542451,1008,1000
369.28996342451,1008,1000
369.29890542451,1008,1000
369.30954942451,1008,1000
369.31890542451,1008,1000
369.32890542451,1008,1000
369.34002789905,1008,1000
369.34890542451,1008,1000
369.35920894997,1008,1000
369.36890542451,1008,1000
369.37977442451,1008,1000
369.38890542451,1008,1000
369.39890542451,1008,1000
369.409216203344,1008,1000
369.41890542451,1008,1000
369.42890542451,1008,1000
369.44121551818,1008,1000
369.44903794997,1008,1000
369.45957142451,1008,1000
369.46979242451,1008,1000
369.47979642451,1008,1000
369.48890542451,1008,1000
369.50000342451,1008,1000
369.50997242451,1008,1000
369.51890542451,1008,1000
369.52975142451,1008,1000
369.539256429304,1008,1000
369.54914994997,1008,1000
369.55890542451,1008,1000
369.569237788082,1008,1000
369.57917294997,1008,1000
369.58890542451,1008,1000
369.59898794997,1008,1000
369.60890542451,1008,1000
369.61890542451,1008,1000
369.62890542451,1008,1000
369.63890542451,1008,1000
369.64890542451,1008,1000
369.65890542451,1008,1000
369.66994542451,1008,1000
369.67890542451,1008,1000
369.68890542451,1008,1000
369.69890542451,1008,1000
369.70890542451,1008,1000
369.71994542451,1008,1000
369.72890542451,1008,1000
369.73927194997,1008,1000
369.74890542451,1008,1000
369.75890542451,1008,1000
369.76890542451,1008,1000
369.779068602855,1008,1000
369.78999194997,1008,1000
369.79890542451,1008,1000
369.81120042451,1008,1000
369.818993262622,1008,1000
369.82890542451,1008,1000
369.83890542451,1008,1000
369.84890542451,1008,1000
369.85930047543,1008,1000
369.86890542451,1008,1000
369.87890542451,1008,1000
369.88890542451,1008,1000
369.89890542451,1008,1000
369.90890542451,1008,1000
369.91890542451,1008,1000
369.92890542451,1008,1000
369.93890542451,1008,1000
369.94890542451,1008,1000
369.95890542451,1008,1000
369.96890542451,1008,1000
369.97890542451,1008,1000
369.98890542451,1008,1000
369.99890542451,1008,1000
370.00890542451,1008,1000
370.01890542451,1008,1000
370.02890542451,1008,1000
370.03890542451,1008,1000
370.04890542451,1008,1000
370.05890542451,1008,1000
370.06956742451,1008,1000
370.07890542451,1008,1000
370.08890542451,1008,1000
370.10099951818,1008,1000
370.10890542451,1008,1000
370.11890542451,1008,1000
370.12890542451,1008,1000
370.13890542451,1008,1000
370.14890542451,1008,1000
370.15890542451,1008,1000
370.16972042451,1008,1000
370.17890542451,1008,1000
370.18890542451,1008,1000
370.19890542451,1008,1000
370.20890542451,1008,1000
370.21890542451,1008,1000
370.22890542451,1008,1000
370.23904694997,1008,1000
370.24890542451,1008,1000
370.25890542451,1008,1000
370.269724740582,1008,1000
370.27890542451,1008,1000
370.28890542451,1008,1000
370.29890542451,1008,1000
370.30987342451,1008,1000
370.31890542451,1008,1000
370.32890542451,1008,1000
370.338993262622,1008,1000
370.34890542451,1008,1000
370.35890542451,1008,1000
370.36890542451,1008,1000
370.37913694997,1008,1000
370.38890542451,1008,1000
370.39890542451,1008,1000
370.40890542451,1008,1000
370.41890542451,1008,1000
370.42890542451,1008,1000
370.43890542451,1008,1000
370.44890542451,1008,1000
370.45890542451,1008,1000
370.46890542451,1008,1000
370.47890542451,1008,1000
370.48949942451,1008,1000
370.49890542451,1008,1000
370.50966642451,1008,1000
370.51999942451,1008,1000
370.529447790742,1008,1000
370.53890542451,1008,1000
370.54890542451,1008,1000
370.55890542451,1008,1000
370.56890542451,1008,1000
370.57890542451,1008,1000
370.58930794997,1008,1000
370.59955842451,1008,1000
370.60890542451,1008,1000
370.620341265888,1008,1000
370.62890542451,1008,1000
370.63890542451,1008,1000
370.64954942451,1008,1000
370.65999442451,1008,1000
370.66890542451,1008,1000
370.67996342451,1008,1000
370.689676791348,1008,1000
370.69890542451,1008,1000
370.70890542451,1008,1000
370.71890542451,1008,1000
370.72924894997,1008,1000
370.73890542451,1008,1000
370.74941594997,1008,1000
370.75890542451,1008,1000
370.76890542451,1008,1000
370.77998142451,1008,1000
370.789314840902,1008,1000
370.79890542451,1008,1000
370.80890542451,1008,1000
370.81890542451,1008,1000
370.82993642451,1008,1000
370.83984142451,1008,1000
370.84931694997,1008,1000
370.85986842451,1008,1000
370.86890542451,1008,1000
370.87890542451,1008,1000
370.88998542451,1008,1000
370.89920894997,1008,1000
370.90907794997,1008,1000
370.91983809456,1008,1000
370.930237085359,1008,1000
370.93890542451,1008,1000
370.94890542451,1008,1000
370.95919494997,1008,1000
370.96890542451,1008,1000
370.97963042451,1008,1000
370.98911962002,1008,1000
371.00090051818,1008,1000
371.00890542451,1008,1000
371.01890542451,1008,1000
371.02890542451,1008,1000
371.03969342451,1008,1000
371.049361891062,1008,1000
371.05890542451,1008,1000
371.06945942451,1008,1000
371.07890542451,1008,1000
371.08890542451,1008,1000
371.09890542451,1008,1000
371.10890542451,1008,1000
371.11890542451,1008,1000
371.12890542451,1008,1000
371.13974742451,1008,1000
371.14890542451,1008,1000
371.15890542451,1008,1000
371.16945042451,1008,1000
371.17890542451,1008,1000
371.18890542451,1008,1000
371.199729443603,1008,1000
371.20914594997,1008,1000
371.21890542451,1008,1000
371.22890542451,1008,1000
371.23890542451,1008,1000
371.24890542451,1008,1000
371.25890542451,1008,1000
371.268938969063,1008,1000
371.27988642451,1008,1000
371.28890542451,1008,1000
371.29890542451,1008,1000
371.309138941222,1008,1000
371.31890542451,1008,1000
371.32890542451,1008,1000
371.339981614298,1008,1000
371.349859007105,1008,1000
371.35890542451,1008,1000
371.36890542451,1008,1000
371.37890542451,1008,1000
371.38890542451,1008,1000
371.39890542451,1008,1000
371.409245139758,1008,1000
371.419257532565,1008,1000
371.42890542451,1008,1000
371.43890542451,1008,1000
371.44890542451,1008,1000
371.45983242451,1008,1000
371.46890542451,1008,1000
371.47890542451,1008,1000
371.48890542451,1008,1000
371.49985542451,1008,1000
371.50890542451,1008,1000
371.51890542451,1008,1000
371.52909594997,1008,1000
371.53901994997,1008,1000
371.5495345691,1008,1000
371.55890542451,1008,1000
371.56904694997,1008,1000
371.57890542451,1008,1000
371.58890542451,1008,1000
371.59890542451,1008,1000
371.60890542451,1008,1000
371.61890542451,1008,1000
371.62890542451,1008,1000
371.63890542451,1008,1000
371.64890542451,1008,1000
371.65890542451,1008,1000
371.66890542451,1008,1000
371.67890542451,1008,1000
371.689548926874,1008,1000
371.69890542451,1008,1000
371.70890542451,1008,1000
371.71890542451,1008,1000
371.72890542451,1008,1000
371.73890542451,1008,1000
371.74890542451,1008,1000
371.75890542451,1008,1000
371.76890542451,1008,1000
371.77890542451,1008,1000
371.78890542451,1008,1000
371.79890542451,1008,1000
371.80890542451,1008,1000
371.81890542451,1008,1000
371.828972041542,1008,1000
371.83890542451,1008,1000
371.84890542451,1008,1000
371.85890542451,1008,1000
371.86890542451,1008,1000
371.87890542451,1008,1000
371.88890542451,1008,1000
371.89890542451,1008,1000
371.90890542451,1008,1000
371.91890542451,1008,1000
371.93111551818,1008,1000
371.93890542451,1008,1000
371.949388977034,1008,1000
371.95890542451,1008,1000
371.96890542451,1008,1000
371.97982342451,1008,1000
371.98945042451,1008,1000
372.00098151818,1008,1000
372.00890542451,1008,1000
372.02002789905,1008,1000
372.02890542451,1008,1000
372.03998142451,1008,1000
372.04996894997,1008,1000
372.05890542451,1008,1000
372.06890542451,1008,1000
372.07890542451,1008,1000
372.089211915907,1008,1000
372.09890542451,1008,1000
372.10919094997,1008,1000
372.11929547543,1008,1000
372.12890542451,1008,1000
372.13890542451,1008,1000
372.14950442451,1008,1000
372.15890542451,1008,1000
372.16890542451,1008,1000
372.17890542451,1008,1000
372.18890542451,1008,1000
372.1997235691,1008,1000
372.209328027194,1008,1000
372.21890542451,1008,1000
372.22890542451,1008,1000
372.23890542451,1008,1000
372.24890542451,1008,1000
372.25890542451,1008,1000
372.268993262622,1008,1000
372.27890542451,1008,1000
372.28890542451,1008,1000
372.29890542451,1008,1000
372.30972042451,1008,1000
372.31890542451,1008,1000
372.32890542451,1008,1000
372.33890542451,1008,1000
372.34890542451,1008,1000
372.35890542451,1008,1000
372.36890542451,1008,1000
372.37909194997,1008,1000
372.38890542451,1008,1000
372.39986442451,1008,1000
372.40890542451,1008,1000
372.41890542451,1008,1000
372.42890542451,1008,1000
372.43890542451,1008,1000
372.449303496036,1008,1000
372.45890542451,1008,1000
372.4708545691,1008,1000
372.47890542451,1008,1000
372.48952242451,1008,1000
372.49890542451,1008,1000
372.50890542451,1008,1000
372.51890542451,1008,1000
372.52890542451,1008,1000
372.53890542451,1008,1000
372.54890542451,1008,1000
372.55890542451,1008,1000
372.56890542451,1008,1000
372.58094551818,1008,1000
372.58890542451,1008,1000
372.59890542451,1008,1000
372.60998142451,1008,1000
372.61890542451,1008,1000
372.62890542451,1008,1000
372.63890542451,1008,1000
372.64890542451,1008,1000
372.65890542451,1008,1000
372.66890542451,1008,1000
372.67939794997,1008,1000
372.69165651818,1008,1000
372.69890542451,1008,1000
372.70890542451,1008,1000
372.71890542451,1008,1000
372.729179127514,1008,1000
372.73929894997,1008,1000
372.74890542451,1008,1000
372.75966142451,1008,1000
372.76890542451,1008,1000
372.77890542451,1008,1000
372.78890542451,1008,1000
372.80081951818,1008,1000
372.80954042451,1008,1000
372.81890542451,1008,1000
372.82890542451,1008,1000
372.83890542451,1008,1000
372.84890542451,1008,1000
372.85890542451,1008,1000
372.86890542451,1008,1000
372.87890542451,1008,1000
372.88890542451,1008,1000
372.89890542451,1008,1000
372.90972942451,1008,1000
372.91890542451,1008,1000
372.92890542451,1008,1000
372.93890542451,1008,1000
372.94958542451,1008,1000
372.95973842451,1008,1000
372.96890542451,1008,1000
372.97905594997,1008,1000
372.98890542451,1008,1000
372.99890542451,1008,1000
373.00890542451,1008,1000
373.01890542451,1008,1000
373.02913694997,1008,1000
373.03890542451,1008,1000
373.04890542451,1008,1000
373.05992242451,1008,1000
373.06890542451,1008,1000
373.07890542451,1008,1000
373.08890542451,1008,1000
373.09890542451,1008,1000
373.10987342451,1008,1000
373.11890542451,1008,1000
373.12922194997,1008,1000
373.13890542451,1008,1000
373.14998142451,1008,1000
373.15890542451,1008,1000
373.16890542451,1008,1000
373.17931694997,1008,1000
373.18890542451,1008,1000
373.19890542451,1008,1000
373.21091851818,1008,1000
373.21922694997,1008,1000
373.22890542451,1008,1000
373.23890542451,1008,1000
373.25080151818,1008,1000
373.25890542451,1008,1000
373.26890542451,1008,1000
373.27890542451,1008,1000
373.28890542451,1008,1000
373.300168943534,1008,1000
373.30974742451,1008,1000
373.31890542451,1008,1000
373.32890542451,1008,1000
373.33890542451,1008,1000
373.34890542451,1008,1000
373.35890542451,1008,1000
373.369603468994,1008,1000
373.378993262622,1008,1000
373.38890542451,1008,1000
373.39890542451,1008,1000
373.40890542451,1008,1000
373.41890542451,1008,1000
373.42890542451,1008,1000
373.43890542451,1008,1000
373.44976042451,1008,1000
373.45890542451,1008,1000
373.46890542451,1008,1000
373.47890542451,1008,1000
373.490035513519,1008,1000
373.498913164298,1008,1000
373.5091435691,1008,1000
373.51896094997,1008,1000
373.53142151818,1008,1000
373.53890542451,1008,1000
373.54890542451,1008,1000
373.559434038979,1008,1000
373.56890542451,1008,1000
373.57890542451,1008,1000
373.58890542451,1008,1000
373.59921942451,1008,1000
373.60890542451,1008,1000
373.61890542451,1008,1000
373.62890542451,1008,1000
373.63890542451,1008,1000
373.64926294997,1008,1000
373.65890542451,1008,1000
373.66890542451,1008,1000
373.67890542451,1008,1000
373.68963442451,1008,1000
373.69952242451,1008,1000
373.7101915691,1008,1000
373.71890542451,1008,1000
373.72890542451,1008,1000
373.740004673675,1008,1000
373.74890542451,1008,1000
373.75890542451,1008,1000
373.7701745691,1008,1000
373.77942809456,1008,1000
373.78890542451,1008,1000
373.79890542451,1008,1000
373.809322199135,1008,1000
373.81890542451,1008,1000
373.82890542451,1008,1000
373.83943809456,1008,1000
373.84890542451,1008,1000
373.85890542451,1008,1000
373.86993142451,1008,1000
373.87890542451,1008,1000
373.88890542451,1008,1000
373.89999042451,1008,1000
373.90890542451,1008,1000
373.91890542451,1008,1000
373.92890542451,1008,1000
373.93913194997,1008,1000
373.95079251818,1008,1000
373.95890542451,1008,1000
373.96921794997,1008,1000
373.97890542451,1008,1000
373.98890542451,1008,1000
374.00192651818,1008,1000
374.00967942451,1008,1000
374.01890542451,1008,1000
374.02890542451,1008,1000
374.03990042451,1008,1000
374.0495685691,1008,1000
374.05890542451,1008,1000
374.07121704364,1008,1000
374.080166923166,1008,1000
374.08890542451,1008,1000
374.09969342451,1008,1000
374.10998794997,1008,1000
374.11890542451,1008,1000
374.12890542451,1008,1000
374.14041886228,1008,1000
374.149574448626,1008,1000
374.15959842451,1008,1000
374.16890542451,1008,1000
374.17921547543,1008,1000
374.18890542451,1008,1000
374.19890542451,1008,1000
374.20962838774,1008,1000
374.219613903014,1008,1000
374.22890542451,1008,1000
374.23890542451,1008,1000
374.24890542451,1008,1000
374.25890542451,1008,1000
374.26890542451,1008,1000
374.27890542451,1008,1000
374.28890542451,1008,1000
374.29890542451,1008,1000
374.30890542451,1008,1000
374.32230204364,1008,1000
374.32890542451,1008,1000
374.33948642451,1008,1000
374.34890542451,1008,1000
374.35890542451,1008,1000
374.36890542451,1008,1000
374.37996742451,1008,1000
374.38975794997,1008,1000
374.39890542451,1008,1000
374.41079251818,1008,1000
374.4196965691,1008,1000
374.42890542451,1008,1000
374.43890542451,1008,1000
374.44942894997,1008,1000
374.45922847543,1008,1000
374.46890542451,1008,1000
374.480457953174,1008,1000
374.48890542451,1008,1000
374.49890542451,1008,1000
374.50890542451,1008,1000
374.51890542451,1008,1000
374.52890542451,1008,1000
374.53890542451,1008,1000
374.55131351818,1008,1000
374.55890542451,1008,1000
374.56890542451,1008,1000
374.579881278969,1008,1000
374.58949542451,1008,1000
374.59890542451,1008,1000
374.60976042451,1008,1000
374.61921942451,1008,1000
374.62890542451,1008,1000
374.63890542451,1008,1000
374.649770804429,1008,1000
374.65890542451,1008,1000
374.66890542451,1008,1000
374.67914094997,1008,1000
374.68890542451,1008,1000
374.69890542451,1008,1000
374.70890542451,1008,1000
374.719043329889,1008,1000
374.72952642451,1008,1000
374.74000342451,1008,1000
374.74890542451,1008,1000
374.75890542451,1008,1000
374.76890542451,1008,1000
374.77890542451,1008,1000
374.78890542451,1008,1000
374.79890542451,1008,1000
374.81002789905,1008,1000
374.81890542451,1008,1000
374.82890542451,1008,1000
374.83890542451,1008,1000
374.84890542451,1008,1000
374.85890542451,1008,1000
374.86890542451,1008,1000
374.879219018267,1008,1000
374.88890542451,1008,1000
374.89890542451,1008,1000
374.91041342451,1008,1000
374.91890542451,1008,1000
374.92994042451,1008,1000
374.93890542451,1008,1000
374.94890542451,1008,1000
374.95890542451,1008,1000
374.96949942451,1008,1000
374.97980294997,1008,1000
374.98890542451,1008,1000
374.99934794997,1008,1000
375.00890542451,1008,1000
375.01890542451,1008,1000
375.02949042451,1008,1000
375.03890542451,1008,1000
375.04911147543,1008,1000
375.05951342451,1008,1000
375.06890542451,1008,1000
375.07890542451,1008,1000
375.08890542451,1008,1000
375.09890542451,1008,1000
375.10987742451,1008,1000
375.11890542451,1008,1000
375.12890542451,1008,1000
375.13890542451,1008,1000
375.14890542451,1008,1000
375.15890542451,1008,1000
375.16890542451,1008,1000
375.17997394997,1008,1000
375.18890542451,1008,1000
375.19890542451,1008,1000
375.20984142451,1008,1000
375.21890542451,1008,1000
375.230363207941,1008,1000
375.23890542451,1008,1000
375.24943547543,1008,1000
375.258983103654,1008,1000
375.26890542451,1008,1000
375.27914994997,1008,1000
375.28959842451,1008,1000
375.299581733401,1008,1000
375.30890542451,1008,1000
375.31958942451,1008,1000
375.32890542451,1008,1000
375.33890542451,1008,1000
375.34997642451,1008,1000
375.359253941138,1008,1000
375.36890542451,1008,1000
375.37890542451,1008,1000
375.38992742451,1008,1000
375.39890542451,1008,1000
375.40890542451,1008,1000
375.41942894997,1008,1000
375.42890542451,1008,1000
375.43890542451,1008,1000
375.44890542451,1008,1000
375.45914594997,1008,1000
375.46890542451,1008,1000
375.47890542451,1008,1000
375.48953542451,1008,1000
375.49890542451,1008,1000
375.50991342451,1008,1000
375.519030153814,1008,1000
375.52890542451,1008,1000
375.53890542451,1008,1000
375.54890542451,1008,1000
375.55890542451,1008,1000
375.56890542451,1008,1000
375.57933894997,1008,1000
375.589632298404,1008,1000
375.59890542451,1008,1000
375.60890542451,1008,1000
375.61989542451,1008,1000
375.62890542451,1008,1000
375.639528089306,1008,1000
375.64890542451,1008,1000
375.65987342451,1008,1000
375.66890542451,1008,1000
375.67890542451,1008,1000
375.68977594997,1008,1000
375.69890542451,1008,1000
375.70890542451,1008,1000
375.7195795691,1008,1000
375.72917294997,1008,1000
375.73890542451,1008,1000
375.74890542451,1008,1000
375.75911147543,1008,1000
375.76890542451,1008,1000
375.77890542451,1008,1000
375.78991842451,1008,1000
375.79890542451,1008,1000
375.80890542451,1008,1000
375.81890542451,1008,1000
375.82890542451,1008,1000
375.83890542451,1008,1000
375.84890542451,1008,1000
375.85926294997,1008,1000
375.86890542451,1008,1000
375.87890542451,1008,1000
375.88890542451,1008,1000
375.899494139466,1008,1000
375.90890542451,1008,1000
375.92285751818,1008,1000
375.92890542451,1008,1000
375.93890542451,1008,1000
375.94890542451,1008,1000
375.95890542451,1008,1000
375.96983742451,1008,1000
375.97890542451,1008,1000
375.98921942451,1008,1000
375.99890542451,1008,1000
376.00890542451,1008,1000
376.01890542451,1008,1000
376.02890542451,1008,1000
376.03909194997,1008,1000
376.04890542451,1008,1000
376.05890542451,1008,1000
376.070116016175,1008,1000
376.07890542451,1008,1000
376.08890542451,1008,1000
376.09890542451,1008,1000
376.10890542451,1008,1000
376.11890542451,1008,1000
376.12890542451,1008,1000
376.139370541635,1008,1000
376.14890542451,1008,1000
376.159397189626,1008,1000
376.16890542451,1008,1000
376.17890542451,1008,1000
376.18890542451,1008,1000
376.19890542451,1008,1000
376.20890542451,1008,1000
376.21890542451,1008,1000
376.22890542451,1008,1000
376.23890542451,1008,1000
376.248952084304,1008,1000
376.25890542451,1008,1000
376.26890542451,1008,1000
376.27890542451,1008,1000
376.28890542451,1008,1000
376.29890542451,1008,1000
376.30890542451,1008,1000
376.31890542451,1008,1000
376.32890542451,1008,1000
376.33890542451,1008,1000
376.34890542451,1008,1000
376.35890542451,1008,1000
376.36890542451,1008,1000
376.37890542451,1008,1000
376.38890542451,1008,1000
376.39890542451,1008,1000
376.40890542451,1008,1000
376.419120239786,1008,1000
376.42890542451,1008,1000
376.43890542451,1008,1000
376.44890542451,1008,1000
376.45890542451,1008,1000
376.46890542451,1008,1000
376.47890542451,1008,1000
376.48890542451,1008,1000
376.49890542451,1008,1000
376.50945042451,1008,1000
376.51890542451,1008,1000
376.52890542451,1008,1000
376.53890542451,1008,1000
376.54890542451,1008,1000
376.55890542451,1008,1000
376.56890542451,1008,1000
376.57890542451,1008,1000
376.58890542451,1008,1000
376.59890542451,1008,1000
376.60890542451,1008,1000
376.61890542451,1008,1000
376.62947742451,1008,1000
376.63890542451,1008,1000
376.64890542451,1008,1000
376.65890542451,1008,1000
376.6696065691,1008,1000
376.679171638838,1008,1000
376.68890542451,1008,1000
376.69921942451,1008,1000
376.70890542451,1008,1000
376.71890542451,1008,1000
376.72890542451,1008,1000
376.73890542451,1008,1000
376.74890542451,1008,1000
376.75890542451,1008,1000
376.76890542451,1008,1000
376.77890542451,1008,1000
376.78890542451,1008,1000
376.79890542451,1008,1000
376.80890542451,1008,1000
376.81964342451,1008,1000
376.82890542451,1008,1000
376.84271351818,1008,1000
376.84890542451,1008,1000
376.85890542451,1008,1000
376.86890542451,1008,1000
376.87890542451,1008,1000
376.88890542451,1008,1000
376.89890542451,1008,1000
376.90921942451,1008,1000
376.91972042451,1008,1000
376.92890542451,1008,1000
376.93890542451,1008,1000
376.94890542451,1008,1000
376.95890542451,1008,1000
376.96890542451,1008,1000
376.97890542451,1008,1000
376.98912794997,1008,1000
376.99890542451,1008,1000
377.00890542451,1008,1000
377.01890542451,1008,1000
377.02954042451,1008,1000
377.03890542451,1008,1000
377.04890542451,1008,1000
377.05968842451,1008,1000
377.06890542451,1008,1000
377.07890542451,1008,1000
377.08890542451,1008,1000
377.09890542451,1008,1000
377.10956242451,1008,1000
377.11890542451,1008,1000
377.12971142451,1008,1000
377.13890542451,1008,1000
377.14890542451,1008,1000
377.15890542451,1008,1000
377.16984142451,1008,1000
377.17890542451,1008,1000
377.18890542451,1008,1000
377.19890542451,1008,1000
377.20890542451,1008,1000
377.21890542451,1008,1000
377.22890542451,1008,1000
377.23929394997,1008,1000
377.249514685168,1008,1000
377.26002789905,1008,1000
377.26890542451,1008,1000
377.27890542451,1008,1000
377.28890542451,1008,1000
377.29890542451,1008,1000
377.310062195036,1008,1000
377.31890542451,1008,1000
377.32932594997,1008,1000
377.33890542451,1008,1000
377.34890542451,1008,1000
377.359588867632,1008,1000
377.36970642451,1008,1000
377.379514720496,1008,1000
377.38962142451,1008,1000
377.39890542451,1008,1000
377.40890542451,1008,1000
377.41890542451,1008,1000
377.42890542451,1008,1000
377.43890542451,1008,1000
377.44890542451,1008,1000
377.46011904364,1008,1000
377.46945442451,1008,1000
377.47890542451,1008,1000
377.48890542451,1008,1000
377.49890542451,1008,1000
377.50890542451,1008,1000
377.51890542451,1008,1000
377.5295445691,1008,1000
377.53890542451,1008,1000
377.55037742451,1008,1000
377.55890542451,1008,1000
377.56890542451,1008,1000
377.58129942451,1008,1000
377.58890542451,1008,1000
377.59890542451,1008,1000
377.60890542451,1008,1000
377.61983894997,1008,1000
377.62890542451,1008,1000
377.63890542451,1008,1000
377.64890542451,1008,1000
377.65890542451,1008,1000
377.66890542451,1008,1000
377.67890542451,1008,1000
377.68916547543,1008,1000
377.69890542451,1008,1000
377.70890542451,1008,1000
377.71980542451,1008,1000
377.72890542451,1008,1000
377.73890542451,1008,1000
377.74970642451,1008,1000
377.75890542451,1008,1000
377.76890542451,1008,1000
377.77890542451,1008,1000
377.78966794997,1008,1000
377.79890542451,1008,1000
377.80890542451,1008,1000
377.81890542451,1008,1000
377.82890542451,1008,1000
377.83959442451,1008,1000
377.84890542451,1008,1000
377.85890542451,1008,1000
377.86890542451,1008,1000
377.87890542451,1008,1000
377.88890542451,1008,1000
377.90111551818,1008,1000
377.90890542451,1008,1000
377.91963042451,1008,1000
377.92890542451,1008,1000
377.93890542451,1008,1000
377.94890542451,1008,1000
377.95890542451,1008,1000
377.96921942451,1008,1000
377.97890542451,1008,1000
377.98972042451,1008,1000
377.99959442451,1008,1000
378.00890542451,1008,1000
378.01890542451,1008,1000
378.02890542451,1008,1000
378.03890542451,1008,1000
378.05082851818,1008,1000
378.05917294997,1008,1000
378.06890542451,1008,1000
378.07999942451,1008,1000
378.08976542451,1008,1000
378.09890542451,1008,1000
378.10890542451,1008,1000
378.11957642451,1008,1000
378.12890542451,1008,1000
378.13890542451,1008,1000
378.14938894997,1008,1000
378.15992894997,1008,1000
378.169629065446,1008,1000
378.17890542451,1008,1000
378.18890542451,1008,1000
378.19890542451,1008,1000
378.20890542451,1008,1000
378.21890542451,1008,1000
378.22937247543,1008,1000
378.23890542451,1008,1000
378.24890542451,1008,1000
378.25890542451,1008,1000
378.26890542451,1008,1000
378.27890542451,1008,1000
378.29000842451,1008,1000
378.29890542451,1008,1000
378.30890542451,1008,1000
378.31890542451,1008,1000
378.32890542451,1008,1000
378.33890542451,1008,1000
378.34890542451,1008,1000
378.35925394997,1008,1000
378.37110651818,1008,1000
378.37890542451,1008,1000
378.38890542451,1008,1000
378.39960342451,1008,1000
378.40890542451,1008,1000
378.41890542451,1008,1000
378.430248115606,1008,1000
378.43921942451,1008,1000
378.44890542451,1008,1000
378.45958542451,1008,1000
378.469844180491,1008,1000
378.47890542451,1008,1000
378.4901195691,1008,1000
378.50095451818,1008,1000
378.51094551818,1008,1000
378.519142377823,1008,1000
378.52890542451,1008,1000
378.539931705951,1008,1000
378.54890542451,1008,1000
378.56027009456,1008,1000
378.56947742451,1008,1000
378.57890542451,1008,1000
378.58890542451,1008,1000
378.59890542451,1008,1000
378.61173351818,1008,1000
378.61890542451,1008,1000
378.631404295857,1008,1000
378.63890542451,1008,1000
378.64965242451,1008,1000
378.65890542451,1008,1000
378.66991342451,1008,1000
378.67890542451,1008,1000
378.689246165766,1008,1000
378.699508202187,1008,1000
378.70890542451,1008,1000
378.71890542451,1008,1000
378.72890542451,1008,1000
378.73914994997,1008,1000
378.74890542451,1008,1000
378.75890542451,1008,1000
378.76890542451,1008,1000
378.77890542451,1008,1000
378.79033242451,1008,1000
378.79890542451,1008,1000
378.80890542451,1008,1000
378.81890542451,1008,1000
378.82890542451,1008,1000
378.83890542451,1008,1000
378.84995442451,1008,1000
378.85955094997,1008,1000
378.86890542451,1008,1000
378.87890542451,1008,1000
378.88945442451,1008,1000
378.89890542451,1008,1000
378.90890542451,1008,1000
378.91928994997,1008,1000
378.92890542451,1008,1000
378.93890542451,1008,1000
378.949293215926,1008,1000
378.95890542451,1008,1000
378.96890542451,1008,1000
378.97890542451,1008,1000
378.98890542451,1008,1000
378.99890542451,1008,1000
379.00890542451,1008,1000
379.01890542451,1008,1000
379.02890542451,1008,1000
379.04002789905,1008,1000
379.04980142451,1008,1000
379.06130451818,1008,1000
379.07203051818,1008,1000
379.07951342451,1008,1000
379.089736988993,1008,1000
379.09890542451,1008,1000
379.10921294997,1008,1000
379.12022594997,1008,1000
379.12921942451,1008,1000
379.13890542451,1008,1000
379.14948642451,1008,1000
379.159135514453,1008,1000
379.16890542451,1008,1000
379.17890542451,1008,1000
379.18969647543,1008,1000
379.19890542451,1008,1000
379.209669266086,1008,1000
379.21890542451,1008,1000
379.22890542451,1008,1000
379.23890542451,1008,1000
379.249748811162,1008,1000
379.25890542451,1008,1000
379.26890542451,1008,1000
379.27890542451,1008,1000
379.28979642451,1008,1000
379.29890542451,1008,1000
379.30890542451,1008,1000
379.319192336622,1008,1000
379.32994542451,1008,1000
379.339590300792,1008,1000
379.34890542451,1008,1000
379.35923094997,1008,1000
379.36890542451,1008,1000
379.37953142451,1008,1000
379.38890542451,1008,1000
379.39938894997,1008,1000
379.40890542451,1008,1000
379.41962542451,1008,1000
379.42890542451,1008,1000
379.43955342451,1008,1000
379.44890542451,1008,1000
379.45890542451,1008,1000
379.47128142451,1008,1000
379.47890542451,1008,1000
379.48890542451,1008,1000
379.49890542451,1008,1000
379.51157451818,1008,1000
379.51890542451,1008,1000
379.52890542451,1008,1000
379.53890542451,1008,1000
379.54890542451,1008,1000
379.55890542451,1008,1000
379.56890542451,1008,1000
379.58080204364,1008,1000
379.589578802703,1008,1000
379.59890542451,1008,1000
379.60890542451,1008,1000
379.61890542451,1008,1000
379.62890542451,1008,1000
379.63890542451,1008,1000
379.64890542451,1008,1000
379.65890542451,1008,1000
379.66890542451,1008,1000
379.67890542451,1008,1000
379.68890542451,1008,1000
379.69890542451,1008,1000
379.71404551818,1008,1000
379.71890542451,1008,1000
379.728885366406,1008,1000
379.73890542451,1008,1000
379.74890542451,1008,1000
379.75964842451,1008,1000
379.76960342451,1008,1000
379.78016942451,1008,1000
379.78890542451,1008,1000
379.79890542451,1008,1000
379.80890542451,1008,1000
379.81890542451,1008,1000
379.82890542451,1008,1000
379.83890542451,1008,1000
379.8500025691,1008,1000
379.85890542451,1008,1000
379.86890542451,1008,1000
379.87890542451,1008,1000
379.88890542451,1008,1000
379.89890542451,1008,1000
379.90890542451,1008,1000
379.91933809456,1008,1000
379.92949542451,1008,1000
379.93890542451,1008,1000
379.94890542451,1008,1000
379.95950442451,1008,1000
379.96890542451,1008,1000
379.97955342451,1008,1000
379.988929188764,1008,1000
379.99890542451,1008,1000
380.011105503638,1008,1000
380.01890542451,1008,1000
380.02890542451,1008,1000
380.03890542451,1008,1000
380.050330881977,1008,1000
380.05890542451,1008,1000
380.06890542451,1008,1000
380.07890542451,1008,1000
380.08890542451,1008,1000
380.09890542451,1008,1000
380.111926971341,1008,1000
380.119531407488,1008,1000
380.128905424561,1008,1000
380.139741054947,1008,1000
380.148905424561,1008,1000
380.158905424561,1008,1000
380.168905424612,1008,1000
380.179490877671,1008,1000
380.188938794837,1008,1000
380.198905424612,1008,1000
380.208986580613,1008,1000
380.218905424716,1008,1000
380.228905424716,1008,1000
380.238905424716,1008,1000
380.248905424716,1008,1000
380.258905424716,1008,1000
380.26890542482,1008,1000
380.27971542482,1008,1000
380.28890542482,1008,1000
380.29890542482,1008,1000
380.308905424974,1008,1000
380.31960657008,1008,1000
380.329877424974,1008,1000
380.338905424974,1008,1000
380.348951950744,1008,1000
380.358905424974,1008,1000
380.369063402991,1008,1000
380.378905425128,1008,1000
380.388905425128,1008,1000
380.399185951052,1008,1000
380.408905425328,1008,1000
380.418905425328,1008,1000
380.428905425328,1008,1000
380.438905425328,1008,1000
380.448905425328,1008,1000
380.458905425328,1008,1000
380.469666425528,1008,1000
380.478905425528,1008,1000
380.488905425528,1008,1000
380.498905425528,1008,1000
380.508905425781,1008,1000
380.519661425781,1008,1000
380.529796425781,1008,1000
380.541772519704,1008,1000
380.548924403922,1008,1000
380.558905425781,1008,1000
380.576971426034,1008,1000
380.578905426034,1008,1000
380.588905426034,1008,1000
380.599266952765,1008,1000
380.609219426328,1008,1000
380.618905426328,1008,1000
380.628999573713,1008,1000
380.638905426328,1008,1000
380.649282573966,1008,1000
380.658905426328,1008,1000
380.668905426622,1008,1000
380.679490426622,1008,1000
380.688905426622,1008,1000
380.698905426622,1008,1000
380.708905426965,1008,1000
380.720012426965,1008,1000
380.729327601476,1008,1000
380.739891426965,1008,1000
380.748905426965,1008,1000
380.759724426965,1008,1000
380.769873427308,1008,1000
380.778905427308,1008,1000
380.789437955223,1008,1000
380.798905427308,1008,1000
380.809118955602,1008,1000
380.819738427687,1008,1000
380.829149955602,1008,1000
380.839109955945,1008,1000
380.848905427687,1008,1000
380.858905427687,1008,1000
380.868905428066,1008,1000
380.878905428066,1008,1000
380.889805579389,1008,1000
380.899102484618,1008,1000
380.908905428489,1008,1000
380.918905428489,1008,1000
380.928905428489,1008,1000
380.938905428489,1008,1000
380.948905428489,1008,1000
380.961427108828,1008,1000
380.968905428912,1008,1000
380.978905428912,1008,1000
380.988905428912,1008,1000
380.998905428912,1008,1000
381.008905429375,1008,1000
381.018905429375,1008,1000
381.028905429375,1008,1000
381.038905429375,1008,1000
381.048905429375,1008,1000
381.059570582769,1008,1000
381.068905429838,1008,1000
381.079235960163,1008,1000
381.088905429838,1008,1000
381.098905429838,1008,1000
381.108905430332,1008,1000
381.118905430332,1008,1000
381.128905430332,1008,1000
381.138905430332,1008,1000
381.149294115903,1008,1000
381.159553430332,1008,1000
381.168905430826,1008,1000
381.178905430826,1008,1000
381.189472430826,1008,1000
381.198905430826,1008,1000
381.208905431366,1008,1000
381.218905431366,1008,1000
381.229666431366,1008,1000
381.238905431366,1008,1000
381.249684431366,1008,1000
381.258905431366,1008,1000
381.268905431906,1008,1000
381.278905431906,1008,1000
381.288905431906,1008,1000
381.298905431906,1008,1000
381.310431432474,1008,1000
381.318905432474,1008,1000
381.328905432474,1008,1000
381.339985432474,1008,1000
381.348905432474,1008,1000
381.358905432474,1008,1000
381.371340526712,1008,1000
381.379775966466,1008,1000
381.389904433042,1008,1000
381.398905433042,1008,1000
381.409374967066,1008,1000
381.418905433642,1008,1000
381.428905433642,1008,1000
381.439219433642,1008,1000
381.449066501058,1008,1000
381.459307271754,1008,1000
381.468905434242,1008,1000
381.478905434242,1008,1000
381.489936434242,1008,1000
381.499657434242,1008,1000
381.508905434885,1008,1000
381.518905434885,1008,1000
381.528905434885,1008,1000
381.538905434885,1008,1000
381.548905434885,1008,1000
381.559361970077,1008,1000
381.569747435528,1008,1000
381.579081722317,1008,1000
381.590223601511,1008,1000
381.598905435528,1008,1000
381.608905436217,1008,1000
381.618905436217,1008,1000
381.629477436217,1008,1000
381.639190972695,1008,1000
381.648905436217,1008,1000
381.659649138678,1008,1000
381.668905436906,1008,1000
381.679625436906,1008,1000
381.690148436906,1008,1000
381.699234605599,1008,1000
381.708905437645,1008,1000
381.718905437645,1008,1000
381.728905437645,1008,1000
381.738905437645,1008,1000
381.748905437645,1008,1000
381.759420975501,1008,1000
381.768905438384,1008,1000
381.780587756413,1008,1000
381.788905438384,1008,1000
381.798905438384,1008,1000
381.808905439155,1008,1000
381.818905439155,1008,1000
381.830012439155,1008,1000
381.840072369979,1008,1000
381.849932296518,1008,1000
381.858905439155,1008,1000
381.868905439926,1008,1000
381.878905439926,1008,1000
381.889999439926,1008,1000
381.899410980031,1008,1000
381.91029491168,1008,1000
381.919159838219,1008,1000
381.928905440751,1008,1000
381.939949440751,1008,1000
381.949823440751,1008,1000
381.959226981627,1008,1000
381.968905441576,1008,1000
381.979504454206,1008,1000
381.989585441576,1008,1000
381.998905441576,1008,1000
382.009356984142,1008,1000
382.019221984142,1008,1000
382.029463442441,1008,1000
382.038905442441,1008,1000
382.048905442441,1008,1000
382.058905442441,1008,1000
382.068905443306,1008,1000
382.078905443306,1008,1000
382.088905443306,1008,1000
382.098905443306,1008,1000
382.10890544421,1008,1000
382.11947323818,1008,1000
382.12890544421,1008,1000
382.13984644421,1008,1000
382.14996344421,1008,1000
382.161887082136,1008,1000
382.170449445114,1008,1000
382.179765445114,1008,1000
382.188905445114,1008,1000
382.198905445114,1008,1000
382.209100991231,1008,1000
382.219325991231,1008,1000
382.228905446071,1008,1000
382.242102540698,1008,1000
382.250214631869,1008,1000
382.258905446071,1008,1000
382.269481447028,1008,1000
382.278905447028,1008,1000
382.288905447028,1008,1000
382.298905447028,1008,1000
382.308905448028,1008,1000
382.319469180847,1008,1000
382.328905448028,1008,1000
382.338905448028,1008,1000
382.348905448028,1008,1000
382.358905448028,1008,1000
382.369787770751,1008,1000
382.379484290297,1008,1000
382.388905449028,1008,1000
382.399923107566,1008,1000
382.408905450072,1008,1000
382.418905450072,1008,1000
382.428905450072,1008,1000
382.439042321773,1008,1000
382.449936450072,1008,1000
382.458905450072,1008,1000
382.470253659632,1008,1000
382.480928002138,1008,1000
382.488905451116,1008,1000
382.499567451116,1008,1000
382.5089054522,1008,1000
382.519299003222,1008,1000
382.5289054522,1008,1000
382.540945546954,1008,1000
382.5489054522,1008,1000
382.5589054522,1008,1000
382.568905453284,1008,1000
382.578905453284,1008,1000
382.588905453284,1008,1000
382.598905453284,1008,1000
382.60890545442,1008,1000
382.61890545442,1008,1000
382.62890545442,1008,1000
382.63955345442,1008,1000
382.64890545442,1008,1000
382.65890545442,1008,1000
382.668905455556,1008,1000
382.679684455556,1008,1000
382.689630723645,1008,1000
382.698905455556,1008,1000
382.70890545674,1008,1000
382.71994045674,1008,1000
382.72964845674,1008,1000
382.73890545674,1008,1000
382.74890545674,1008,1000
382.75890545674,1008,1000
382.768905457924,1008,1000
382.778905457924,1008,1000
382.789393015614,1008,1000
382.798905457924,1008,1000
382.808905459144,1008,1000
382.818905459144,1008,1000
382.829855459144,1008,1000
382.839610092832,1008,1000
382.848905459144,1008,1000
382.858905459144,1008,1000
382.869435671782,1008,1000
382.878905460364,1008,1000
382.888905460364,1008,1000
382.899209396285,1008,1000
382.90890546164,1008,1000
382.91890546164,1008,1000
382.92890546164,1008,1000
382.93890546164,1008,1000
382.94997646164,1008,1000
382.958993950476,1008,1000
382.969886462916,1008,1000
382.978905462916,1008,1000
382.988905462916,1008,1000
382.998905462916,1008,1000
383.008905464245,1008,1000
383.019240026835,1008,1000
383.028905464245,1008,1000
383.039087028111,1008,1000
383.049463464245,1008,1000
383.058905464245,1008,1000
383.068905465574,1008,1000
383.078905465574,1008,1000
383.090999559244,1008,1000
383.098905465574,1008,1000
383.108905466959,1008,1000
383.118905466959,1008,1000
383.129975411238,1008,1000
383.138905466959,1008,1000
383.148905466959,1008,1000
383.159085450435,1008,1000
383.168905468344,1008,1000
383.179531468344,1008,1000
383.190819562014,1008,1000
383.199355980532,1008,1000
383.20890546978,1008,1000
383.21993146978,1008,1000
383.22981046978,1008,1000
383.23890546978,1008,1000
383.24890546978,1008,1000
383.260873564886,1008,1000
383.268905471216,1008,1000
383.279531471216,1008,1000
383.289366041946,1008,1000
383.30140356785,1008,1000
383.308905472698,1008,1000
383.318905472698,1008,1000
383.328905472698,1008,1000
383.338905472698,1008,1000
383.348905472698,1008,1000
383.358905472698,1008,1000
383.36921947418,1008,1000
383.37952647418,1008,1000
383.38890547418,1008,1000
383.39890547418,1008,1000
383.409621475707,1008,1000
383.418905475707,1008,1000
383.428905475707,1008,1000
383.438905475707,1008,1000
383.448905475707,1008,1000
383.458905475707,1008,1000
383.468905477234,1008,1000
383.478905477234,1008,1000
383.489985477234,1008,1000
383.498905477234,1008,1000
383.508905478817,1008,1000
383.518905478817,1008,1000
383.528905478817,1008,1000
383.543600494839,1008,1000
383.549666478817,1008,1000
383.559366057001,1008,1000
383.5689054804,1008,1000
383.5789054804,1008,1000
383.5889054804,1008,1000
383.5989054804,1008,1000
383.61050848203,1008,1000
383.61890548203,1008,1000
383.629065903135,1008,1000
383.63890548203,1008,1000
383.64890548203,1008,1000
383.65956748203,1008,1000
383.66890548366,1008,1000
383.67993406664,1008,1000
383.68890548366,1008,1000
383.69955348366,1008,1000
383.708905485337,1008,1000
383.718905485337,1008,1000
383.728905485337,1008,1000
383.738905485337,1008,1000
383.749377652927,1008,1000
383.760505249591,1008,1000
383.768905487014,1008,1000
383.782300580684,1008,1000
383.788905487014,1008,1000
383.799299558086,1008,1000
383.808905488747,1008,1000
383.818905488747,1008,1000
383.83089158415,1008,1000
383.838905488747,1008,1000
383.848905488747,1008,1000
383.858905488747,1008,1000
383.869231527668,1008,1000
383.87890549048,1008,1000
383.88890549048,1008,1000
383.89890549048,1008,1000
383.908905492265,1008,1000
383.918905492265,1008,1000
383.928905492265,1008,1000
383.939220120883,1008,1000
383.949778492265,1008,1000
383.958905492265,1008,1000
383.96890549405,1008,1000
383.97890549405,1008,1000
383.99010749405,1008,1000
383.99890549405,1008,1000
384.009589495891,1008,1000
384.019033089106,1008,1000
384.028905495891,1008,1000
384.038905495891,1008,1000
384.048905495891,1008,1000
384.061721471913,1008,1000
384.068905497732,1008,1000
384.078905497732,1008,1000
384.088905497732,1008,1000
384.098905497732,1008,1000
384.10890549963,1008,1000
384.11890549963,1008,1000
384.129947380141,1008,1000
384.13890549963,1008,1000
384.14890549963,1008,1000
384.15890549963,1008,1000
384.168905501528,1008,1000
384.178905501528,1008,1000
384.190292501528,1008,1000
384.199219982619,1008,1000
384.209531503485,1008,1000
384.218905503485,1008,1000
384.229976503485,1008,1000
384.238905503485,1008,1000
384.248905503485,1008,1000
384.259583105963,1008,1000
384.268905505442,1008,1000
384.278905505442,1008,1000
384.288905505442,1008,1000
384.299321109877,1008,1000
384.309034713983,1008,1000
384.319535507448,1008,1000
384.328905507448,1008,1000
384.338905507448,1008,1000
384.348905507448,1008,1000
384.358905507448,1008,1000
384.368905509454,1008,1000
384.381457603124,1008,1000
384.388905509454,1008,1000
384.398905509454,1008,1000
384.408905511349,1008,1000
384.419146119747,1008,1000
384.429708275603,1008,1000
384.438905511349,1008,1000
384.451105590477,1008,1000
384.458905511349,1008,1000
384.468905513244,1008,1000
384.479651833407,1008,1000
384.488905513244,1008,1000
384.498905513244,1008,1000
384.508905515152,1008,1000
384.518905515152,1008,1000
384.528905515152,1008,1000
384.538905515152,1008,1000
384.548905515152,1008,1000
384.558905515152,1008,1000
384.56890551706,1008,1000
384.57890551706,1008,1000
384.58890551706,1008,1000
384.59890551706,1008,1000
384.608905519045,1008,1000
384.618905519045,1008,1000
384.628905519045,1008,1000
384.638905519045,1008,1000
384.649972519045,1008,1000
384.658905519045,1008,1000
384.66890552103,1008,1000
384.67890552103,1008,1000
384.68890552103,1008,1000
384.69945952103,1008,1000
384.708905523194,1008,1000
384.719227143189,1008,1000
384.728905523194,1008,1000
384.738905523194,1008,1000
384.749963523194,1008,1000
384.759868523194,1008,1000
384.768905525358,1008,1000
384.779918525358,1008,1000
384.789472525358,1008,1000
384.799909525358,1008,1000
384.809558527563,1008,1000
384.819200151707,1008,1000
384.829132151707,1008,1000
384.839863873849,1008,1000
384.849380153871,1008,1000
384.858905527563,1008,1000
384.869173156076,1008,1000
384.878905529768,1008,1000
384.888905529768,1008,1000
384.898905529768,1008,1000
384.909262506824,1008,1000
384.920426786846,1008,1000
384.928905532025,1008,1000
384.938905532025,1008,1000
384.948905532025,1008,1000
384.958905532025,1008,1000
384.968905534282,1008,1000
384.978905534282,1008,1000
384.989636422078,1008,1000
384.998905534282,1008,1000
385.009407936872,1008,1000
385.02136763259,1008,1000
385.028905536601,1008,1000
385.038905536601,1008,1000
385.048905536601,1008,1000
385.059468536601,1008,1000
385.06890553892,1008,1000
385.07965753892,1008,1000
385.08921953892,1008,1000
385.09890553892,1008,1000
385.108905541299,1008,1000
385.119952381376,1008,1000
385.128905541299,1008,1000
385.138905541299,1008,1000
385.148905541299,1008,1000
385.160981637348,1008,1000
385.169814543678,1008,1000
385.178905543678,1008,1000
385.189252026004,1008,1000
385.198905543678,1008,1000
385.209900546102,1008,1000
385.218905546102,1008,1000
385.228905546102,1008,1000
385.23908719073,1008,1000
385.248905546102,1008,1000
385.258905546102,1008,1000
385.268905548526,1008,1000
385.279880195578,1008,1000
385.288905548526,1008,1000
385.298905548526,1008,1000
385.308905550988,1008,1000
385.318905550988,1008,1000
385.328905550988,1008,1000
385.338905550988,1008,1000
385.349179847516,1008,1000
385.358905550988,1008,1000
385.36960355345,1008,1000
385.37890555345,1008,1000
385.38890555345,1008,1000
385.39948655345,1008,1000
385.409594555955,1008,1000
385.418905555955,1008,1000
385.428905555955,1008,1000
385.438905555955,1008,1000
385.448905555955,1008,1000
385.458905555955,1008,1000
385.46890555846,1008,1000
385.47890555846,1008,1000
385.48906981087,1008,1000
385.49890555846,1008,1000
385.509954561009,1008,1000
385.518905561009,1008,1000
385.53002789905,1008,1000
385.539679561009,1008,1000
385.548905561009,1008,1000
385.558905561009,1008,1000
385.568905563558,1008,1000
385.580181225517,1008,1000
385.588905563558,1008,1000
385.599254225517,1008,1000
385.608905566176,1008,1000
385.619044986313,1008,1000
385.628905566176,1008,1000
385.638905566176,1008,1000
385.649372892643,1008,1000
385.658905566176,1008,1000
385.668905568794,1008,1000
385.678905568794,1008,1000
385.688905568794,1008,1000
385.700981667788,1008,1000
385.709742571456,1008,1000
385.719751571456,1008,1000
385.729684571456,1008,1000
385.738905571456,1008,1000
385.748905571456,1008,1000
385.758905571456,1008,1000
385.768905574118,1008,1000
385.779141246524,1008,1000
385.789150246524,1008,1000
385.799504574118,1008,1000
385.811403673196,1008,1000
385.818905576822,1008,1000
385.828905576822,1008,1000
385.838905576822,1008,1000
385.848905576822,1008,1000
385.858905576822,1008,1000
385.868905579526,1008,1000
385.879219579526,1008,1000
385.888905579526,1008,1000
385.898905579526,1008,1000
385.908905582269,1008,1000
385.919477582269,1008,1000
385.928905582269,1008,1000
385.940783678682,1008,1000
385.948905582269,1008,1000
385.959882582269,1008,1000
385.971376678682,1008,1000
385.978905585012,1008,1000
385.989542314579,1008,1000
385.998905585012,1008,1000
386.008905587801,1008,1000
386.019832587801,1008,1000
386.02908327102,1008,1000
386.039219587801,1008,1000
386.048905587801,1008,1000
386.058905587801,1008,1000
386.07094568426,1008,1000
386.079640128801,1008,1000
386.089150279341,1008,1000
386.100383169222,1008,1000
386.108905593439,1008,1000
386.118905593439,1008,1000
386.128905593439,1008,1000
386.138905593439,1008,1000
386.149945593439,1008,1000
386.159747593439,1008,1000
386.16966486646,1008,1000
386.178905596288,1008,1000
386.191607689958,1008,1000
386.199299290677,1008,1000
386.208905599185,1008,1000
386.219200293574,1008,1000
386.228993437297,1008,1000
386.238905599185,1008,1000
386.254612695752,1008,1000
386.258905599185,1008,1000
386.271818784617,1008,1000
386.278905602082,1008,1000
386.288905602082,1008,1000
386.298905602082,1008,1000
386.308905605036,1008,1000
386.319219605036,1008,1000
386.32942753221,1008,1000
386.338905605036,1008,1000
386.348905605036,1008,1000
386.359661605036,1008,1000
386.36890560799,1008,1000
386.37890560799,1008,1000
386.38955860799,1008,1000
386.401826610994,1008,1000
386.408905610994,1008,1000
386.42143231698,1008,1000
386.428905610994,1008,1000
386.438905610994,1008,1000
386.448905610994,1008,1000
386.458905610994,1008,1000
386.468905613998,1008,1000
386.478905613998,1008,1000
386.488905613998,1008,1000
386.498905613998,1008,1000
386.508905617045,1008,1000
386.519769617045,1008,1000
386.528905617045,1008,1000
386.538905617045,1008,1000
386.549828617045,1008,1000
386.559936617045,1008,1000
386.568905620092,1008,1000
386.580467620092,1008,1000
386.589294588421,1008,1000
386.598905620092,1008,1000
386.609293598885,1008,1000
386.619191341194,1008,1000
386.629493979421,1008,1000
386.638905623199,1008,1000
386.654092453483,1008,1000
386.658905623199,1008,1000
386.669463626306,1008,1000
386.681160719976,1008,1000
386.689895626306,1008,1000
386.698905626306,1008,1000
386.708905629463,1008,1000
386.718905629463,1008,1000
386.728905629463,1008,1000
386.738905629463,1008,1000
386.749800629463,1008,1000
386.759123356719,1008,1000
386.76890563262,1008,1000
386.77985963262,1008,1000
386.78996363262,1008,1000
386.804526635818,1008,1000
386.808905635818,1008,1000
386.823357199867,1008,1000
386.828905635818,1008,1000
386.841083635818,1008,1000
386.849312369388,1008,1000
386.859200369388,1008,1000
386.869603524062,1008,1000
386.878916124511,1008,1000
386.889458106197,1008,1000
386.899675639016,1008,1000
386.90890564226,1008,1000
386.91967064226,1008,1000
386.92982364226,1008,1000
386.93890564226,1008,1000
386.94890564226,1008,1000
386.96000364226,1008,1000
386.968905645504,1008,1000
386.978905645504,1008,1000
386.988905645504,1008,1000
387.000100388714,1008,1000
387.008905648809,1008,1000
387.018905648809,1008,1000
387.029258392019,1008,1000
387.038905648809,1008,1000
387.048905648809,1008,1000
387.058905648809,1008,1000
387.070927745784,1008,1000
387.078905652114,1008,1000
387.091871652114,1008,1000
387.099481652114,1008,1000
387.108956708051,1008,1000
387.119783655413,1008,1000
387.129715655413,1008,1000
387.138905655413,1008,1000
387.149877655413,1008,1000
387.158905655413,1008,1000
387.168905658712,1008,1000
387.178905658712,1008,1000
387.188993496824,1008,1000
387.202214278415,1008,1000
387.208905662048,1008,1000
387.219330418411,1008,1000
387.229679881081,1008,1000
387.238905662048,1008,1000
387.248905662048,1008,1000
387.259517662048,1008,1000
387.269994184745,1008,1000
387.284757297785,1008,1000
387.288905665384,1008,1000
387.302019165511,1008,1000
387.309594668727,1008,1000
387.318905668727,1008,1000
387.328905668727,1008,1000
387.339302954422,1008,1000
387.349828668727,1008,1000
387.358905668727,1008,1000
387.373614938531,1008,1000
387.37890567207,1008,1000
387.38958967207,1008,1000
387.39977867207,1008,1000
387.408905675432,1008,1000
387.419056445109,1008,1000
387.429981675432,1008,1000
387.438905675432,1008,1000
387.448905675432,1008,1000
387.458905675432,1008,1000
387.469006451814,1008,1000
387.478905678794,1008,1000
387.491944772464,1008,1000
387.499920455176,1008,1000
387.508905682145,1008,1000
387.518905682145,1008,1000
387.528905682145,1008,1000
387.538905682145,1008,1000
387.548905682145,1008,1000
387.559895682145,1008,1000
387.569202241622,1008,1000
387.578905685496,1008,1000
387.588905685496,1008,1000
387.598905685496,1008,1000
387.608905688863,1008,1000
387.618905688863,1008,1000
387.629485078307,1008,1000
387.638905688863,1008,1000
387.649534931552,1008,1000
387.658905688863,1008,1000
387.66890569223,1008,1000
387.67890569223,1008,1000
387.68964369223,1008,1000
387.69969369223,1008,1000
387.70890569562,1008,1000
387.71890569562,1008,1000
387.73141279268,1008,1000
387.739750756121,1008,1000
387.749252031732,1008,1000
387.75890569562,1008,1000
387.76991869901,1008,1000
387.77890569901,1008,1000
387.78890569901,1008,1000
387.79921969901,1008,1000
387.809068559459,1008,1000
387.818905702388,1008,1000
387.828905702388,1008,1000
387.841295799436,1008,1000
387.849792702388,1008,1000
387.858905702388,1008,1000
387.869864705766,1008,1000
387.878905705766,1008,1000
387.888905705766,1008,1000
387.898905705766,1008,1000
387.909219709172,1008,1000
387.91992551251,1008,1000
387.928905709172,1008,1000
387.940522295496,1008,1000
387.948905709172,1008,1000
387.958905709172,1008,1000
387.968905712578,1008,1000
387.981178806248,1008,1000
387.990828806248,1008,1000
387.998905712578,1008,1000
388.009723112433,1008,1000
388.018905715987,1008,1000
388.028905715987,1008,1000
388.039594715987,1008,1000
388.049219715987,1008,1000
388.058905715987,1008,1000
388.069418440122,1008,1000
388.080215932779,1008,1000
388.089918719396,1008,1000
388.100436722826,1008,1000
388.109535722826,1008,1000
388.118905722826,1008,1000
388.129445453779,1008,1000
388.138905722826,1008,1000
388.149677756555,1008,1000
388.16002789905,1008,1000
388.169817550032,1008,1000
388.178905726256,1008,1000
388.190882070708,1008,1000
388.198905726256,1008,1000
388.211733826786,1008,1000
388.218905729686,1008,1000
388.229217168246,1008,1000
388.240243917926,1008,1000
388.249481729686,1008,1000
388.261864901344,1008,1000
388.268995186561,1008,1000
388.279495733116,1008,1000
388.288905733116,1008,1000
388.298905733116,1008,1000
388.310196755433,1008,1000
388.319756736557,1008,1000
388.329661736557,1008,1000
388.339954736557,1008,1000
388.348905736557,1008,1000
388.358905736557,1008,1000
388.3694455018,1008,1000
388.380383596381,1008,1000
388.389092577505,1008,1000
388.398905739998,1008,1000
388.409245580942,1008,1000
388.419927743435,1008,1000
388.428905743435,1008,1000
388.438905743435,1008,1000
388.450507440766,1008,1000
388.458905743435,1008,1000
388.468905746872,1008,1000
388.479463746872,1008,1000
388.489371591257,1008,1000
388.499729746872,1008,1000
388.508924728208,1008,1000
388.519744292036,1008,1000
388.532929627113,1008,1000
388.54050375032,1008,1000
388.54890575032,1008,1000
388.55971575032,1008,1000
388.57013260159,1008,1000
388.578905753768,1008,1000
388.590048146754,1008,1000
388.601431696356,1008,1000
388.610999854348,1008,1000
388.618925528747,1008,1000
388.628907608493,1008,1000
388.639360459763,1008,1000
388.648905757223,1008,1000
388.659294004927,1008,1000
388.669535602686,1008,1000
388.678905760678,1008,1000
388.692983854348,1008,1000
388.701978428895,1008,1000
388.709810280165,1008,1000
388.718905764154,1008,1000
388.73002789905,1008,1000
388.740675168414,1008,1000
388.748905764154,1008,1000
388.759219764154,1008,1000
388.76890576763,1008,1000
388.779200148745,1008,1000
388.78890576763,1008,1000
388.799326632734,1008,1000
388.810110040472,1008,1000
388.819760771108,1008,1000
388.828905771108,1008,1000
388.838905771108,1008,1000
388.848905771108,1008,1000
388.858905771108,1008,1000
388.869805774586,1008,1000
388.879562916008,1008,1000
388.891229646644,1008,1000
388.898905774586,1008,1000
388.908905778076,1008,1000
388.919553778076,1008,1000
388.928905778076,1008,1000
388.939105653612,1008,1000
388.949598778076,1008,1000
388.959558778076,1008,1000
388.968905781566,1008,1000
388.981574875236,1008,1000
388.988905781566,1008,1000
388.998905781566,1008,1000
389.009282561153,1008,1000
389.018905785056,1008,1000
389.029814785056,1008,1000
389.038905785056,1008,1000
389.049219785056,1008,1000
389.058905785056,1008,1000
389.068905788546,1008,1000
389.081062882216,1008,1000
389.088905788546,1008,1000
389.099006674552,1008,1000
389.11081988925,1008,1000
389.118905792063,1008,1000
389.13144888925,1008,1000
389.139527864847,1008,1000
389.148905792063,1008,1000
389.160222726902,1008,1000
389.16949079558,1008,1000
389.17890579558,1008,1000
389.18983279558,1008,1000
389.19921979558,1008,1000
389.208905799112,1008,1000
389.218905799112,1008,1000
389.230999896314,1008,1000
389.238905799112,1008,1000
389.249958799112,1008,1000
389.259897695642,1008,1000
389.270427802644,1008,1000
389.280008802644,1008,1000
389.288905802644,1008,1000
389.298905802644,1008,1000
389.313202907726,1008,1000
389.319348706243,1008,1000
389.329782602773,1008,1000
389.341635709775,1008,1000
389.349245709775,1008,1000
389.358905806181,1008,1000
389.368905809718,1008,1000
389.380963903388,1008,1000
389.391026903388,1008,1000
389.400063513441,1008,1000
389.408905813246,1008,1000
389.419252623971,1008,1000
389.429936813246,1008,1000
389.439418728252,1008,1000
389.448905813246,1008,1000
389.458905813246,1008,1000
389.469291431165,1008,1000
389.478905816774,1008,1000
389.491466816774,1008,1000
389.50160171062,1008,1000
389.51172782032,1008,1000
389.51976074591,1008,1000
389.52975682032,1008,1000
389.53890582032,1008,1000
389.553702917536,1008,1000
389.55985582032,1008,1000
389.56963361695,1008,1000
389.581151917536,1008,1000
389.589771670726,1008,1000
389.600082745136,1008,1000
389.609803216286,1008,1000
389.621977010778,1008,1000
389.629395286444,1008,1000
389.638905827427,1008,1000
389.649219827427,1008,1000
389.660079599103,1008,1000
389.669436677074,1008,1000
389.679157148224,1008,1000
389.691240942716,1008,1000
389.698905830988,1008,1000
389.708905834558,1008,1000
389.719913834558,1008,1000
389.730275534611,1008,1000
389.738905834558,1008,1000
389.751529931798,1008,1000
389.759621834558,1008,1000
389.769936838128,1008,1000
389.778905838128,1008,1000
389.789357773636,1008,1000
389.799719473689,1008,1000
389.809814841698,1008,1000
389.821108874446,1008,1000
389.830828938938,1008,1000
389.839308780776,1008,1000
389.848905841698,1008,1000
389.858905841698,1008,1000
389.870257419907,1008,1000
389.879105787916,1008,1000
389.888905845268,1008,1000
389.898905845268,1008,1000
389.90890584885,1008,1000
389.921178946102,1008,1000
389.931160946102,1008,1000
389.940147369707,1008,1000
389.951529946102,1008,1000
389.961467946102,1008,1000
389.968905852432,1008,1000
389.979639852432,1008,1000
389.990918946102,1008,1000
390.000801953276,1008,1000
390.009456326676,1008,1000
390.01941377029,1008,1000
390.029544164788,1008,1000
390.039594856019,1008,1000
390.048905856019,1008,1000
390.058905856019,1008,1000
390.068905859606,1008,1000
390.080792953276,1008,1000
390.088905859606,1008,1000
390.098905859606,1008,1000
390.108905863189,1008,1000
390.118905863189,1008,1000
390.128905863189,1008,1000
390.141670960442,1008,1000
390.149648863189,1008,1000
390.158905863189,1008,1000
390.169571866772,1008,1000
390.179219866772,1008,1000
390.189273563317,1008,1000
390.198905866772,1008,1000
390.208905870372,1008,1000
390.218905870372,1008,1000
390.228905870372,1008,1000
390.238905870372,1008,1000
390.249226335942,1008,1000
390.258905870372,1008,1000
390.268905873972,1008,1000
390.279253827633,1008,1000
390.288905873972,1008,1000
390.301569877602,1008,1000
390.308905877602,1008,1000
390.321466974902,1008,1000
390.328905877602,1008,1000
390.338905877602,1008,1000
390.356632974902,1008,1000
390.358905877602,1008,1000
390.376471974902,1008,1000
390.380003881232,1008,1000
390.389219881232,1008,1000
390.398905881232,1008,1000
390.410224884867,1008,1000
390.420208884867,1008,1000
390.429792884867,1008,1000
390.439219884867,1008,1000
390.449474867049,1008,1000
390.461439982172,1008,1000
390.469985888502,1008,1000
390.479668874319,1008,1000
390.489472874319,1008,1000
390.499083874319,1008,1000
390.511259989448,1008,1000
390.520819989448,1008,1000
390.52980089214,1008,1000
390.539438881592,1008,1000
390.54890589214,1008,1000
390.55958989214,1008,1000
390.568905895778,1008,1000
390.579219895778,1008,1000
390.589684895778,1008,1000
390.601800892503,1008,1000
390.610332881955,1008,1000
390.618905899413,1008,1000
390.629855899413,1008,1000
390.638905899413,1008,1000
390.649837899413,1008,1000
390.660158299091,1008,1000
390.669932098861,1008,1000
390.680936996718,1008,1000
390.688905903048,1008,1000
390.701539109703,1008,1000
390.7089059067,1008,1000
390.720366907063,1008,1000
390.732013004022,1008,1000
390.739394106511,1008,1000
390.7497119067,1008,1000
390.7605489067,1008,1000
390.769562016033,1008,1000
390.779945910352,1008,1000
390.791242004022,1008,1000
390.799113946143,1008,1000
390.80962591399,1008,1000
390.821314011298,1008,1000
390.82994792164,1008,1000
390.841446011298,1008,1000
390.849326925292,1008,1000
390.86025991399,1008,1000
390.868905917628,1008,1000
390.878905917628,1008,1000
390.889219917628,1008,1000
390.899711940218,1008,1000
390.908905921274,1008,1000
390.920164464906,1008,1000
390.929451936214,1008,1000
390.946056921274,1008,1000
390.949459921274,1008,1000
390.96352001859,1008,1000
390.96965792492,1008,1000
390.97976992492,1008,1000
390.989617490776,1008,1000
391.001549025936,1008,1000
391.008905928593,1008,1000
391.018905928593,1008,1000
391.032366928593,1008,1000
391.039711928593,1008,1000
391.049222954463,1008,1000
391.05908900726,1008,1000
391.069517932266,1008,1000
391.078905932266,1008,1000
391.088905932266,1008,1000
391.101574066536,1008,1000
391.108905935958,1008,1000
391.118905935958,1008,1000
391.129562935958,1008,1000
391.138905935958,1008,1000
391.148905935958,1008,1000
391.159972935958,1008,1000
391.170973107136,1008,1000
391.18119703332,1008,1000
391.18890593965,1008,1000
391.203648943346,1008,1000
391.212672040712,1008,1000
391.218905943346,1008,1000
391.229299980254,1008,1000
391.238905943346,1008,1000
391.249219943346,1008,1000
391.260129943346,1008,1000
391.269981389165,1008,1000
391.280145947042,1008,1000
391.289472947042,1008,1000
391.300982048108,1008,1000
391.30966695074,1008,1000
391.31890595074,1008,1000
391.330172995036,1008,1000
391.340946048108,1008,1000
391.350053998732,1008,1000
391.35890595074,1008,1000
391.368905954438,1008,1000
391.378905954438,1008,1000
391.390840954438,1008,1000
391.400388450119,1008,1000
391.408905958148,1008,1000
391.41931805783,1008,1000
391.428905958148,1008,1000
391.439625537636,1008,1000
391.449706958148,1008,1000
391.458905958148,1008,1000
391.469751512927,1008,1000
391.478905961858,1008,1000
391.488905961858,1008,1000
391.498905961858,1008,1000
391.508905965566,1008,1000
391.52348612946,1008,1000
391.528905965566,1008,1000
391.539123579443,1008,1000
391.549922965566,1008,1000
391.558905965566,1008,1000
391.571770062944,1008,1000
391.580954969274,1008,1000
391.590829062944,1008,1000
391.601278070394,1008,1000
391.609594972999,1008,1000
391.621395070394,1008,1000
391.639145053873,1008,1000
391.639733225217,1008,1000
391.650957043223,1008,1000
391.658905972999,1008,1000
391.672159070394,1008,1000
391.678905976724,1008,1000
391.689219976724,1008,1000
391.702801963919,1008,1000
391.709825306607,1008,1000
391.71890598044,1008,1000
391.732064435378,1008,1000
391.74018198044,1008,1000
391.74890598044,1008,1000
391.75890598044,1008,1000
391.769783984156,1008,1000
391.780187391713,1008,1000
391.788905984156,1008,1000
391.800033341708,1008,1000
391.809392069286,1008,1000
391.820080987896,1008,1000
391.831594085306,1008,1000
391.839129073002,1008,1000
391.849559480559,1008,1000
391.860003987896,1008,1000
391.870031434294,1008,1000
391.878905991636,1008,1000
391.893395080482,1008,1000
391.900885181608,1008,1000
391.908905995352,1008,1000
391.918905995352,1008,1000
391.929250084198,1008,1000
391.944718530596,1008,1000
391.949841995352,1008,1000
391.959116693759,1008,1000
391.968905999068,1008,1000
391.980116985904,1008,1000
391.989801999068,1008,1000
392.003793301322,1008,1000
392.009932002792,1008,1000
392.020137099094,1008,1000
392.029631002792,1008,1000
392.041425553425,1008,1000
392.049534089646,1008,1000
392.06096510281,1008,1000
392.070784100186,1008,1000
392.081746100186,1008,1000
392.09036920656,1008,1000
392.098906006516,1008,1000
392.109448463485,1008,1000
392.119469010246,1008,1000
392.128906010246,1008,1000
392.138906010246,1008,1000
392.149220010246,1008,1000
392.159750317756,1008,1000
392.170527013976,1008,1000
392.179878013976,1008,1000
392.189752013976,1008,1000
392.198906013976,1008,1000
392.212008115148,1008,1000
392.222489115148,1008,1000
392.231476115148,1008,1000
392.239782132653,1008,1000
392.250213132653,1008,1000
392.259223132653,1008,1000
392.273005331246,1008,1000
392.281087160219,1008,1000
392.289220021478,1008,1000
392.300920241331,1008,1000
392.311215122658,1008,1000
392.319675258836,1008,1000
392.332606122658,1008,1000
392.342772464939,1008,1000
392.349047070304,1008,1000
392.359635025233,1008,1000
392.368906028988,1008,1000
392.381823122658,1008,1000
392.391512122658,1008,1000
392.399220028988,1008,1000
392.411869130134,1008,1000
392.419460032726,1008,1000
392.429851032726,1008,1000
392.439928032726,1008,1000
392.449220032726,1008,1000
392.462275256334,1008,1000
392.469590036464,1008,1000
392.479559036464,1008,1000
392.490903036464,1008,1000
392.50138613763,1008,1000
392.511441412468,1008,1000
392.518906040212,1008,1000
392.529496040212,1008,1000
392.539757040212,1008,1000
392.550961271296,1008,1000
392.56088313763,1008,1000
392.57279728254,1008,1000
392.58321513763,1008,1000
392.59091628254,1008,1000
392.59890604396,1008,1000
392.609084188874,1008,1000
392.619640047712,1008,1000
392.628906047712,1008,1000
392.638906047712,1008,1000
392.649676047712,1008,1000
392.665039391218,1008,1000
392.670066777851,1008,1000
392.679802051464,1008,1000
392.690013051464,1008,1000
392.698906051464,1008,1000
392.712471152668,1008,1000
392.719842055231,1008,1000
392.730938301315,1008,1000
392.739393934032,1008,1000
392.749228207645,1008,1000
392.759430207645,1008,1000
392.768906058998,1008,1000
392.792876152668,1008,1000
392.798906058998,1008,1000
392.808906062783,1008,1000
392.821018160238,1008,1000
392.829892062783,1008,1000
392.838906062783,1008,1000
392.849220062783,1008,1000
392.866562160238,1008,1000
392.871473160238,1008,1000
392.879878066568,1008,1000
392.888906066568,1008,1000
392.900268234062,1008,1000
392.908906070329,1008,1000
392.920450070329,1008,1000
392.94331116776,1008,1000
392.94749243647,1008,1000
392.94972370518,1008,1000
392.958906070329,1008,1000
392.975728438191,1008,1000
392.9814483428,1008,1000
392.99137716776,1008,1000
392.99999007409,1008,1000
393.010092077868,1008,1000
393.019077883998,1008,1000
393.028906077868,1008,1000
393.038906077868,1008,1000
393.049516252908,1008,1000
393.061063346578,1008,1000
393.070784175316,1008,1000
393.081922175316,1008,1000
393.088906081646,1008,1000
393.098906081646,1008,1000
393.112596085429,1008,1000
393.118906085429,1008,1000
393.130811182882,1008,1000
393.138906085429,1008,1000
393.154514558393,1008,1000
393.159487085429,1008,1000
393.168906089212,1008,1000
393.182891182882,1008,1000
393.189946089212,1008,1000
393.199838089212,1008,1000
393.208906093,1008,1000
393.220462468511,1008,1000
393.229550093,1008,1000
393.238906093,1008,1000
393.248906093,1008,1000
393.259759283162,1008,1000
393.26903028695,1008,1000
393.296207481866,1008,1000
393.299929773274,1008,1000
393.300617068472,1008,1000
393.308906100578,1008,1000
393.319500585936,1008,1000
393.32914948469,1008,1000
393.339995100578,1008,1000
393.350919198038,1008,1000
393.37555627379,1008,1000
393.376351572778,1008,1000
393.378906104368,1008,1000
393.388906104368,1008,1000
393.400117104368,1008,1000
393.409340309696,1008,1000
393.418906108168,1008,1000
393.429640108168,1008,1000
393.438906108168,1008,1000
393.448906108168,1008,1000
393.459680108168,1008,1000
393.469480317286,1008,1000
393.479662111968,1008,1000
393.489919111968,1008,1000
393.498906111968,1008,1000
393.511858115792,1008,1000
393.519667115792,1008,1000
393.528906115792,1008,1000
393.538906115792,1008,1000
393.549779115792,1008,1000
393.55913832871,1008,1000
393.568906119616,1008,1000
393.578906119616,1008,1000
393.588906119616,1008,1000
393.599658119616,1008,1000
393.608906123427,1008,1000
393.620982220908,1008,1000
393.633008220908,1008,1000
393.639662123427,1008,1000
393.648906123427,1008,1000
393.659595123427,1008,1000
393.668906127238,1008,1000
393.678906127238,1008,1000
393.691054220908,1008,1000
393.698906127238,1008,1000
393.713962755274,1008,1000
393.719860131074,1008,1000
393.73002789905,1008,1000
393.740004131074,1008,1000
393.750252131074,1008,1000
393.759876631886,1008,1000
393.76964913491,1008,1000
393.77890613491,1008,1000
393.789277366934,1008,1000
393.799214366934,1008,1000
393.809295370784,1008,1000
393.822225708014,1008,1000
393.830108871596,1008,1000
393.83994113876,1008,1000
393.85519713876,1008,1000
393.85890613876,1008,1000
393.86890614261,1008,1000
393.87890614261,1008,1000
393.89088323628,1008,1000
393.903543463912,1008,1000
393.909984386162,1008,1000
393.918906146452,1008,1000
393.929559146452,1008,1000
393.941309146452,1008,1000
393.948906146452,1008,1000
393.960009146452,1008,1000
393.970910243964,1008,1000
393.982695637406,1008,1000
393.991431243964,1008,1000
393.998906150294,1008,1000
394.00890615412,1008,1000
394.024203506686,1008,1000
394.030128401522,1008,1000
394.044630499034,1008,1000
394.053743604182,1008,1000
394.05922015412,1008,1000
394.071036240938,1008,1000
394.078906157946,1008,1000
394.090219413016,1008,1000
394.099365660418,1008,1000
394.111791259304,1008,1000
394.121063514356,1008,1000
394.12922016179,1008,1000
394.142774259304,1008,1000
394.14890616179,1008,1000
394.16245403601,1008,1000
394.169815165634,1008,1000
394.201661432237,1008,1000
394.209918792491,1008,1000
394.211696160471,1008,1000
394.224826101007,1008,1000
394.229940946203,1008,1000
394.24293626703,1008,1000
394.249770169497,1008,1000
394.258906169497,1008,1000
394.26890617336,1008,1000
394.279111066801,1008,1000
394.28979717336,1008,1000
394.300326224386,1008,1000
394.310009177233,1008,1000
394.324109274776,1008,1000
394.328906177233,1008,1000
394.338906177233,1008,1000
394.348906177233,1008,1000
394.365635202995,1008,1000
394.370423506442,1008,1000
394.385912459289,1008,1000
394.389220181106,1008,1000
394.398906181106,1008,1000
394.414403560707,1008,1000
394.419869184981,1008,1000
394.4328801132,1008,1000
394.440991282526,1008,1000
394.449560812482,1008,1000
394.459946184981,1008,1000
394.474472118544,1008,1000
394.479874188856,1008,1000
394.492942666002,1008,1000
394.498906188856,1008,1000
394.508906192742,1008,1000
394.519604192742,1008,1000
394.529876478673,1008,1000
394.539694192742,1008,1000
394.550358482548,1008,1000
394.559954192742,1008,1000
394.573829587876,1008,1000
394.5854495495,1008,1000
394.591557290298,1008,1000
394.600198776251,1008,1000
394.608906200514,1008,1000
394.622309183032,1008,1000
394.63080229807,1008,1000
394.639498498092,1008,1000
394.652813200514,1008,1000
394.659220200514,1008,1000
394.669508081601,1008,1000
394.68312269709,1008,1000
394.69208329807,1008,1000
394.704550305838,1008,1000
394.708906208284,1008,1000
394.718906208284,1008,1000
394.731116305838,1008,1000
394.739824208284,1008,1000
394.751198607304,1008,1000
394.761675305838,1008,1000
394.769220212168,1008,1000
394.782097305838,1008,1000
394.789892212168,1008,1000
394.799220212168,1008,1000
394.811106295182,1008,1000
394.82163931361,1008,1000
394.829590216054,1008,1000
394.84134131361,1008,1000
394.849220216054,1008,1000
394.859228529172,1008,1000
394.87094631361,1008,1000
394.87890621994,1008,1000
394.89219104906,1008,1000
394.89962221994,1008,1000
394.911891321428,1008,1000
394.919653223849,1008,1000
394.929527223849,1008,1000
394.938906223849,1008,1000
394.949854544739,1008,1000
394.961554373859,1008,1000
394.969950227758,1008,1000
394.984546321428,1008,1000
394.988906227758,1008,1000
394.999968974935,1008,1000
395.009662231642,1008,1000
395.019280877331,1008,1000
395.028906231642,1008,1000
395.04021356035,1008,1000
395.049220231642,1008,1000
395.0615531615,1008,1000
395.071305329196,1008,1000
395.079568235526,1008,1000
395.091918329196,1008,1000
395.098906235526,1008,1000
395.110352286078,1008,1000
395.120347173637,1008,1000
395.13016607175,1008,1000
395.142670677432,1008,1000
395.148906239446,1008,1000
395.161144337036,1008,1000
395.169975579842,1008,1000
395.195231337036,1008,1000
395.195828775022,1008,1000
395.200308419998,1008,1000
395.212100587694,1008,1000
395.218906247298,1008,1000
395.229577247298,1008,1000
395.23977592809,1008,1000
395.2548023449,1008,1000
395.259220247298,1008,1000
395.275099772178,1008,1000
395.285940385724,1008,1000
395.29719428058,1008,1000
395.29890625123,1008,1000
395.309076284206,1008,1000
395.319220255166,1008,1000
395.328906255166,1008,1000
395.338906255166,1008,1000
395.349851255166,1008,1000
395.358906255166,1008,1000
395.369959259102,1008,1000
395.379469259102,1008,1000
395.397949352772,1008,1000
395.399707259102,1008,1000
395.409950263054,1008,1000
395.41909761917,1008,1000
395.429505263054,1008,1000
395.446476007984,1008,1000
395.453179186306,1008,1000
395.461903263054,1008,1000
395.468906267006,1008,1000
395.482042360676,1008,1000
395.489586267006,1008,1000
395.504218368528,1008,1000
395.525146838006,1008,1000
395.525780307484,1008,1000
395.528906270932,1008,1000
395.538906270932,1008,1000
395.551234732558,1008,1000
395.563378732558,1008,1000
395.571282274858,1008,1000
395.584142368528,1008,1000
395.590802368528,1008,1000
395.599671274858,1008,1000
395.612966376392,1008,1000
395.61890627879,1008,1000
395.634158376392,1008,1000
395.63890627879,1008,1000
395.64946927879,1008,1000
395.65998227879,1008,1000
395.685666376392,1008,1000
395.687024853734,1008,1000
395.693436760064,1008,1000
395.70497424137,1008,1000
395.712774771956,1008,1000
395.722722257226,1008,1000
395.73394238432,1008,1000
395.74337638432,1008,1000
395.754664771956,1008,1000
395.762569670358,1008,1000
395.77083838432,1008,1000
395.794400190172,1008,1000
395.795033675442,1008,1000
395.803935779886,1008,1000
395.811675392252,1008,1000
395.820815682252,1008,1000
395.834928551194,1008,1000
395.838906294616,1008,1000
395.849455294616,1008,1000
395.859845815667,1008,1000
395.870000298582,1008,1000
395.880252298582,1008,1000
395.891878392252,1008,1000
395.898906298582,1008,1000
395.911490316866,1008,1000
395.918906302554,1008,1000
395.938378720317,1008,1000
395.945820901342,1008,1000
395.949696702086,1008,1000
395.962930400196,1008,1000
395.971395400196,1008,1000
395.978906306526,1008,1000
396.0064286306,1008,1000
396.014118811625,1008,1000
396.018906310479,1008,1000
396.029774310479,1008,1000
396.044733819531,1008,1000
396.049878310479,1008,1000
396.064460408102,1008,1000
396.068906314432,1008,1000
396.079731149955,1008,1000
396.089514314432,1008,1000
396.099746056399,1008,1000
396.110006729828,1008,1000
396.122278416036,1008,1000
396.129900318399,1008,1000
396.159710966994,1008,1000
396.171593416036,1008,1000
396.174185933022,1008,1000
396.174729450008,1008,1000
396.18002789905,1008,1000
396.190229322366,1008,1000
396.201161423982,1008,1000
396.228514423982,1008,1000
396.230034948914,1008,1000
396.231294473846,1008,1000
396.239220326339,1008,1000
396.249219580433,1008,1000
396.259529749655,1008,1000
396.269220330312,1008,1000
396.282071423982,1008,1000
396.289810330312,1008,1000
396.302575431978,1008,1000
396.31397933431,1008,1000
396.324713867238,1008,1000
396.32890633431,1008,1000
396.341806431978,1008,1000
396.373549964906,1008,1000
396.376263497834,1008,1000
396.385293431978,1008,1000
396.398807431978,1008,1000
396.401680439912,1008,1000
396.409550342275,1008,1000
396.418906342275,1008,1000
396.431892875203,1008,1000
396.443525408131,1008,1000
396.449220342275,1008,1000
396.459534342275,1008,1000
396.469055398438,1008,1000
396.481440894736,1008,1000
396.494874887104,1008,1000
396.499435968828,1008,1000
396.51127944789,1008,1000
396.537078308757,1008,1000
396.57012199673,1008,1000
396.57479054557,1008,1000
396.57651809441,1008,1000
396.57832664325,1008,1000
396.58018019209,1008,1000
396.58890635422,1008,1000
396.603560455908,1008,1000
396.618442406518,1008,1000
396.625089915087,1008,1000
396.632085455908,1008,1000
396.639458455909,1008,1000
396.651770455908,1008,1000
396.660847455908,1008,1000
396.670323362238,1008,1000
396.697570983422,1008,1000
396.69837554028,1008,1000
396.703291226806,1008,1000
396.708906366226,1008,1000
396.719874950766,1008,1000
396.731495463884,1008,1000
396.742647463884,1008,1000
396.769869114626,1008,1000
396.772383244294,1008,1000
396.773187809128,1008,1000
396.781125463884,1008,1000
396.78998542193,1008,1000
396.799500370214,1008,1000
396.833853330451,1008,1000
396.837056460119,1008,1000
396.839106589787,1008,1000
396.839767162615,1008,1000
396.852242044706,1008,1000
396.860113897091,1008,1000
396.869613378208,1008,1000
396.878906378208,1008,1000
396.892489471878,1008,1000
396.901513479858,1008,1000
396.915262479858,1008,1000
396.922108527854,1008,1000
396.930152380239,1008,1000
396.939568382198,1008,1000
396.949604382198,1008,1000
396.967378479858,1008,1000
396.970405386188,1008,1000
396.982989479858,1008,1000
396.993009222282,1008,1000
397.001048758976,1008,1000
397.01829848787,1008,1000
397.02150348787,1008,1000
397.030360390194,1008,1000
397.04301248787,1008,1000
397.05998855181,1008,1000
397.063637713426,1008,1000
397.07181848787,1008,1000
397.0801193942,1008,1000
397.09256398302,1008,1000
397.102090486164,1008,1000
397.112620531148,1008,1000
397.1205673982,1008,1000
397.129345107678,1008,1000
397.139780215971,1008,1000
397.15427349017,1008,1000
397.1595003982,1008,1000
397.18979590135,1008,1000
397.191969626003,1008,1000
397.19283509499,1008,1000
397.211350503908,1008,1000
397.214826713624,1008,1000
397.221999400519,1008,1000
397.231904502189,1008,1000
397.238906406219,1008,1000
397.257093011077,1008,1000
397.259177408519,1008,1000
397.271880015096,1008,1000
397.284861525922,1008,1000
397.288906410238,1008,1000
397.303133124918,1008,1000
397.312687511984,1008,1000
397.319692921445,1008,1000
397.332819511984,1008,1000
397.344069511984,1008,1000
397.349680414276,1008,1000
397.360239414276,1008,1000
397.376779644182,1008,1000
397.379220418314,1008,1000
397.390558418314,1008,1000
397.398906418314,1008,1000
397.412482501464,1008,1000
397.423222422336,1008,1000
397.431487550496,1008,1000
397.441792520028,1008,1000
397.455580554534,1008,1000
397.465864141006,1008,1000
397.468906426358,1008,1000
397.481693028772,1008,1000
397.489518426358,1008,1000
397.498906426358,1008,1000
397.513744051382,1008,1000
397.518906430404,1008,1000
397.529972430404,1008,1000
397.54109952812,1008,1000
397.548906430404,1008,1000
397.56553352812,1008,1000
397.569791965804,1008,1000
397.57890643445,1008,1000
397.59568943445,1008,1000
397.602835598908,1008,1000
397.608906438484,1008,1000
397.618906438484,1008,1000
397.631770173326,1008,1000
397.639164505238,1008,1000
397.658021349898,1008,1000
397.65959533645,1008,1000
397.669775442518,1008,1000
397.685909442518,1008,1000
397.689514442518,1008,1000
397.705408189434,1008,1000
397.713311544242,1008,1000
397.725549260255,1008,1000
397.728906446545,1008,1000
397.738967990013,1008,1000
397.767083544242,1008,1000
397.773259544242,1008,1000
397.782723544242,1008,1000
397.792044544242,1008,1000
397.798906450572,1008,1000
397.814568205538,1008,1000
397.823584647285,1008,1000
397.830862454598,1008,1000
397.838906454598,1008,1000
397.85326209979,1008,1000
397.861521552294,1008,1000
397.871220458624,1008,1000
397.882809552294,1008,1000
397.888906458624,1008,1000
397.903455679497,1008,1000
397.911456462651,1008,1000
397.922856785247,1008,1000
397.929534462651,1008,1000
397.942870022225,1008,1000
397.952206560348,1008,1000
397.959595462651,1008,1000
397.986450030279,1008,1000
398.00644117163,1008,1000
398.009280840992,1008,1000
398.009977510354,1008,1000
398.011408179716,1008,1000
398.01991447071,1008,1000
398.039654140072,1008,1000
398.040251809434,1008,1000
398.04979747071,1008,1000
398.064530809434,1008,1000
398.068906474742,1008,1000
398.083075755408,1008,1000
398.109516389161,1008,1000
398.112809253914,1008,1000
398.119008050437,1008,1000
398.156718576482,1008,1000
398.157325253914,1008,1000
398.161675576482,1008,1000
398.168906482812,1008,1000
398.184142576482,1008,1000
398.189608482812,1008,1000
398.198906482812,1008,1000
398.212350584614,1008,1000
398.222405584614,1008,1000
398.229581486878,1008,1000
398.239752486878,1008,1000
398.253354270178,1008,1000
398.258906486878,1008,1000
398.268906490944,1008,1000
398.284572176508,1008,1000
398.289883490944,1008,1000
398.302228044951,1008,1000
398.323006107861,1008,1000
398.326205801547,1008,1000
398.335117837708,1008,1000
398.341990592736,1008,1000
398.3530691054,1008,1000
398.384678592736,1008,1000
398.398167014191,1008,1000
398.398782707877,1008,1000
398.40002789905,1008,1000
398.409595503131,1008,1000
398.436318403167,1008,1000
398.437064096853,1008,1000
398.444037194171,1008,1000
398.448906503131,1008,1000
398.460394924586,1008,1000
398.470964009709,1008,1000
398.479779507196,1008,1000
398.494587507196,1008,1000
398.516777608992,1008,1000
398.518064318934,1008,1000
398.527872318934,1008,1000
398.538148536795,1008,1000
398.561404608992,1008,1000
398.566569821221,1008,1000
398.569137228916,1008,1000
398.572287938858,1008,1000
398.579220515322,1008,1000
398.591540608992,1008,1000
398.599741451036,1008,1000
398.609473519404,1008,1000
398.619220519404,1008,1000
398.643050617156,1008,1000
398.648771335262,1008,1000
398.654770519404,1008,1000
398.661822229346,1008,1000
398.669132075472,1008,1000
398.679220523486,1008,1000
398.689595523486,1008,1000
398.700067577574,1008,1000
398.712846245667,1008,1000
398.726770625306,1008,1000
398.757722878253,1008,1000
398.768063330765,1008,1000
398.771305625306,1008,1000
398.772002351562,1008,1000
398.779748531636,1008,1000
398.799565077818,1008,1000
398.800865633494,1008,1000
398.812071633494,1008,1000
398.842633633494,1008,1000
398.845797367938,1008,1000
398.846458102382,1008,1000
398.851689894572,1008,1000
398.863961261986,1008,1000
398.873433274268,1008,1000
398.883853633494,1008,1000
398.895769367938,1008,1000
398.900513318328,1008,1000
398.909534543907,1008,1000
398.94708564166,1008,1000
398.95722864166,1008,1000
398.96390738427,1008,1000
398.96521712688,1008,1000
398.984477623035,1008,1000
398.99154864166,1008,1000
399.005324552061,1008,1000
399.024542649802,1008,1000
399.031885294671,1008,1000
399.038906552061,1008,1000
399.073050649802,1008,1000
399.082683151306,1008,1000
399.084023902058,1008,1000
399.08456765281,1008,1000
399.11198741689,1008,1000
399.11576293473,1008,1000
399.120237288856,1008,1000
399.153257078056,1008,1000
399.174951872656,1008,1000
399.182346149416,1008,1000
399.183141908336,1008,1000
399.214349666182,1008,1000
399.223633747412,1008,1000
399.224267514544,1008,1000
399.227206281676,1008,1000
399.229302024172,1008,1000
399.266154666182,1008,1000
399.271863666182,1008,1000
399.272443433314,1008,1000
399.280193572512,1008,1000
399.288906572512,1008,1000
399.299977572512,1008,1000
399.330973674378,1008,1000
399.334267225034,1008,1000
399.334928000362,1008,1000
399.344646551018,1008,1000
399.354432958909,1008,1000
399.362687674378,1008,1000
399.369615948058,1008,1000
399.393086674378,1008,1000
399.394373449706,1008,1000
399.414699236786,1008,1000
399.420868012114,1008,1000
399.424030644677,1008,1000
399.432294360146,1008,1000
399.440468584818,1008,1000
399.453589935462,1008,1000
399.465476584818,1008,1000
399.472830151914,1008,1000
399.480270286106,1008,1000
399.500202420298,1008,1000
399.503218212038,1008,1000
399.526301654012,1008,1000
399.526962445752,1008,1000
399.545864629436,1008,1000
399.565211763628,1008,1000
399.571670338916,1008,1000
399.572403130656,1008,1000
399.604108494893,1008,1000
399.605323294875,1008,1000
399.609339460574,1008,1000
399.612649052296,1008,1000
399.619752601241,1008,1000
399.628906601241,1008,1000
399.642536832847,1008,1000
399.653044601241,1008,1000
399.664142699032,1008,1000
399.677698001187,1008,1000
399.692150699032,1008,1000
399.707188707278,1008,1000
399.716491323734,1008,1000
399.717931131962,1008,1000
399.723741609485,1008,1000
399.741280842397,1008,1000
399.745628458853,1008,1000
399.750661609485,1008,1000
399.764970209449,1008,1000
399.798991324043,1008,1000
399.802182531922,1008,1000
399.829449328147,1008,1000
399.884135715486,1008,1000
399.884913531922,1008,1000
399.887447348358,1008,1000
399.913496723676,1008,1000
399.914905548302,1008,1000
399.916624372928,1008,1000
399.925413275163,1008,1000
399.937232442347,1008,1000
399.949257372928,1008,1000
399.965411708091,1008,1000
399.982980548302,1008,1000
399.984618372928,1008,1000
399.987080197554,1008,1000
399.995001006119,1008,1000
400.004789466983,1008,1000
400.028752108001,1008,1000
400.034411606581,1008,1000
400.035126439441,1008,1000
400.043136634123,1008,1000
400.051849713251,1008,1000
400.074409749426,1008,1000
400.076565582286,1008,1000
400.101773740158,1008,1000
400.103312581266,1008,1000
400.105392422374,1008,1000
400.116131210297,1008,1000
400.132669740158,1008,1000
400.133276581266,1008,1000
400.141693740158,1008,1000
400.152971581266,1008,1000
400.163516214414,1008,1000
400.174850581266,1008,1000
400.185303581266,1008,1000
400.189572646488,1008,1000
400.199220646488,1008,1000
400.209545650625,1008,1000
400.220786491733,1008,1000
400.255281597814,1008,1000
400.257144447196,1008,1000
400.265728650625,1008,1000
400.276058654762,1008,1000
400.295021748432,1008,1000
400.297456597814,1008,1000
400.301278756698,1008,1000
400.319376658895,1008,1000
400.324739081221,1008,1000
400.333263756698,1008,1000
400.340701614346,1008,1000
400.350561471994,1008,1000
400.362689902586,1008,1000
400.370839520676,1008,1000
400.382311520676,1008,1000
400.396383951268,1008,1000
400.42319476493,1008,1000
400.43144849669,1008,1000
400.458475146418,1008,1000
400.466475004066,1008,1000
400.469320723478,1008,1000
400.474555321118,1008,1000
400.476694455238,1008,1000
400.501098773208,1008,1000
400.501723647366,1008,1000
400.525057773208,1008,1000
400.526502647366,1008,1000
400.534830549557,1008,1000
400.557889979903,1008,1000
400.561359854061,1008,1000
400.565851728219,1008,1000
400.578054427854,1008,1000
400.584031679538,1008,1000
400.590856773208,1008,1000
400.613814208352,1008,1000
400.638774781506,1008,1000
400.649216663962,1008,1000
400.649787546418,1008,1000
400.665669958698,1008,1000
400.666420841154,1008,1000
400.66702772361,1008,1000
400.669847687836,1008,1000
400.678906687836,1008,1000
400.689977687836,1008,1000
400.715183680522,1008,1000
400.716979571258,1008,1000
400.742850789786,1008,1000
400.749165680522,1008,1000
400.754039461994,1008,1000
400.75460135273,1008,1000
400.762602680522,1008,1000
400.776516586852,1008,1000
400.798628452203,1008,1000
400.811386798094,1008,1000
400.815090596182,1008,1000
400.815832495226,1008,1000
400.823506271522,1008,1000
400.836641380786,1008,1000
400.848717596182,1008,1000
400.85048670027,1008,1000
400.866008697138,1008,1000
400.875086798094,1008,1000
400.883311502512,1008,1000
400.903610806384,1008,1000
400.904316713718,1008,1000
400.938187806384,1008,1000
400.942363621052,1008,1000
400.945985528386,1008,1000
400.948906708569,1008,1000
400.967367386902,1008,1000
400.991095527382,1008,1000
400.99512234205,1008,1000
401.00428881471,1008,1000
401.018951328121,1008,1000
401.026621716877,1008,1000
401.032540716877,1008,1000
401.042091043451,1008,1000
401.053549437875,1008,1000
401.075694100515,1008,1000
401.092375847495,1008,1000
401.123414307059,1008,1000
401.124701231043,1008,1000
401.131117188011,1008,1000
401.153966823034,1008,1000
401.218981763562,1008,1000
401.229868628074,1008,1000
401.23333456033,1008,1000
401.237196492586,1008,1000
401.238744424842,1008,1000
401.245270289354,1008,1000
401.24975422161,1008,1000
401.263636831306,1008,1000
401.265220763562,1008,1000
401.295401831306,1008,1000
401.315209839588,1008,1000
401.322133839588,1008,1000
401.323492780126,1008,1000
401.333076682315,1008,1000
401.343625926084,1008,1000
401.354695333916,1008,1000
401.363285214992,1008,1000
401.375818745918,1008,1000
401.381540745918,1008,1000
401.392785686456,1008,1000
401.514568700191,1008,1000
401.528991283695,1008,1000
401.562085145791,1008,1000
401.578023693257,1008,1000
401.578720649889,1008,1000
401.593843433049,1008,1000
401.610193662509,1008,1000
401.648387882286,1008,1000
401.65422281107,1008,1000
401.670228193067,1008,1000
401.687039908203,1008,1000
401.740448656469,1008,1000
401.745835572931,1008,1000
401.746550545085,1008,1000
401.798728731974,1008,1000
401.799371704128,1008,1000
401.800541680172,1008,1000
401.804185660106,1008,1000
401.80645764004,1008,1000
401.807834619974,1008,1000
401.827327519644,1008,1000
401.832052479512,1008,1000
401.849683878984,1008,1000
401.855517858918,1008,1000
401.859058838852,1008,1000
401.859620818786,1008,1000
401.876106758588,1008,1000
401.877659738522,1008,1000
401.878257718456,1008,1000
401.885649638192,1008,1000
401.886265618126,1008,1000
401.898792537862,1008,1000
401.95627682537,1008,1000
401.96507788677,1008,1000
401.98830987449,1008,1000
401.99089386221,1008,1000
401.99156384993,1008,1000
401.99560583765,1008,1000
402.038203794766,1008,1000
402.06509176363,1008,1000
402.068879754734,1008,1000
402.069495750286,1008,1000
402.073510745838,1008,1000
402.07421674139,1008,1000
402.095783723598,1008,1000
402.149429848972,1008,1000
402.205486886337,1008,1000
402.206021897227,1008,1000
402.207587908117,1008,1000
402.236062995237,1008,1000
402.242079017017,1008,1000
402.259826060577,1008,1000
402.264318071467,1008,1000
402.296839180367,1008,1000
402.298068191257,1008,1000
402.298837202147,1008,1000
402.301251917466,1008,1000
402.321143917466,1008,1000
402.340092917466,1008,1000
402.356652917466,1008,1000
402.368376935882,1008,1000
402.371458917466,1008,1000
402.388936972714,1008,1000
402.439161951002,1008,1000
402.449920054906,1008,1000
402.463100132834,1008,1000
402.46561215881,1008,1000
402.467187184786,1008,1000
402.468861210762,1008,1000
402.471835236738,1008,1000
402.496118392594,1008,1000
402.502197455991,1008,1000
402.504745489597,1008,1000
402.505334523203,1008,1000
402.505995556809,1008,1000
402.507741590415,1008,1000
402.537065926475,1008,1000
402.586686631169,1008,1000
402.599789966262,1008,1000
402.615038011295,1008,1000
402.617307052519,1008,1000
402.625071176191,1008,1000
402.625750217415,1008,1000
402.627433258639,1008,1000
402.631992341087,1008,1000
402.653926884019,1008,1000
402.655204925243,1008,1000
402.725993843045,1008,1000
402.727316891917,1008,1000
402.730636917845,1008,1000
402.789544100031,1008,1000
402.810249914362,1008,1000
402.859644192928,1008,1000
402.89988693364,1008,1000
402.910540001454,1008,1000
402.94154825759,1008,1000
402.942227321624,1008,1000
402.944977385658,1008,1000
402.94973757776,1008,1000
402.952741769862,1008,1000
402.958873090032,1008,1000
402.974695346168,1008,1000
402.980886474236,1008,1000
403.025247001322,1008,1000
403.026723072792,1008,1000
403.027366144262,1008,1000
403.031074287202,1008,1000
403.049984573082,1008,1000
403.054629644552,1008,1000
403.058170396842,1008,1000
403.130791378368,1008,1000
403.13507417847,1008,1000
403.210551982542,1008,1000
403.22187150063,1008,1000
403.285763709502,1008,1000
403.28855479585,1008,1000
403.297654968546,1008,1000
403.334445539609,1008,1000
403.339665727177,1008,1000
403.345082914745,1008,1000
403.347383008529,1008,1000
403.389846415278,1008,1000
403.43449147413,1008,1000
403.435242575366,1008,1000
403.438163777838,1008,1000
403.450332284017,1008,1000
403.451074385253,1008,1000
403.47728479019,1008,1000
403.491142989475,1008,1000
403.500811195689,1008,1000
403.539963739285,1008,1000
403.541205848005,1008,1000
403.560416065445,1008,1000
403.607353062721,1008,1000
403.625956876303,1008,1000
403.646432084248,1008,1000
403.67758789783,1008,1000
403.689140130282,1008,1000
403.693129246508,1008,1000
403.695671362734,1008,1000
403.710695093822,1008,1000
403.722908712432,1008,1000
403.728411083598,1008,1000
403.72917120732,1008,1000
403.750330073374,1008,1000
403.774640752708,1008,1000
403.861511534271,1008,1000
403.913229726387,1008,1000
403.916655865091,1008,1000
403.917254003795,1008,1000
403.953346836019,1008,1000
403.998552806947,1008,1000
404.022243534235,1008,1000
404.042741119067,1008,1000
404.058917996315,1008,1000
404.089783873563,1008,1000
404.135015242285,1008,1000
404.136761396043,1008,1000
404.140693703559,1008,1000
404.158273472349,1008,1000
404.167794779865,1008,1000
404.170297933623,1008,1000
404.172152087381,1008,1000
404.184825006316,1008,1000
404.187742160074,1008,1000
404.207120459918,1008,1000
404.242690889184,1008,1000
404.302984522163,1008,1000
404.305788691037,1008,1000
404.378753726929,1008,1000
404.400349912814,1008,1000
404.409701721618,1008,1000
404.412286156178,1008,1000
404.413072784742,1008,1000
404.418653618446,1008,1000
404.422088298998,1008,1000
404.422524794854,1008,1000
404.423500927562,1008,1000
404.430860527614,1008,1000
404.437630156178,1008,1000
404.438362784742,1008,1000
404.439573413306,1008,1000
404.462250207474,1008,1000
404.463896376348,1008,1000
404.476605190021,1008,1000
404.477274818585,1008,1000
404.478606735342,1008,1000
404.485490156178,1008,1000
404.488700784742,1008,1000
404.493898527614,1008,1000
404.499501253144,1008,1000
404.514527867964,1008,1000
404.519500248562,1008,1000
404.572724518452,1008,1000
404.575042137854,1008,1000
404.576589757256,1008,1000
404.577313376658,1008,1000
404.57894199606,1008,1000
404.581305518452,1008,1000
404.592416424782,1008,1000
404.603073420236,1008,1000
404.609220420236,1008,1000
404.620152420236,1008,1000
404.65285250936,1008,1000
404.65365711967,1008,1000
404.66045734029,1008,1000
404.66275556091,1008,1000
404.66922041569,1008,1000
404.692608343442,1008,1000
404.693277953752,1008,1000
404.699776564062,1008,1000
404.710973500292,1008,1000
404.749163414308,1008,1000
404.768000135058,1008,1000
404.770522071634,1008,1000
404.778906406622,1008,1000
404.794973274752,1008,1000
404.799220406622,1008,1000
404.81103649119,1008,1000
404.82363449119,1008,1000
404.830939402071,1008,1000
404.84258308333,1008,1000
404.848906402071,1008,1000
404.86252849119,1008,1000
404.86890639752,1008,1000
404.87890639752,1008,1000
404.889871148132,1008,1000
404.903636488129,1008,1000
404.911342482086,1008,1000
404.92752249601,1008,1000
404.935170065122,1008,1000
404.943381976004,1008,1000
404.94935755904,1008,1000
404.961565225086,1008,1000
404.970432388416,1008,1000
404.991568554488,1008,1000
404.994192137524,1008,1000
405.002268966882,1008,1000
405.011666472946,1008,1000
405.019401524282,1008,1000
405.029660126846,1008,1000
405.041045472946,1008,1000
405.053945383846,1008,1000
405.062346585397,1008,1000
405.082384472946,1008,1000
405.083189046842,1008,1000
405.092462472946,1008,1000
405.107317374732,1008,1000
405.108906374732,1008,1000
405.134319634975,1008,1000
405.143587028666,1008,1000
405.145976374732,1008,1000
405.15206793954,1008,1000
405.159220374732,1008,1000
405.169793370188,1008,1000
405.178906370188,1008,1000
405.195165028666,1008,1000
405.202995921289,1008,1000
405.210472365619,1008,1000
405.227701396971,1008,1000
405.23263801039,1008,1000
405.239057836757,1008,1000
405.249473365619,1008,1000
405.26586401039,1008,1000
405.27290545472,1008,1000
405.29276345472,1008,1000
405.29485101039,1008,1000
405.307691170553,1008,1000
405.334133538856,1008,1000
405.337054085458,1008,1000
405.33842663206,1008,1000
405.342673992254,1008,1000
405.353048840755,1008,1000
405.367822467856,1008,1000
405.37496212861,1008,1000
405.387996992254,1008,1000
405.40078889405,1008,1000
405.416782119254,1008,1000
405.418716656788,1008,1000
405.424687436584,1008,1000
405.440106937202,1008,1000
405.444134474736,1008,1000
405.45992289405,1008,1000
405.486392974118,1008,1000
405.487904511652,1008,1000
405.488906342914,1008,1000
405.498906342914,1008,1000
405.511567427526,1008,1000
405.518906338385,1008,1000
405.538937408453,1008,1000
405.542366427526,1008,1000
405.562472427526,1008,1000
405.563006956002,1008,1000
405.569905333856,1008,1000
405.582123862332,1008,1000
405.596387668929,1008,1000
405.60433985779,1008,1000
405.617373937834,1008,1000
405.619496329314,1008,1000
405.629761329314,1008,1000
405.639258849171,1008,1000
405.64957076412,1008,1000
405.660374329314,1008,1000
405.674752283512,1008,1000
405.684446844164,1008,1000
405.688906324772,1008,1000
405.699007755036,1008,1000
405.709914320219,1008,1000
405.723387830505,1008,1000
405.729620750483,1008,1000
405.739968341921,1008,1000
405.749950320219,1008,1000
405.758906320219,1008,1000
405.771441409336,1008,1000
405.782429409336,1008,1000
405.792161157831,1008,1000
405.819745753981,1008,1000
405.821293255155,1008,1000
405.824637635765,1008,1000
405.835388635765,1008,1000
405.846553901398,1008,1000
405.853601821396,1008,1000
405.862856569891,1008,1000
405.871134400224,1008,1000
405.881107400224,1008,1000
405.892625400224,1008,1000
405.901525302006,1008,1000
405.91201080318,1008,1000
405.920504302006,1008,1000
405.929991302006,1008,1000
405.942823794084,1008,1000
405.95767080318,1008,1000
405.959725302006,1008,1000
405.968906297458,1008,1000
405.978906297458,1008,1000
405.989858700414,1008,1000
406.004808381996,1008,1000
406.020811381996,1008,1000
406.023218864942,1008,1000
406.029124695848,1008,1000
406.061971381996,1008,1000
406.067237864942,1008,1000
406.067871347888,1008,1000
406.070320288326,1008,1000
406.081467381996,1008,1000
406.092430864942,1008,1000
406.100793080597,1008,1000
406.115545249691,1008,1000
406.121934757691,1008,1000
406.129220283799,1008,1000
406.140489673075,1008,1000
406.149220283799,1008,1000
406.165413240637,1008,1000
406.171045372942,1008,1000
406.178906279272,1008,1000
406.195339137913,1008,1000
406.203150372773,1008,1000
406.210802363822,1008,1000
406.219451274712,1008,1000
406.234354363822,1008,1000
406.238906274712,1008,1000
406.267258363822,1008,1000
406.270314828594,1008,1000
406.272585758138,1008,1000
406.278906270152,1008,1000
406.294081270152,1008,1000
406.318460354714,1008,1000
406.319120810378,1008,1000
406.322719721706,1008,1000
406.332331810378,1008,1000
406.34402658035,1008,1000
406.349703265598,1008,1000
406.358906265598,1008,1000
406.372950716708,1008,1000
406.379220261044,1008,1000
406.390847354714,1008,1000
406.400138716708,1008,1000
406.413430345624,1008,1000
406.419896256499,1008,1000
406.42998475872,1008,1000
406.446122074157,1008,1000
406.448906256499,1008,1000
406.458906256499,1008,1000
406.470209069612,1008,1000
406.484331251954,1008,1000
406.489600609403,1008,1000
406.504987107086,1008,1000
406.509806247416,1008,1000
406.525616336548,1008,1000
406.528906247416,1008,1000
406.543199417978,1008,1000
406.567157404343,1008,1000
406.568470841841,1008,1000
406.573399724797,1008,1000
406.579097591244,1008,1000
406.590269242878,1008,1000
406.598906242878,1008,1000
406.611000327426,1008,1000
406.618906238317,1008,1000
406.635152238317,1008,1000
406.642962626566,1008,1000
406.653267238317,1008,1000
406.663467327426,1008,1000
406.669812571999,1008,1000
406.681211233756,1008,1000
406.689770233756,1008,1000
406.701157229219,1008,1000
406.708906229219,1008,1000
406.719662229219,1008,1000
406.729824229219,1008,1000
406.739256902168,1008,1000
406.755700563925,1008,1000
406.758980563925,1008,1000
406.773260318352,1008,1000
406.781152318352,1008,1000
406.791117224682,1008,1000
406.799286554851,1008,1000
406.808906220118,1008,1000
406.818906220118,1008,1000
406.834218524702,1008,1000
406.839973220118,1008,1000
406.852338630292,1008,1000
406.862445309224,1008,1000
406.870220215554,1008,1000
406.879955215554,1008,1000
406.916029300128,1008,1000
406.917585701206,1008,1000
406.918156102284,1008,1000
406.920195532074,1008,1000
406.929617211006,1008,1000
406.94087352751,1008,1000
406.94934552751,1008,1000
406.964846347858,1008,1000
406.969927206458,1008,1000
406.980883300128,1008,1000
406.994619641638,1008,1000
407.012739830367,1008,1000
407.013364222343,1008,1000
407.019469201907,1008,1000
407.028906201907,1008,1000
407.040001509315,1008,1000
407.074636291026,1008,1000
407.076687683002,1008,1000
407.077375074978,1008,1000
407.078906197356,1008,1000
407.088906197356,1008,1000
407.098906197356,1008,1000
407.109328803082,1008,1000
407.121854281948,1008,1000
407.130964192817,1008,1000
407.155443281948,1008,1000
407.157936664846,1008,1000
407.162053281948,1008,1000
407.170152188278,1008,1000
407.180004188278,1008,1000
407.189220188278,1008,1000
407.202798477486,1008,1000
407.217350566617,1008,1000
407.221738183719,1008,1000
407.234413566617,1008,1000
407.242699846727,1008,1000
407.249313472947,1008,1000
407.259635470103,1008,1000
407.26890617916,1008,1000
407.27951417916,1008,1000
407.28963117916,1008,1000
407.307388903945,1008,1000
407.31080226372,1008,1000
407.319275748502,1008,1000
407.330004174605,1008,1000
407.344299645009,1008,1000
407.349743174605,1008,1000
407.363973174605,1008,1000
407.374568174945,1008,1000
407.379917147155,1008,1000
407.39107417005,1008,1000
407.400536441067,1008,1000
407.410481546801,1008,1000
407.419696441067,1008,1000
407.432511165512,1008,1000
407.441684254644,1008,1000
407.451350254644,1008,1000
407.470790702991,1008,1000
407.471595058585,1008,1000
407.482426254644,1008,1000
407.488906160974,1008,1000
407.498906160974,1008,1000
407.511418156442,1008,1000
407.519220156442,1008,1000
407.528906156442,1008,1000
407.538935556663,1008,1000
407.549220156442,1008,1000
407.559606306607,1008,1000
407.57257024558,1008,1000
407.586658409302,1008,1000
407.593783755832,1008,1000
407.59890615191,1008,1000
407.612016455415,1008,1000
407.620360147366,1008,1000
407.631629236492,1008,1000
407.639220147366,1008,1000
407.654964147366,1008,1000
407.659937147366,1008,1000
407.668906142822,1008,1000
407.681514699187,1008,1000
407.690097391138,1008,1000
407.699220142822,1008,1000
407.710069386602,1008,1000
407.726611466656,1008,1000
407.73557555579,1008,1000
407.74232722742,1008,1000
407.751389938423,1008,1000
407.759397630374,1008,1000
407.76890613375,1008,1000
407.779486621302,1008,1000
407.79078422742,1008,1000
407.803472457578,1008,1000
407.809220129208,1008,1000
407.824125168581,1008,1000
407.834236218336,1008,1000
407.848254218336,1008,1000
407.848906129208,1008,1000
407.858906129208,1008,1000
407.868906124666,1008,1000
407.879964124666,1008,1000
407.888906124666,1008,1000
407.901560120127,1008,1000
407.911648120127,1008,1000
407.919815120127,1008,1000
407.929401669571,1008,1000
407.939914120127,1008,1000
407.949876345743,1008,1000
407.958906120127,1008,1000
407.982469336665,1008,1000
407.983655646873,1008,1000
407.989142336665,1008,1000
407.998906115588,1008,1000
408.009822332143,1008,1000
408.021134200214,1008,1000
408.028906111066,1008,1000
408.039451111066,1008,1000
408.049946111066,1008,1000
408.063259200214,1008,1000
408.068906106544,1008,1000
408.079730539637,1008,1000
408.092822200214,1008,1000
408.099496106544,1008,1000
408.111377191108,1008,1000
408.124910898123,1008,1000
408.132062546439,1008,1000
408.140004101991,1008,1000
408.149183742578,1008,1000
408.162706403155,1008,1000
408.169013766689,1008,1000
408.179220097438,1008,1000
408.195080483166,1008,1000
408.199950452769,1008,1000
408.211242182056,1008,1000
408.222169465062,1008,1000
408.233906597017,1008,1000
408.238906092912,1008,1000
408.252731264153,1008,1000
408.265172677028,1008,1000
408.269214642105,1008,1000
408.280188088386,1008,1000
408.290084371392,1008,1000
408.298928935347,1008,1000
408.309649083832,1008,1000
408.319725083832,1008,1000
408.328906083832,1008,1000
408.338906083832,1008,1000
408.350267273168,1008,1000
408.359366556174,1008,1000
408.370915844987,1008,1000
408.379950079278,1008,1000
408.393588598749,1008,1000
408.399698079278,1008,1000
408.408906074746,1008,1000
408.421278163884,1008,1000
408.450373163884,1008,1000
408.450970428718,1008,1000
408.452950693552,1008,1000
408.461977163884,1008,1000
408.468906070214,1008,1000
408.478906070214,1008,1000
408.501453154846,1008,1000
408.502176410642,1008,1000
408.510197879977,1008,1000
408.520189595363,1008,1000
408.528906065695,1008,1000
408.538906065695,1008,1000
408.548906065695,1008,1000
408.561228154846,1008,1000
408.570854470776,1008,1000
408.581741451702,1008,1000
408.599317154845,1008,1000
408.601402657339,1008,1000
408.61563139743,1008,1000
408.618910466227,1008,1000
408.631000145748,1008,1000
408.640910145748,1008,1000
408.651379637499,1008,1000
408.661170145748,1008,1000
408.677879219964,1008,1000
408.682400145748,1008,1000
408.688910461678,1008,1000
408.699928052078,1008,1000
408.713433439807,1008,1000
408.719249539295,1008,1000
408.73639037431,1008,1000
408.74173413668,1008,1000
408.75101813668,1008,1000
408.759869047544,1008,1000
408.769863196038,1008,1000
408.783523821397,1008,1000
408.78971604301,1008,1000
408.802167276097,1008,1000
408.808906038467,1008,1000
408.818906038467,1008,1000
408.829750186961,1008,1000
408.842363127594,1008,1000
408.850311038467,1008,1000
408.861215127594,1008,1000
408.868906033924,1008,1000
408.878906033924,1008,1000
408.888906033924,1008,1000
408.901637536801,1008,1000
408.91464657303,1008,1000
408.919746168815,1008,1000
408.93541124889,1008,1000
408.939919029398,1008,1000
408.948906029398,1008,1000
408.959658029398,1008,1000
408.971152662623,1008,1000
408.97941658257,1008,1000
408.993280514129,1008,1000
409.001941109516,1008,1000
409.009381150707,1008,1000
409.018906020359,1008,1000
409.029851020359,1008,1000
409.040784109516,1008,1000
409.048906020359,1008,1000
409.059730020359,1008,1000
409.068906015846,1008,1000
409.078906015846,1008,1000
409.090378015846,1008,1000
409.099088137155,1008,1000
409.109874011311,1008,1000
409.118906011311,1008,1000
409.13082113262,1008,1000
409.138906011311,1008,1000
409.149554011311,1008,1000
409.159705128107,1008,1000
409.168906006776,1008,1000
409.181909100446,1008,1000
409.190991100446,1008,1000
409.198906006776,1008,1000
409.208906002256,1008,1000
409.219937002256,1008,1000
409.228906002256,1008,1000
409.242825283762,1008,1000
409.249986002256,1008,1000
409.258906002256,1008,1000
409.268905997736,1008,1000
409.280811091406,1008,1000
409.289408100942,1008,1000
409.298905997736,1008,1000
409.31087408232,1008,1000
409.322477096399,1008,1000
409.329625993193,1008,1000
409.339571993193,1008,1000
409.348905993193,1008,1000
409.359684993193,1008,1000
409.36890598865,1008,1000
409.37890598865,1008,1000
409.38890598865,1008,1000
409.39890598865,1008,1000
409.408905984143,1008,1000
409.418905984143,1008,1000
409.428905984143,1008,1000
409.438905984143,1008,1000
409.450007073743,1008,1000
409.459837984143,1008,1000
409.469446252506,1008,1000
409.478905979636,1008,1000
409.488905979636,1008,1000
409.499084673816,1008,1000
409.508905975179,1008,1000
409.519343149872,1008,1000
409.529651060272,1008,1000
409.538905975179,1008,1000
409.548905975179,1008,1000
409.559455230021,1008,1000
409.574292970722,1008,1000
409.579963970722,1008,1000
409.590883064392,1008,1000
409.599450970722,1008,1000
409.608905966243,1008,1000
409.619895966243,1008,1000
409.628905966243,1008,1000
409.638905966243,1008,1000
409.649210037915,1008,1000
409.658905966243,1008,1000
409.669796961764,1008,1000
409.678905961764,1008,1000
409.689133028957,1008,1000
409.699798577186,1008,1000
409.709945957298,1008,1000
409.721161046502,1008,1000
409.728905957298,1008,1000
409.739088020012,1008,1000
409.748905957298,1008,1000
409.761973243589,1008,1000
409.769886630968,1008,1000
409.77914701108,1008,1000
409.789219952832,1008,1000
409.801440037552,1008,1000
409.809481948357,1008,1000
409.818905948357,1008,1000
409.828905948357,1008,1000
409.840212680275,1008,1000
409.848905948357,1008,1000
409.861125037552,1008,1000
409.870875082384,1008,1000
409.878905943882,1008,1000
409.891566037552,1008,1000
409.899813918543,1008,1000
409.911900028488,1008,1000
409.91890593935,1008,1000
409.92921993935,1008,1000
409.940991028488,1008,1000
409.94890593935,1008,1000
409.95921993935,1008,1000
409.970189954311,1008,1000
409.982559064256,1008,1000
409.989598934818,1008,1000
410.00002789905,1008,1000
410.010075598848,1008,1000
410.022496761135,1008,1000
410.028905930264,1008,1000
410.039390985525,1008,1000
410.049522930264,1008,1000
410.058905930264,1008,1000
410.069213961478,1008,1000
410.08280101938,1008,1000
410.088915099465,1008,1000
410.102067010274,1008,1000
410.109828921157,1008,1000
410.118905921157,1008,1000
410.131137921157,1008,1000
410.140003921157,1008,1000
410.148905921157,1008,1000
410.159963921157,1008,1000
410.168905916604,1008,1000
410.181297938711,1008,1000
410.188905916604,1008,1000
410.198905916604,1008,1000
410.210436148495,1008,1000
410.21978791206,1008,1000
410.230474934167,1008,1000
410.23890591206,1008,1000
410.24890591206,1008,1000
410.25945991206,1008,1000
410.268905907516,1008,1000
410.281869001186,1008,1000
410.290032920526,1008,1000
410.299909942633,1008,1000
410.312338995972,1008,1000
410.320823963033,1008,1000
410.335493902956,1008,1000
410.341596902956,1008,1000
410.348905902956,1008,1000
410.359260924432,1008,1000
410.369245941979,1008,1000
410.379668902302,1008,1000
410.391994992066,1008,1000
410.399990898396,1008,1000
410.408905893851,1008,1000
410.420503893851,1008,1000
410.429222919233,1008,1000
410.440058455995,1008,1000
410.451502982976,1008,1000
410.458905893851,1008,1000
410.472147972578,1008,1000
410.480846982976,1008,1000
410.489794884107,1008,1000
410.498905889306,1008,1000
410.511818973922,1008,1000
410.519219884779,1008,1000
410.528905884779,1008,1000
410.539567874381,1008,1000
410.552980973922,1008,1000
410.559031869836,1008,1000
410.568905880252,1008,1000
410.581757955124,1008,1000
410.589589880252,1008,1000
410.598905880252,1008,1000
410.60890587571,1008,1000
410.61890587571,1008,1000
410.62890587571,1008,1000
410.63890587571,1008,1000
410.649869535418,1008,1000
410.65890587571,1008,1000
410.668905871168,1008,1000
410.679931871168,1008,1000
410.68962917466,1008,1000
410.698905871168,1008,1000
410.708905866607,1008,1000
410.719106502975,1008,1000
410.731937988851,1008,1000
410.738905866607,1008,1000
410.751922955716,1008,1000
410.759670866607,1008,1000
410.769200834164,1008,1000
410.780445862046,1008,1000
410.788905862046,1008,1000
410.802263942785,1008,1000
410.826064946654,1008,1000
410.827728994258,1008,1000
410.828905857515,1008,1000
410.838905857515,1008,1000
410.849826820511,1008,1000
410.858905857515,1008,1000
410.870900946654,1008,1000
410.887240900967,1008,1000
410.891026946654,1008,1000
410.898905852984,1008,1000
410.913427507333,1008,1000
410.919297769894,1008,1000
410.928905848433,1008,1000
410.938905848433,1008,1000
410.951542848433,1008,1000
410.959963848433,1008,1000
410.968905843882,1008,1000
410.979046413663,1008,1000
410.989918843882,1008,1000
410.998905843882,1008,1000
411.009711839323,1008,1000
411.018905839323,1008,1000
411.032575788706,1008,1000
411.038905839323,1008,1000
411.051227839323,1008,1000
411.061272861159,1008,1000
411.068905834764,1008,1000
411.078905834764,1008,1000
411.090042775037,1008,1000
411.098905834764,1008,1000
411.109810830239,1008,1000
411.118905830239,1008,1000
411.128905830239,1008,1000
411.139803765953,1008,1000
411.150012830239,1008,1000
411.159243706226,1008,1000
411.171605825714,1008,1000
411.179709756903,1008,1000
411.192239846048,1008,1000
411.198905825714,1008,1000
411.209247688069,1008,1000
411.219321752355,1008,1000
411.228905821166,1008,1000
411.240090749723,1008,1000
411.248905821166,1008,1000
411.25928174783,1008,1000
411.269697816618,1008,1000
411.280947816618,1008,1000
411.288905816618,1008,1000
411.298905816618,1008,1000
411.311982662757,1008,1000
411.319909812084,1008,1000
411.328905812084,1008,1000
411.342613812084,1008,1000
411.35148590122,1008,1000
411.360385718947,1008,1000
411.36953580755,1008,1000
411.379413606277,1008,1000
411.389263720584,1008,1000
411.39954080755,1008,1000
411.411421892124,1008,1000
411.419580803002,1008,1000
411.429766622899,1008,1000
411.438905803002,1008,1000
411.449585803002,1008,1000
411.458905803002,1008,1000
411.468905798454,1008,1000
411.482071165862,1008,1000
411.488905798454,1008,1000
411.50463886705,1008,1000
411.51161688305,1008,1000
411.519760793917,1008,1000
411.52892415089,1008,1000
411.544357786991,1008,1000
411.548910067655,1008,1000
411.558905793917,1008,1000
411.573384995362,1008,1000
411.57972978938,1008,1000
411.59096388305,1008,1000
411.59949578938,1008,1000
411.60993678483,1008,1000
411.62277387395,1008,1000
411.62890578483,1008,1000
411.63890578483,1008,1000
411.648993622942,1008,1000
411.65890578483,1008,1000
411.66890578028,1008,1000
411.67926366606,1008,1000
411.68890578028,1008,1000
411.69977478028,1008,1000
411.709558775728,1008,1000
411.723667775728,1008,1000
411.729666775728,1008,1000
411.741382864846,1008,1000
411.748905775728,1008,1000
411.759666775728,1008,1000
411.768993652406,1008,1000
411.779891771176,1008,1000
411.788905771176,1008,1000
411.798905771176,1008,1000
411.808905766643,1008,1000
411.819468766643,1008,1000
411.829571766643,1008,1000
411.838905766643,1008,1000
411.849799638769,1008,1000
411.858905766643,1008,1000
411.87220076211,1008,1000
411.87890576211,1008,1000
411.89180985578,1008,1000
411.901790846736,1008,1000
411.908905757588,1008,1000
411.919171497307,1008,1000
411.928905757588,1008,1000
411.939927757588,1008,1000
411.948905757588,1008,1000
411.962801714318,1008,1000
411.969219753066,1008,1000
411.978905753066,1008,1000
411.989059416603,1008,1000
411.998905753066,1008,1000
412.009227607046,1008,1000
412.023082748508,1008,1000
412.028905748508,1008,1000
412.038905748508,1008,1000
412.048905748508,1008,1000
412.060008748508,1008,1000
412.06890574395,1008,1000
412.07995874395,1008,1000
412.08890574395,1008,1000
412.09890574395,1008,1000
412.108905739406,1008,1000
412.118905739406,1008,1000
412.129290588864,1008,1000
412.138905739406,1008,1000
412.149267584306,1008,1000
412.158905739406,1008,1000
412.168905734862,1008,1000
412.178905734862,1008,1000
412.188905734862,1008,1000
412.198905734862,1008,1000
412.209774730334,1008,1000
412.21928341559,1008,1000
412.228905730334,1008,1000
412.238905730334,1008,1000
412.248905730334,1008,1000
412.262578819476,1008,1000
412.268905725806,1008,1000
412.282953819476,1008,1000
412.290909819476,1008,1000
412.298905725806,1008,1000
412.309486721256,1008,1000
412.318905721256,1008,1000
412.329219721256,1008,1000
412.338905721256,1008,1000
412.348905721256,1008,1000
412.358905721256,1008,1000
412.368905716706,1008,1000
412.378905716706,1008,1000
412.388905716706,1008,1000
412.401859801268,1008,1000
412.409769712152,1008,1000
412.418905712152,1008,1000
412.428905712152,1008,1000
412.439697712152,1008,1000
412.451656801268,1008,1000
412.458905712152,1008,1000
412.471484801268,1008,1000
412.4790605207,1008,1000
412.488905707598,1008,1000
412.498905707598,1008,1000
412.508905703151,1008,1000
412.519724703151,1008,1000
412.529688703151,1008,1000
412.539219703151,1008,1000
412.548905703151,1008,1000
412.558905703151,1008,1000
412.569972698704,1008,1000
412.578905698704,1008,1000
412.590199502805,1008,1000
412.601763783532,1008,1000
412.608905694283,1008,1000
412.618905694283,1008,1000
412.628905694283,1008,1000
412.642563783532,1008,1000
412.648905694283,1008,1000
412.659670298038,1008,1000
412.669219689862,1008,1000
412.679625369577,1008,1000
412.688905689862,1008,1000
412.698905689862,1008,1000
412.710118685419,1008,1000
412.718905685419,1008,1000
412.728905685419,1008,1000
412.738905685419,1008,1000
412.748905685419,1008,1000
412.758905685419,1008,1000
412.769454680976,1008,1000
412.779310467345,1008,1000
412.788905680976,1008,1000
412.798905680976,1008,1000
412.810148473522,1008,1000
412.818905676448,1008,1000
412.830012676448,1008,1000
412.838905676448,1008,1000
412.853201542988,1008,1000
412.858905676448,1008,1000
412.86890567192,1008,1000
412.881918112932,1008,1000
412.88890567192,1008,1000
412.904753444791,1008,1000
412.909508667393,1008,1000
412.921850444791,1008,1000
412.928905667393,1008,1000
412.940936756536,1008,1000
412.949689014735,1008,1000
412.958905667393,1008,1000
412.969776852847,1008,1000
412.978905662866,1008,1000
412.988905662866,1008,1000
412.998905662866,1008,1000
413.008905658353,1008,1000
413.018905658353,1008,1000
413.028905658353,1008,1000
413.04098561215,1008,1000
413.048905658353,1008,1000
413.059495658353,1008,1000
413.06890565384,1008,1000
413.07890565384,1008,1000
413.08890565384,1008,1000
413.09890565384,1008,1000
413.110792738524,1008,1000
413.118905649347,1008,1000
413.129760649347,1008,1000
413.139099252597,1008,1000
413.149909649347,1008,1000
413.158905649347,1008,1000
413.168905644854,1008,1000
413.178905644854,1008,1000
413.188905644854,1008,1000
413.199222395151,1008,1000
413.209756640335,1008,1000
413.219371390632,1008,1000
413.228905640335,1008,1000
413.239697640335,1008,1000
413.250445640335,1008,1000
413.258905640335,1008,1000
413.269769635816,1008,1000
413.279047377101,1008,1000
413.288905635816,1008,1000
413.302697682552,1008,1000
413.308905631299,1008,1000
413.321196720452,1008,1000
413.328905631299,1008,1000
413.339141368065,1008,1000
413.349504631299,1008,1000
413.359922631299,1008,1000
413.369946588882,1008,1000
413.378905626782,1008,1000
413.389219626782,1008,1000
413.398993464894,1008,1000
413.40970262227,1008,1000
413.420864711428,1008,1000
413.429366354519,1008,1000
413.439399312102,1008,1000
413.44890562227,1008,1000
413.45890562227,1008,1000
413.469904617758,1008,1000
413.479994617758,1008,1000
413.488905617758,1008,1000
413.498905617758,1008,1000
413.510786613237,1008,1000
413.518905613237,1008,1000
413.528905613237,1008,1000
413.539285331945,1008,1000
413.549402331945,1008,1000
413.558905613237,1008,1000
413.570077722054,1008,1000
413.578905608716,1008,1000
413.588905608716,1008,1000
413.598905608716,1008,1000
413.609787604218,1008,1000
413.618905604218,1008,1000
413.630539604218,1008,1000
413.639476427222,1008,1000
413.651054128246,1008,1000
413.659621604218,1008,1000
413.66890559972,1008,1000
413.679195304888,1008,1000
413.68890559972,1008,1000
413.700783684416,1008,1000
413.708905595233,1008,1000
413.721454684416,1008,1000
413.729688595233,1008,1000
413.739571595233,1008,1000
413.750012595233,1008,1000
413.758905595233,1008,1000
413.768905590746,1008,1000
413.778905590746,1008,1000
413.792464684416,1008,1000
413.798905590746,1008,1000
413.808905586236,1008,1000
413.819267282419,1008,1000
413.828905586236,1008,1000
413.838905586236,1008,1000
413.848905586236,1008,1000
413.860972675396,1008,1000
413.868905581726,1008,1000
413.878905581726,1008,1000
413.888905581726,1008,1000
413.898905581726,1008,1000
413.908905577224,1008,1000
413.918905577224,1008,1000
413.928905577224,1008,1000
413.939990577224,1008,1000
413.950945666392,1008,1000
413.961421666392,1008,1000
413.969787572722,1008,1000
413.978905572722,1008,1000
413.988905572722,1008,1000
413.999760572722,1008,1000
414.010082246403,1008,1000
414.019693568229,1008,1000
414.029917568229,1008,1000
414.04216650728,1008,1000
414.048905568229,1008,1000
414.058905568229,1008,1000
414.069141237408,1008,1000
414.079309911089,1008,1000
414.088905563736,1008,1000
414.099271232915,1008,1000
414.109873559242,1008,1000
414.118905559242,1008,1000
414.130042520362,1008,1000
414.138905559242,1008,1000
414.148905559242,1008,1000
414.158905559242,1008,1000
414.168905554748,1008,1000
414.180945648418,1008,1000
414.188905554748,1008,1000
414.19936917606,1008,1000
414.211223639432,1008,1000
414.218905550255,1008,1000
414.232393227403,1008,1000
414.23980340362,1008,1000
414.248905550255,1008,1000
414.259792550255,1008,1000
414.268905545762,1008,1000
414.279219545762,1008,1000
414.289625545762,1008,1000
414.299495545762,1008,1000
414.309895045835,1008,1000
414.318905541265,1008,1000
414.32914619247,1008,1000
414.339594541265,1008,1000
414.348924514656,1008,1000
414.358905541265,1008,1000
414.371029536768,1008,1000
414.379293683553,1008,1000
414.389774536768,1008,1000
414.398905536768,1008,1000
414.40890553227,1008,1000
414.41890553227,1008,1000
414.42890553227,1008,1000
414.440954621442,1008,1000
414.449132613729,1008,1000
414.460945621442,1008,1000
414.468905527772,1008,1000
414.478905527772,1008,1000
414.488905527772,1008,1000
414.498905527772,1008,1000
414.509981523299,1008,1000
414.518905523299,1008,1000
414.529702523299,1008,1000
414.538905523299,1008,1000
414.549643523299,1008,1000
414.559522523299,1008,1000
414.568905518826,1008,1000
414.579353143075,1008,1000
414.589819518826,1008,1000
414.598905518826,1008,1000
414.608905514343,1008,1000
414.618905514343,1008,1000
414.628905514343,1008,1000
414.638905514343,1008,1000
414.648905514343,1008,1000
414.659110134119,1008,1000
414.66968450986,1008,1000
414.67960350986,1008,1000
414.68890550986,1008,1000
414.701683514191,1008,1000
414.708905505383,1008,1000
414.720954594576,1008,1000
414.729729505383,1008,1000
414.738905505383,1008,1000
414.748905505383,1008,1000
414.758905505383,1008,1000
414.769580420521,1008,1000
414.778905500906,1008,1000
414.788905500906,1008,1000
414.798993339018,1008,1000
414.80890549642,1008,1000
414.81890549642,1008,1000
414.829624798279,1008,1000
414.83890549642,1008,1000
414.84890549642,1008,1000
414.85890549642,1008,1000
414.868905491934,1008,1000
414.878905491934,1008,1000
414.888905491934,1008,1000
414.898905491934,1008,1000
414.908905487431,1008,1000
414.919579771355,1008,1000
414.928905487431,1008,1000
414.938905487431,1008,1000
414.948905487431,1008,1000
414.958905487431,1008,1000
414.969999482928,1008,1000
414.978905482928,1008,1000
414.988905482928,1008,1000
414.998905482928,1008,1000
415.008905478425,1008,1000
415.018905478425,1008,1000
415.031053567592,1008,1000
415.039200062303,1008,1000
415.048905478425,1008,1000
415.058905478425,1008,1000
415.068905473922,1008,1000
415.078926593693,1008,1000
415.088905473922,1008,1000
415.099603473922,1008,1000
415.108905469432,1008,1000
415.118905469432,1008,1000
415.128905469432,1008,1000
415.138905469432,1008,1000
415.148905469432,1008,1000
415.158905469432,1008,1000
415.168929229196,1008,1000
415.178905464942,1008,1000
415.188905464942,1008,1000
415.198905464942,1008,1000
415.20890546044,1008,1000
415.21890546044,1008,1000
415.22890546044,1008,1000
415.23890546044,1008,1000
415.24890546044,1008,1000
415.25890546044,1008,1000
415.269828455938,1008,1000
415.278905455938,1008,1000
415.288905455938,1008,1000
415.298905455938,1008,1000
415.30890545145,1008,1000
415.31890545145,1008,1000
415.32890545145,1008,1000
415.339272008338,1008,1000
415.34890545145,1008,1000
415.35890545145,1008,1000
415.368905446962,1008,1000
415.378905446962,1008,1000
415.388905446962,1008,1000
415.398905446962,1008,1000
415.408905442489,1008,1000
415.418905442489,1008,1000
415.429585442489,1008,1000
415.438905442489,1008,1000
415.449985442489,1008,1000
415.458905442489,1008,1000
415.468905438016,1008,1000
415.478905438016,1008,1000
415.488905438016,1008,1000
415.499503617151,1008,1000
415.508905433534,1008,1000
415.519230976973,1008,1000
415.528905433534,1008,1000
415.538905433534,1008,1000
415.548905433534,1008,1000
415.558905433534,1008,1000
415.568905429052,1008,1000
415.578905429052,1008,1000
415.588905429052,1008,1000
415.598905429052,1008,1000
415.608905424572,1008,1000
415.618905424572,1008,1000
415.629657424572,1008,1000
415.638905424572,1008,1000
415.648905424572,1008,1000
415.658905424572,1008,1000
415.669354174021,1008,1000
415.678905420092,1008,1000
415.688905420092,1008,1000
415.698905420092,1008,1000
415.70890541562,1008,1000
415.71890541562,1008,1000
415.72954941562,1008,1000
415.739439305303,1008,1000
415.74890541562,1008,1000
415.75890541562,1008,1000
415.768905411148,1008,1000
415.778905411148,1008,1000
415.788905411148,1008,1000
415.799477411148,1008,1000
415.808905406691,1008,1000
415.818905406691,1008,1000
415.829783406691,1008,1000
415.838905406691,1008,1000
415.848905406691,1008,1000
415.858905406691,1008,1000
415.868905402234,1008,1000
415.878905402234,1008,1000
415.888905402234,1008,1000
415.899181909875,1008,1000
415.908905397753,1008,1000
415.918905397753,1008,1000
415.928905397753,1008,1000
415.938905397753,1008,1000
415.949643397753,1008,1000
415.958905397753,1008,1000
415.968905393272,1008,1000
415.978905393272,1008,1000
415.988905393272,1008,1000
415.998905393272,1008,1000
416.008905388818,1008,1000
416.018905388818,1008,1000
416.028905388818,1008,1000
416.038905388818,1008,1000
416.049499388818,1008,1000
416.058905388818,1008,1000
416.070421466478,1008,1000
416.078905384364,1008,1000
416.088905384364,1008,1000
416.098905384364,1008,1000
416.108905379912,1008,1000
416.118905379912,1008,1000
416.128905379912,1008,1000
416.13982894734,1008,1000
416.148905379912,1008,1000
416.158905379912,1008,1000
416.16890537546,1008,1000
416.17972937546,1008,1000
416.18890537546,1008,1000
416.19890537546,1008,1000
416.209038419275,1008,1000
416.218905370985,1008,1000
416.228905370985,1008,1000
416.238905370985,1008,1000
416.249010847395,1008,1000
416.260102417475,1008,1000
416.26890536651,1008,1000
416.27890536651,1008,1000
416.289795148238,1008,1000
416.29890536651,1008,1000
416.30890536204,1008,1000
416.31890536204,1008,1000
416.329410880465,1008,1000
416.33950739063,1008,1000
416.34890536204,1008,1000
416.359094611228,1008,1000
416.36890535757,1008,1000
416.38262235757,1008,1000
416.38890535757,1008,1000
416.400147891175,1008,1000
416.408905353052,1008,1000
416.419459353052,1008,1000
416.428905353052,1008,1000
416.439095770748,1008,1000
416.448905353052,1008,1000
416.458905353052,1008,1000
416.469537340659,1008,1000
416.478905348534,1008,1000
416.488905348534,1008,1000
416.498905348534,1008,1000
416.509531344007,1008,1000
416.518905344007,1008,1000
416.528905344007,1008,1000
416.538905344007,1008,1000
416.548905344007,1008,1000
416.558905344007,1008,1000
416.56890533948,1008,1000
416.57974233948,1008,1000
416.58890533948,1008,1000
416.59890533948,1008,1000
416.608905334978,1008,1000
416.619698141973,1008,1000
416.628905334978,1008,1000
416.638905334978,1008,1000
416.64899317309,1008,1000
416.661044424146,1008,1000
416.668905330476,1008,1000
416.678905330476,1008,1000
416.688905330476,1008,1000
416.698905330476,1008,1000
416.70890532595,1008,1000
416.71890532595,1008,1000
416.72890532595,1008,1000
416.73890532595,1008,1000
416.74890532595,1008,1000
416.75890532595,1008,1000
416.768905321424,1008,1000
416.778905321424,1008,1000
416.788905321424,1008,1000
416.798905321424,1008,1000
416.809499084695,1008,1000
416.81890531692,1008,1000
416.82890531692,1008,1000
416.83963031692,1008,1000
416.84890531692,1008,1000
416.85957131692,1008,1000
416.868905312416,1008,1000
416.879463312416,1008,1000
416.888905312416,1008,1000
416.898905312416,1008,1000
416.90890530791,1008,1000
416.91890530791,1008,1000
416.92890530791,1008,1000
416.93890530791,1008,1000
416.94890530791,1008,1000
416.95890530791,1008,1000
416.968905303404,1008,1000
416.978905303404,1008,1000
416.988905303404,1008,1000
416.998905303404,1008,1000
417.008905298907,1008,1000
417.018905298907,1008,1000
417.028905298907,1008,1000
417.039026201285,1008,1000
417.048905298907,1008,1000
417.058905298907,1008,1000
417.06890529441,1008,1000
417.07890529441,1008,1000
417.08890529441,1008,1000
417.09890529441,1008,1000
417.109634289883,1008,1000
417.118905289883,1008,1000
417.128905289883,1008,1000
417.138905289883,1008,1000
417.148905289883,1008,1000
417.158905289883,1008,1000
417.168905285356,1008,1000
417.178905285356,1008,1000
417.188905285356,1008,1000
417.198905285356,1008,1000
417.208905280825,1008,1000
417.218905280825,1008,1000
417.230266628059,1008,1000
417.239738280825,1008,1000
417.248905280825,1008,1000
417.258905280825,1008,1000
417.268905276294,1008,1000
417.278905276294,1008,1000
417.288905276294,1008,1000
417.299476005303,1008,1000
417.310090653539,1008,1000
417.318905271764,1008,1000
417.330008271764,1008,1000
417.338905271764,1008,1000
417.348905271764,1008,1000
417.358905271764,1008,1000
417.368905267234,1008,1000
417.379507021723,1008,1000
417.388905267234,1008,1000
417.399406639948,1008,1000
417.408905262724,1008,1000
417.418905262724,1008,1000
417.428905262724,1008,1000
417.438905262724,1008,1000
417.448905262724,1008,1000
417.459913262724,1008,1000
417.468905258214,1008,1000
417.478905258214,1008,1000
417.489555698569,1008,1000
417.498905258214,1008,1000
417.508905253725,1008,1000
417.518905253725,1008,1000
417.529239617399,1008,1000
417.538905253725,1008,1000
417.548905253725,1008,1000
417.558905253725,1008,1000
417.568905249236,1008,1000
417.578905249236,1008,1000
417.588905249236,1008,1000
417.599900249236,1008,1000
417.608905244726,1008,1000
417.618905244726,1008,1000
417.630117010725,1008,1000
417.639832244726,1008,1000
417.648905244726,1008,1000
417.658905244726,1008,1000
417.670180590402,1008,1000
417.678905240216,1008,1000
417.688905240216,1008,1000
417.700855324904,1008,1000
417.709275581401,1008,1000
417.718905235725,1008,1000
417.729859235725,1008,1000
417.739587927077,1008,1000
417.751313324904,1008,1000
417.758905235725,1008,1000
417.768905231234,1008,1000
417.779868231234,1008,1000
417.789468231234,1008,1000
417.799077567909,1008,1000
417.80890522671,1008,1000
417.820828315856,1008,1000
417.82890522671,1008,1000
417.83890522671,1008,1000
417.849230558894,1008,1000
417.860114984748,1008,1000
417.868905222186,1008,1000
417.878905222186,1008,1000
417.888905222186,1008,1000
417.898905222186,1008,1000
417.908905217683,1008,1000
417.919508217683,1008,1000
417.929450303381,1008,1000
417.938905217683,1008,1000
417.948905217683,1008,1000
417.958905217683,1008,1000
417.96890521318,1008,1000
417.97890521318,1008,1000
417.98890521318,1008,1000
417.99890521318,1008,1000
418.009841208696,1008,1000
418.018905208696,1008,1000
418.028905208696,1008,1000
418.038905208696,1008,1000
418.048905208696,1008,1000
418.058905208696,1008,1000
418.068905204212,1008,1000
418.079311513858,1008,1000
418.08964191269,1008,1000
418.098905204212,1008,1000
418.108905199735,1008,1000
418.118905199735,1008,1000
418.128905199735,1008,1000
418.138905199735,1008,1000
418.148905199735,1008,1000
418.158905199735,1008,1000
418.168905195258,1008,1000
418.179847560512,1008,1000
418.188905195258,1008,1000
418.198905195258,1008,1000
418.209587881385,1008,1000
418.218905190822,1008,1000
418.228905190822,1008,1000
418.238905190822,1008,1000
418.249254852284,1008,1000
418.258905190822,1008,1000
418.269571186386,1008,1000
418.278905186386,1008,1000
418.288905186386,1008,1000
418.298905186386,1008,1000
418.308905181941,1008,1000
418.318905181941,1008,1000
418.328905181941,1008,1000
418.338905181941,1008,1000
418.348905181941,1008,1000
418.358905181941,1008,1000
418.368905177496,1008,1000
418.378905177496,1008,1000
418.389803205942,1008,1000
418.398905177496,1008,1000
418.408905173036,1008,1000
418.418905173036,1008,1000
418.428905173036,1008,1000
418.438905173036,1008,1000
418.448905173036,1008,1000
418.459156479928,1008,1000
418.468905168576,1008,1000
418.478905168576,1008,1000
418.489551805758,1008,1000
418.498905168576,1008,1000
418.508905164114,1008,1000
418.518905164114,1008,1000
418.529575967488,1008,1000
418.538905164114,1008,1000
418.548905164114,1008,1000
418.558905164114,1008,1000
418.568905159652,1008,1000
418.578905159652,1008,1000
418.588905159652,1008,1000
418.598905159652,1008,1000
418.608905155201,1008,1000
418.618905155201,1008,1000
418.628905155201,1008,1000
418.638905155201,1008,1000
418.648905155201,1008,1000
418.658905155201,1008,1000
418.66890515075,1008,1000
418.67890515075,1008,1000
418.68890515075,1008,1000
418.69890515075,1008,1000
418.70890514631,1008,1000
418.71890514631,1008,1000
418.72890514631,1008,1000
418.73890514631,1008,1000
418.74890514631,1008,1000
418.75890514631,1008,1000
418.76890514187,1008,1000
418.77890514187,1008,1000
418.789437038147,1008,1000
418.79890514187,1008,1000
418.808905137438,1008,1000
418.818905137438,1008,1000
418.828905137438,1008,1000
418.838905137438,1008,1000
418.848905137438,1008,1000
418.858905137438,1008,1000
418.868905133006,1008,1000
418.878905133006,1008,1000
418.888905133006,1008,1000
418.898905133006,1008,1000
418.908905128578,1008,1000
418.919910625298,1008,1000
418.929666128578,1008,1000
418.938905128578,1008,1000
418.948905128578,1008,1000
418.958905128578,1008,1000
418.96890512415,1008,1000
418.97890512415,1008,1000
418.989380850398,1008,1000
418.99890512415,1008,1000
419.008905119747,1008,1000
419.019751119747,1008,1000
419.028905119747,1008,1000
419.039625119747,1008,1000
419.049496104434,1008,1000
419.059693119747,1008,1000
419.068905115344,1008,1000
419.078905115344,1008,1000
419.0897994269,1008,1000
419.098905115344,1008,1000
419.108905110941,1008,1000
419.118905110941,1008,1000
419.128905110941,1008,1000
419.138905110941,1008,1000
419.148905110941,1008,1000
419.159044638791,1008,1000
419.168905106538,1008,1000
419.178905106538,1008,1000
419.188905106538,1008,1000
419.198905106538,1008,1000
419.208905102116,1008,1000
419.218905102116,1008,1000
419.228905102116,1008,1000
419.238905102116,1008,1000
419.248905102116,1008,1000
419.258905102116,1008,1000
419.268905097694,1008,1000
419.278905097694,1008,1000
419.289846097694,1008,1000
419.298905097694,1008,1000
419.309420170753,1008,1000
419.318905093288,1008,1000
419.328905093288,1008,1000
419.338905093288,1008,1000
419.348905093288,1008,1000
419.359253291932,1008,1000
419.368905088882,1008,1000
419.378905088882,1008,1000
419.388905088882,1008,1000
419.398905088882,1008,1000
419.408905084447,1008,1000
419.418905084447,1008,1000
419.428905084447,1008,1000
419.438905084447,1008,1000
419.448905084447,1008,1000
419.458905084447,1008,1000
419.468905080012,1008,1000
419.478905080012,1008,1000
419.488905080012,1008,1000
419.498905080012,1008,1000
419.508905075596,1008,1000
419.518905075596,1008,1000
419.528905075596,1008,1000
419.538905075596,1008,1000
419.548905075596,1008,1000
419.558905075596,1008,1000
419.569488241452,1008,1000
419.57890507118,1008,1000
419.58890507118,1008,1000
419.600059932408,1008,1000
419.609900066733,1008,1000
419.618905066733,1008,1000
419.629859066733,1008,1000
419.638905066733,1008,1000
419.648905066733,1008,1000
419.658905066733,1008,1000
419.669503095644,1008,1000
419.679091229969,1008,1000
419.688905062286,1008,1000
419.699293229969,1008,1000
419.708905057833,1008,1000
419.718905057833,1008,1000
419.728905057833,1008,1000
419.738905057833,1008,1000
419.749954057833,1008,1000
419.758905057833,1008,1000
419.76890505338,1008,1000
419.77890505338,1008,1000
419.78890505338,1008,1000
419.79890505338,1008,1000
419.80890504894,1008,1000
419.819244207723,1008,1000
419.829394307662,1008,1000
419.83890504894,1008,1000
419.84890504894,1008,1000
419.85890504894,1008,1000
419.8689050445,1008,1000
419.8789050445,1008,1000
419.8889050445,1008,1000
419.8996880445,1008,1000
419.908905040029,1008,1000
419.918905040029,1008,1000
419.928905040029,1008,1000
419.938905040029,1008,1000
419.948905040029,1008,1000
419.958905040029,1008,1000
419.968905035558,1008,1000
419.978905035558,1008,1000
419.989370173657,1008,1000
419.998905035558,1008,1000
420.008905031067,1008,1000
420.018905031067,1008,1000
420.028905031067,1008,1000
420.038905031067,1008,1000
420.048905031067,1008,1000
420.058905031067,1008,1000
420.068905026576,1008,1000
420.078905026576,1008,1000
420.08935437825,1008,1000
420.098905026576,1008,1000
420.108905022058,1008,1000
420.118905022058,1008,1000
420.128905022058,1008,1000
420.138905022058,1008,1000
420.148905022058,1008,1000
420.158905022058,1008,1000
420.16890501754,1008,1000
420.17890501754,1008,1000
420.189475524495,1008,1000
420.19890501754,1008,1000
420.208905013027,1008,1000
420.218905013027,1008,1000
420.228905013027,1008,1000
420.238905013027,1008,1000
420.248905013027,1008,1000
420.258905013027,1008,1000
420.268905008514,1008,1000
420.279754751276,1008,1000
420.288905008514,1008,1000
420.298905008514,1008,1000
420.308905004,1008,1000
420.318905004,1008,1000
420.328905004,1008,1000
420.338905004,1008,1000
420.349332444255,1008,1000
420.358905004,1008,1000
420.368904999486,1008,1000
420.378904999486,1008,1000
420.388904999486,1008,1000
420.398904999486,1008,1000
420.408904994991,1008,1000
420.418904994991,1008,1000
420.428904994991,1008,1000
420.438904994991,1008,1000
420.448904994991,1008,1000
420.458904994991,1008,1000
420.468904990496,1008,1000
420.478904990496,1008,1000
420.488904990496,1008,1000
420.498904990496,1008,1000
420.508904985986,1008,1000
420.518904985986,1008,1000
420.528904985986,1008,1000
420.539651985986,1008,1000
420.548904985986,1008,1000
420.558904985986,1008,1000
420.568904981476,1008,1000
420.578904981476,1008,1000
420.588904981476,1008,1000
420.598904981476,1008,1000
420.60926551029,1008,1000
420.618904976966,1008,1000
420.628904976966,1008,1000
420.638904976966,1008,1000
420.648913652921,1008,1000
420.658904976966,1008,1000
420.668904972456,1008,1000
420.678904972456,1008,1000
420.688904972456,1008,1000
420.698904972456,1008,1000
420.708904967963,1008,1000
420.7199080479,1008,1000
420.728904967963,1008,1000
420.738904967963,1008,1000
420.748904967963,1008,1000
420.758904967963,1008,1000
420.76890496347,1008,1000
420.77890496347,1008,1000
420.78913511232,1008,1000
420.79890496347,1008,1000
420.808904958986,1008,1000
420.818904958986,1008,1000
420.828904958986,1008,1000
420.838904958986,1008,1000
420.848904958986,1008,1000
420.858904958986,1008,1000
420.869144580863,1008,1000
420.878904954502,1008,1000
420.888904954502,1008,1000
420.898904954502,1008,1000
420.908904950035,1008,1000
420.918904950035,1008,1000
420.928904950035,1008,1000
420.938904950035,1008,1000
420.948904950035,1008,1000
420.958904950035,1008,1000
420.968904945568,1008,1000
420.979371136741,1008,1000
420.988904945568,1008,1000
420.998904945568,1008,1000
421.009714941076,1008,1000
421.018904941076,1008,1000
421.028904941076,1008,1000
421.038904941076,1008,1000
421.048904941076,1008,1000
421.058904941076,1008,1000
421.069885936584,1008,1000
421.07913997861,1008,1000
421.088904936584,1008,1000
421.098904936584,1008,1000
421.108904932083,1008,1000
421.118904932083,1008,1000
421.129041646953,1008,1000
421.139175969617,1008,1000
421.148904932083,1008,1000
421.158904932083,1008,1000
421.168904927582,1008,1000
421.178904927582,1008,1000
421.189244122191,1008,1000
421.198904927582,1008,1000
421.208904923383,1008,1000
421.218904923383,1008,1000
421.228904923383,1008,1000
421.238904923383,1008,1000
421.248904923383,1008,1000
421.259530923383,1008,1000
421.268904919184,1008,1000
421.278904919184,1008,1000
421.291451919184,1008,1000
421.298904919184,1008,1000
421.308904915149,1008,1000
421.318904915149,1008,1000
421.328904915149,1008,1000
421.338904915149,1008,1000
421.348904915149,1008,1000
421.360837004784,1008,1000
421.368904911114,1008,1000
421.378904911114,1008,1000
421.389010718269,1008,1000
421.398904911114,1008,1000
421.410056029303,1008,1000
421.418904907075,1008,1000
421.428904907075,1008,1000
421.438904907075,1008,1000
421.449589309382,1008,1000
421.458904907075,1008,1000
421.468904903036,1008,1000
421.479346033289,1008,1000
421.488904903036,1008,1000
421.498904903036,1008,1000
421.508904898681,1008,1000
421.518904898681,1008,1000
421.528904898681,1008,1000
421.538904898681,1008,1000
421.548904898681,1008,1000
421.558904898681,1008,1000
421.568904894326,1008,1000
421.578904894326,1008,1000
421.588904894326,1008,1000
421.598904894326,1008,1000
421.608904889857,1008,1000
421.618904889857,1008,1000
421.628904889857,1008,1000
421.638904889857,1008,1000
421.649024784956,1008,1000
421.658904889857,1008,1000
421.668904885388,1008,1000
421.678904885388,1008,1000
421.688904885388,1008,1000
421.698904885388,1008,1000
421.708904880919,1008,1000
421.71910145263,1008,1000
421.728904880919,1008,1000
421.738904880919,1008,1000
421.748904880919,1008,1000
421.758904880919,1008,1000
421.76890487645,1008,1000
421.77890487645,1008,1000
421.78890487645,1008,1000
421.79890487645,1008,1000
421.808904871986,1008,1000
421.818904871986,1008,1000
421.828904871986,1008,1000
421.839550920456,1008,1000
421.848904871986,1008,1000
421.858904871986,1008,1000
421.868904867522,1008,1000
421.878904867522,1008,1000
421.888904867522,1008,1000
421.898904867522,1008,1000
421.909930863055,1008,1000
421.918904863055,1008,1000
421.928904863055,1008,1000
421.938904863055,1008,1000
421.948904863055,1008,1000
421.958904863055,1008,1000
421.968904858588,1008,1000
421.979121822593,1008,1000
421.988904858588,1008,1000
421.998904858588,1008,1000
422.008904854127,1008,1000
422.018904854127,1008,1000
422.028904854127,1008,1000
422.038904854127,1008,1000
422.048904854127,1008,1000
422.058904854127,1008,1000
422.068904849666,1008,1000
422.078904849666,1008,1000
422.088904849666,1008,1000
422.098904849666,1008,1000
422.108904845205,1008,1000
422.118904845205,1008,1000
422.128904845205,1008,1000
422.139530845205,1008,1000
422.148904845205,1008,1000
422.158904845205,1008,1000
422.171007957098,1008,1000
422.178904840744,1008,1000
422.188904840744,1008,1000
422.198904840744,1008,1000
422.208904836281,1008,1000
422.218904836281,1008,1000
422.228904836281,1008,1000
422.239039858965,1008,1000
422.248904836281,1008,1000
422.258904836281,1008,1000
422.268904831818,1008,1000
422.278904831818,1008,1000
422.288904831818,1008,1000
422.298904831818,1008,1000
422.310178827373,1008,1000
422.318904827373,1008,1000
422.328904827373,1008,1000
422.338904827373,1008,1000
422.348904827373,1008,1000
422.358904827373,1008,1000
422.368904822928,1008,1000
422.379594751251,1008,1000
422.388904822928,1008,1000
422.398904822928,1008,1000
422.408904818486,1008,1000
422.418904818486,1008,1000
422.429111987934,1008,1000
422.438904818486,1008,1000
422.448904818486,1008,1000
422.458904818486,1008,1000
422.468904814044,1008,1000
422.478904814044,1008,1000
422.488904814044,1008,1000
422.498904814044,1008,1000
422.509571822088,1008,1000
422.518904809604,1008,1000
422.528904809604,1008,1000
422.538904809604,1008,1000
422.548904809604,1008,1000
422.558904809604,1008,1000
422.568904805164,1008,1000
422.578904805164,1008,1000
422.588904805164,1008,1000
422.598904805164,1008,1000
422.608904800719,1008,1000
422.619999578427,1008,1000
422.628904800719,1008,1000
422.638904800719,1008,1000
422.648904800719,1008,1000
422.658904800719,1008,1000
422.668904796274,1008,1000
422.678904796274,1008,1000
422.689244475651,1008,1000
422.699651796274,1008,1000
422.708904791854,1008,1000
422.718904791854,1008,1000
422.728904791854,1008,1000
422.738904791854,1008,1000
422.748904791854,1008,1000
422.758904791854,1008,1000
422.769701787434,1008,1000
422.778904787434,1008,1000
422.789331447318,1008,1000
422.798904787434,1008,1000
422.809490754056,1008,1000
422.818904783017,1008,1000
422.828904783017,1008,1000
422.838904783017,1008,1000
422.848904783017,1008,1000
422.858904783017,1008,1000
422.8689047786,1008,1000
422.8789047786,1008,1000
422.8889047786,1008,1000
422.8989047786,1008,1000
422.908904774186,1008,1000
422.918904774186,1008,1000
422.928904774186,1008,1000
422.938904774186,1008,1000
422.948924124898,1008,1000
422.958904774186,1008,1000
422.968904769772,1008,1000
422.9795956093,1008,1000
422.988904769772,1008,1000
422.998918209948,1008,1000
423.00890476535,1008,1000
423.018965991198,1008,1000
423.02890476535,1008,1000
423.03890476535,1008,1000
423.04890476535,1008,1000
423.05890476535,1008,1000
423.069621802686,1008,1000
423.078904760928,1008,1000
423.088904760928,1008,1000
423.098904760928,1008,1000
423.108904756492,1008,1000
423.118904756492,1008,1000
423.128904756492,1008,1000
423.138904756492,1008,1000
423.148904756492,1008,1000
423.158904756492,1008,1000
423.168904752056,1008,1000
423.178904752056,1008,1000
423.188904752056,1008,1000
423.198904752056,1008,1000
423.208992191185,1008,1000
423.218904747651,1008,1000
423.228904747651,1008,1000
423.238904747651,1008,1000
423.248904747651,1008,1000
423.258904747651,1008,1000
423.268904743246,1008,1000
423.278904743246,1008,1000
423.288904743246,1008,1000
423.298904743246,1008,1000
423.309766259085,1008,1000
423.318904738866,1008,1000
423.329644846911,1008,1000
423.338904738866,1008,1000
423.348904738866,1008,1000
423.358904738866,1008,1000
423.368904734486,1008,1000
423.379182094521,1008,1000
423.388904734486,1008,1000
423.398904734486,1008,1000
423.408904730091,1008,1000
423.418904730091,1008,1000
423.428904730091,1008,1000
423.438904730091,1008,1000
423.448904730091,1008,1000
423.458904730091,1008,1000
423.468904725696,1008,1000
423.478904725696,1008,1000
423.488904725696,1008,1000
423.498904725696,1008,1000
423.508904721315,1008,1000
423.518904721315,1008,1000
423.528904721315,1008,1000
423.538904721315,1008,1000
423.548904721315,1008,1000
423.558904721315,1008,1000
423.568904716934,1008,1000
423.578904716934,1008,1000
423.589676891373,1008,1000
423.598904716934,1008,1000
423.608904712577,1008,1000
423.618904712577,1008,1000
423.628904712577,1008,1000
423.638904712577,1008,1000
423.648904712577,1008,1000
423.658904712577,1008,1000
423.66890470822,1008,1000
423.679998377448,1008,1000
423.68890470822,1008,1000
423.699785382882,1008,1000
423.708904703844,1008,1000
423.718904703844,1008,1000
423.728904703844,1008,1000
423.738904703844,1008,1000
423.749225182242,1008,1000
423.758904703844,1008,1000
423.7692011833,1008,1000
423.778904699468,1008,1000
423.788904699468,1008,1000
423.798904699468,1008,1000
423.808904695114,1008,1000
423.818904695114,1008,1000
423.828904695114,1008,1000
423.838904695114,1008,1000
423.84954694037,1008,1000
423.858904695114,1008,1000
423.86890469076,1008,1000
423.87890469076,1008,1000
423.88890469076,1008,1000
423.89890469076,1008,1000
423.908904686416,1008,1000
423.918904686416,1008,1000
423.928904686416,1008,1000
423.938904686416,1008,1000
423.948904686416,1008,1000
423.958904686416,1008,1000
423.968904682072,1008,1000
423.978904682072,1008,1000
423.988904682072,1008,1000
423.998904682072,1008,1000
424.008904677741,1008,1000
424.018904677741,1008,1000
424.028904677741,1008,1000
424.038904677741,1008,1000
424.048904677741,1008,1000
424.058904677741,1008,1000
424.06890467341,1008,1000
424.07890467341,1008,1000
424.08890467341,1008,1000
424.09890467341,1008,1000
424.109371980829,1008,1000
424.118904669052,1008,1000
424.128904669052,1008,1000
424.138904669052,1008,1000
424.148904669052,1008,1000
424.158904669052,1008,1000
424.168904664694,1008,1000
424.178904664694,1008,1000
424.188904664694,1008,1000
424.198904664694,1008,1000
424.208904660382,1008,1000
424.218904660382,1008,1000
424.229257316263,1008,1000
424.238904660382,1008,1000
424.248904465797,1008,1000
424.258904660382,1008,1000
424.26890465607,1008,1000
424.27890465607,1008,1000
424.28890465607,1008,1000
424.29890465607,1008,1000
424.308904651762,1008,1000
424.318904651762,1008,1000
424.328904651762,1008,1000
424.338904651762,1008,1000
424.348904651762,1008,1000
424.358904651762,1008,1000
424.369575030111,1008,1000
424.378904647454,1008,1000
424.388904647454,1008,1000
424.398904647454,1008,1000
424.408904643124,1008,1000
424.418904643124,1008,1000
424.428904643124,1008,1000
424.438904643124,1008,1000
424.448904643124,1008,1000
424.458904643124,1008,1000
424.468904638794,1008,1000
424.478904638794,1008,1000
424.490204602799,1008,1000
424.498904638794,1008,1000
424.508904634489,1008,1000
424.518904634489,1008,1000
424.528904634489,1008,1000
424.538904634489,1008,1000
424.548904634489,1008,1000
424.559503338238,1008,1000
424.568904630184,1008,1000
424.578904630184,1008,1000
424.58997226143,1008,1000
424.59974702416,1008,1000
424.60890462588,1008,1000
424.61890462588,1008,1000
424.630751185336,1008,1000
424.63890462588,1008,1000
424.648907961014,1008,1000
424.65919898826,1008,1000
424.668955746686,1008,1000
424.678904621576,1008,1000
424.688904621576,1008,1000
424.699977907862,1008,1000
424.708904617282,1008,1000
424.718904617282,1008,1000
424.728904617282,1008,1000
424.738904617282,1008,1000
424.748904617282,1008,1000
424.758904617282,1008,1000
424.7692676218,1008,1000
424.778904612988,1008,1000
424.788904612988,1008,1000
424.798904612988,1008,1000
424.808904608696,1008,1000
424.818904608696,1008,1000
424.829729003669,1008,1000
424.838904608696,1008,1000
424.848904608696,1008,1000
424.858904608696,1008,1000
424.868904604404,1008,1000
424.878904604404,1008,1000
424.889414120328,1008,1000
424.899081709023,1008,1000
424.908904600119,1008,1000
424.918904600119,1008,1000
424.928904600119,1008,1000
424.938904600119,1008,1000
424.948904600119,1008,1000
424.958904600119,1008,1000
424.968904595834,1008,1000
424.978904595834,1008,1000
424.988904595834,1008,1000
424.998904595834,1008,1000
425.008904591577,1008,1000
425.018904591577,1008,1000
425.028904591577,1008,1000
425.038904591577,1008,1000
425.048904591577,1008,1000
425.058904591577,1008,1000
425.06890458732,1008,1000
425.07890458732,1008,1000
425.08890458732,1008,1000
425.09890458732,1008,1000
425.108904583032,1008,1000
425.118904583032,1008,1000
425.128904583032,1008,1000
425.138904583032,1008,1000
425.149419169964,1008,1000
425.158904583032,1008,1000
425.168904578744,1008,1000
425.178904578744,1008,1000
425.188904578744,1008,1000
425.198904578744,1008,1000
425.208904574491,1008,1000
425.218904574491,1008,1000
425.228904574491,1008,1000
425.238904574491,1008,1000
425.248904574491,1008,1000
425.258904574491,1008,1000
425.268904570238,1008,1000
425.278904570238,1008,1000
425.288904570238,1008,1000
425.298904570238,1008,1000
425.308904565983,1008,1000
425.318904565983,1008,1000
425.328904565983,1008,1000
425.338904565983,1008,1000
425.348904565983,1008,1000
425.358904565983,1008,1000
425.368904561728,1008,1000
425.378904561728,1008,1000
425.388904561728,1008,1000
425.398904561728,1008,1000
425.409459980756,1008,1000
425.419930557475,1008,1000
425.428904557475,1008,1000
425.438904557475,1008,1000
425.448904557475,1008,1000
425.458904557475,1008,1000
425.468904553222,1008,1000
425.478904553222,1008,1000
425.489211211647,1008,1000
425.498904553222,1008,1000
425.508904548993,1008,1000
425.518904548993,1008,1000
425.528904548993,1008,1000
425.538904548993,1008,1000
425.548904548993,1008,1000
425.558904548993,1008,1000
425.568904544764,1008,1000
425.578904544764,1008,1000
425.588904544764,1008,1000
425.598904544764,1008,1000
425.608904540547,1008,1000
425.618904540547,1008,1000
425.628904540547,1008,1000
425.638904540547,1008,1000
425.648904540547,1008,1000
425.658904540547,1008,1000
425.669384814214,1008,1000
425.67890453633,1008,1000
425.68890453633,1008,1000
425.69890453633,1008,1000
425.708904532115,1008,1000
425.718904532115,1008,1000
425.728904532115,1008,1000
425.738904532115,1008,1000
425.748904532115,1008,1000
425.758904532115,1008,1000
425.7689045279,1008,1000
425.7789045279,1008,1000
425.7889045279,1008,1000
425.7989045279,1008,1000
425.808904523684,1008,1000
425.818904523684,1008,1000
425.828904523684,1008,1000
425.839827523684,1008,1000
425.848904523684,1008,1000
425.858904523684,1008,1000
425.868904519468,1008,1000
425.878904519468,1008,1000
425.888904519468,1008,1000
425.898904519468,1008,1000
425.90929713992,1008,1000
425.918904515286,1008,1000
425.929317306942,1008,1000
425.938904515286,1008,1000
425.948904515286,1008,1000
425.958904515286,1008,1000
425.968904511104,1008,1000
425.978904511104,1008,1000
425.988904511104,1008,1000
426.000063175446,1008,1000
426.008904506937,1008,1000
426.018904506937,1008,1000
426.028904506937,1008,1000
426.038904506937,1008,1000
426.048904506937,1008,1000
426.059468824715,1008,1000
426.069352779166,1008,1000
426.07890450277,1008,1000
426.08890450277,1008,1000
426.09890450277,1008,1000
426.108904498595,1008,1000
426.118904498595,1008,1000
426.128904498595,1008,1000
426.138904498595,1008,1000
426.148904498595,1008,1000
426.158904498595,1008,1000
426.16890449442,1008,1000
426.17890449442,1008,1000
426.189304353102,1008,1000
426.19890449442,1008,1000
426.208904491154,1008,1000
426.218904491154,1008,1000
426.228904491154,1008,1000
426.238904491154,1008,1000
426.248904491154,1008,1000
426.258904491154,1008,1000
426.268904487888,1008,1000
426.278904487888,1008,1000
426.288904487888,1008,1000
426.298904487888,1008,1000
426.308904485636,1008,1000
426.318904485636,1008,1000
426.328904485636,1008,1000
426.339950011334,1008,1000
426.348904485636,1008,1000
426.358904485636,1008,1000
426.368904483384,1008,1000
426.378904483384,1008,1000
426.388904483384,1008,1000
426.398904483384,1008,1000
426.409383593457,1008,1000
426.418904481173,1008,1000
426.428904481173,1008,1000
426.438904481173,1008,1000
426.449228413887,1008,1000
426.458904481173,1008,1000
426.468904478962,1008,1000
426.478904478962,1008,1000
426.488904478962,1008,1000
426.498910697438,1008,1000
426.510078934618,1008,1000
426.518904476801,1008,1000
426.528904476801,1008,1000
426.538904476801,1008,1000
426.548904476801,1008,1000
426.558904476801,1008,1000
426.56890447464,1008,1000
426.579359510208,1008,1000
426.58890447464,1008,1000
426.59890447464,1008,1000
426.608904471231,1008,1000
426.618904471231,1008,1000
426.628956973391,1008,1000
426.638904471231,1008,1000
426.648904471231,1008,1000
426.658904471231,1008,1000
426.668904467822,1008,1000
426.678904467822,1008,1000
426.688904467822,1008,1000
426.698904467822,1008,1000
426.709260468264,1008,1000
426.718904463781,1008,1000
426.728904463781,1008,1000
426.738904463781,1008,1000
426.748904463781,1008,1000
426.758904463781,1008,1000
426.76890445974,1008,1000
426.77890445974,1008,1000
426.78890445974,1008,1000
426.79890445974,1008,1000
426.808904455697,1008,1000
426.818904455697,1008,1000
426.828904455697,1008,1000
426.838904455697,1008,1000
426.848904455697,1008,1000
426.858904455697,1008,1000
426.868904451654,1008,1000
426.878904451654,1008,1000
426.888904451654,1008,1000
426.898904451654,1008,1000
426.908904447638,1008,1000
426.918904447638,1008,1000
426.928904447638,1008,1000
426.938904447638,1008,1000
426.948904447638,1008,1000
426.958904447638,1008,1000
426.969229519571,1008,1000
426.978904443622,1008,1000
426.988904443622,1008,1000
426.998904443622,1008,1000
427.008904439606,1008,1000
427.018904439606,1008,1000
427.028904439606,1008,1000
427.038904439606,1008,1000
427.048904439606,1008,1000
427.058904439606,1008,1000
427.06890443559,1008,1000
427.07890443559,1008,1000
427.08890443559,1008,1000
427.09890443559,1008,1000
427.108904431608,1008,1000
427.118904431608,1008,1000
427.128904431608,1008,1000
427.138904431608,1008,1000
427.150043278461,1008,1000
427.158904431608,1008,1000
427.168904427626,1008,1000
427.178904427626,1008,1000
427.188904427626,1008,1000
427.198904427626,1008,1000
427.208904423657,1008,1000
427.219503803068,1008,1000
427.229243567142,1008,1000
427.238904423657,1008,1000
427.248904423657,1008,1000
427.258904423657,1008,1000
427.26972057051,1008,1000
427.278904419688,1008,1000
427.288904419688,1008,1000
427.298904419688,1008,1000
427.308904415704,1008,1000
427.318904415704,1008,1000
427.328904415704,1008,1000
427.339028087164,1008,1000
427.348904415704,1008,1000
427.359174862571,1008,1000
427.36890441172,1008,1000
427.37890441172,1008,1000
427.38890441172,1008,1000
427.39890441172,1008,1000
427.408904407755,1008,1000
427.418989043557,1008,1000
427.428904407755,1008,1000
427.438904407755,1008,1000
427.448904407755,1008,1000
427.458904407755,1008,1000
427.46890440379,1008,1000
427.47890440379,1008,1000
427.489108146707,1008,1000
427.49890440379,1008,1000
427.508904399862,1008,1000
427.518904399862,1008,1000
427.528904399862,1008,1000
427.538904399862,1008,1000
427.548904399862,1008,1000
427.558904399862,1008,1000
427.568904395934,1008,1000
427.578904395934,1008,1000
427.588904395934,1008,1000
427.598904395934,1008,1000
427.608904392041,1008,1000
427.618904392041,1008,1000
427.628904392041,1008,1000
427.638904392041,1008,1000
427.648904392041,1008,1000
427.658904392041,1008,1000
427.668904388148,1008,1000
427.678904388148,1008,1000
427.689346070453,1008,1000
427.698904388148,1008,1000
427.708904384277,1008,1000
427.718904384277,1008,1000
427.728904384277,1008,1000
427.738904384277,1008,1000
427.748904384277,1008,1000
427.759683384277,1008,1000
427.769788727489,1008,1000
427.778904380406,1008,1000
427.788904380406,1008,1000
427.798904380406,1008,1000
427.808904376587,1008,1000
427.818904376587,1008,1000
427.828904376587,1008,1000
427.839015205026,1008,1000
427.848904376587,1008,1000
427.858904376587,1008,1000
427.868904372768,1008,1000
427.878904372768,1008,1000
427.888904372768,1008,1000
427.898904372768,1008,1000
427.908904368973,1008,1000
427.918904368973,1008,1000
427.928904368973,1008,1000
427.938904368973,1008,1000
427.948904368973,1008,1000
427.958904368973,1008,1000
427.968904365178,1008,1000
427.978904365178,1008,1000
427.988904365178,1008,1000
427.998904365178,1008,1000
428.008904361434,1008,1000
428.018904361434,1008,1000
428.028904361434,1008,1000
428.038904361434,1008,1000
428.048904361434,1008,1000
428.058904361434,1008,1000
428.06890435769,1008,1000
428.07890435769,1008,1000
428.08890435769,1008,1000
428.09890435769,1008,1000
428.108904353972,1008,1000
428.118904353972,1008,1000
428.128904353972,1008,1000
428.138904353972,1008,1000
428.148904353972,1008,1000
428.158904353972,1008,1000
428.168904350254,1008,1000
428.178904350254,1008,1000
428.188904350254,1008,1000
428.198904350254,1008,1000
428.208904346579,1008,1000
428.218904346579,1008,1000
428.228904346579,1008,1000
428.238904346579,1008,1000
428.248904346579,1008,1000
428.258904346579,1008,1000
428.268996338982,1008,1000
428.278904342904,1008,1000
428.288904342904,1008,1000
428.298904342904,1008,1000
428.308904339263,1008,1000
428.318904339263,1008,1000
428.328904339263,1008,1000
428.338904339263,1008,1000
428.348904339263,1008,1000
428.358904339263,1008,1000
428.368904335622,1008,1000
428.378904335622,1008,1000
428.388904335622,1008,1000
428.398904335622,1008,1000
428.408904331991,1008,1000
428.418904331991,1008,1000
428.428904331991,1008,1000
428.438904331991,1008,1000
428.448904331991,1008,1000
428.458904331991,1008,1000
428.46890432836,1008,1000
428.47890432836,1008,1000
428.48890432836,1008,1000
428.49890432836,1008,1000
428.508904324777,1008,1000
428.518904324777,1008,1000
428.528992162889,1008,1000
428.538975047209,1008,1000
428.548904324777,1008,1000
428.558904324777,1008,1000
428.568904321194,1008,1000
428.578904321194,1008,1000
428.588904321194,1008,1000
428.598904321194,1008,1000
428.608904317642,1008,1000
428.618904317642,1008,1000
428.628904317642,1008,1000
428.638904317642,1008,1000
428.650075372515,1008,1000
428.658904317642,1008,1000
428.66890431409,1008,1000
428.67890431409,1008,1000
428.68890431409,1008,1000
428.69890431409,1008,1000
428.708904310568,1008,1000
428.720800400716,1008,1000
428.728904310568,1008,1000
428.738904310568,1008,1000
428.748904310568,1008,1000
428.758904310568,1008,1000
428.768904307046,1008,1000
428.778904307046,1008,1000
428.788904307046,1008,1000
428.798904307046,1008,1000
428.808904303555,1008,1000
428.818904303555,1008,1000
428.828904303555,1008,1000
428.838904303555,1008,1000
428.848904303555,1008,1000
428.858904303555,1008,1000
428.868904300064,1008,1000
428.878904300064,1008,1000
428.888904300064,1008,1000
428.898904300064,1008,1000
428.908904296627,1008,1000
428.918904296627,1008,1000
428.928904296627,1008,1000
428.938904296627,1008,1000
428.948904296627,1008,1000
428.959961558373,1008,1000
428.96890429319,1008,1000
428.97890429319,1008,1000
428.98890429319,1008,1000
428.99890429319,1008,1000
429.008904289783,1008,1000
429.018904289783,1008,1000
429.029205949106,1008,1000
429.038904289783,1008,1000
429.048904289783,1008,1000
429.058904289783,1008,1000
429.068904286376,1008,1000
429.07955517483,1008,1000
429.088904286376,1008,1000
429.098904286376,1008,1000
429.111007373316,1008,1000
429.118904283011,1008,1000
429.128904283011,1008,1000
429.138904283011,1008,1000
429.148904283011,1008,1000
429.158904283011,1008,1000
429.168904279646,1008,1000
429.178904279646,1008,1000
429.188904279646,1008,1000
429.198904279646,1008,1000
429.208904276338,1008,1000
429.218904276338,1008,1000
429.228904276338,1008,1000
429.238904276338,1008,1000
429.248904276338,1008,1000
429.258904276338,1008,1000
429.26890427303,1008,1000
429.27890427303,1008,1000
429.28890427303,1008,1000
429.29890427303,1008,1000
429.308904269746,1008,1000
429.318904269746,1008,1000
429.328904269746,1008,1000
429.338904269746,1008,1000
429.348904269746,1008,1000
429.358904269746,1008,1000
429.368904266462,1008,1000
429.378904266462,1008,1000
429.388904266462,1008,1000
429.398904266462,1008,1000
429.408904263249,1008,1000
429.418904263249,1008,1000
429.428904263249,1008,1000
429.438904263249,1008,1000
429.448904263249,1008,1000
429.458904263249,1008,1000
429.468904260036,1008,1000
429.478904260036,1008,1000
429.488904260036,1008,1000
429.498904260036,1008,1000
429.508904256875,1008,1000
429.518904256875,1008,1000
429.528904256875,1008,1000
429.538904256875,1008,1000
429.548904256875,1008,1000
429.558904256875,1008,1000
429.569158069356,1008,1000
429.578904253714,1008,1000
429.588904253714,1008,1000
429.598904253714,1008,1000
429.608904250599,1008,1000
429.618904250599,1008,1000
429.628904250599,1008,1000
429.638904250599,1008,1000
429.648904250599,1008,1000
429.658904250599,1008,1000
429.668904247484,1008,1000
429.678904247484,1008,1000
429.688904247484,1008,1000
429.698904247484,1008,1000
429.708904244472,1008,1000
429.718904244472,1008,1000
429.728904244472,1008,1000
429.738904244472,1008,1000
429.748904244472,1008,1000
429.758904244472,1008,1000
429.76890424146,1008,1000
429.77890424146,1008,1000
429.78890424146,1008,1000
429.79890424146,1008,1000
429.808921234408,1008,1000
429.818904238578,1008,1000
429.82896902008,1008,1000
429.838904238578,1008,1000
429.848904238578,1008,1000
429.858904238578,1008,1000
429.868904235696,1008,1000
429.878904235696,1008,1000
429.888904235696,1008,1000
429.898904235696,1008,1000
429.909752606808,1008,1000
429.91890423288,1008,1000
429.92890423288,1008,1000
429.93890423288,1008,1000
429.94890423288,1008,1000
429.95890423288,1008,1000
429.968904230064,1008,1000
429.979149937822,1008,1000
429.988904230064,1008,1000
429.998904230064,1008,1000
430.008904227318,1008,
430.018904227318,1008,
430.029557985832,1008,
430.038904227318,1008,
430.048904227318,1008,
430.058904227318,1008,
